200 5000
126 163 50 9 1
176 188 61 40 35
5 128 60 37 34
56 81 88 81 76
39 43 82 40 6
12 86 51 21 21
143 166 8 6 5
186 198 24 15 11
130 185 53 31 29
12 131 97 77 77
133 162 66 52 51
196 198 100 50 34
63 192 72 38 8
130 172 47 32 23
98 184 12 6 1
141 165 82 46 18
78 116 67 23 23
70 83 85 65 55
37 92 98 53 12
24 56 46 13 3
189 200 97 78 67
191 194 36 18 0
29 74 84 61 53
15 21 75 25 15
100 157 14 2 0
118 156 37 19 16
72 123 65 59 55
131 163 96 77 62
109 165 64 28 25
31 143 43 25 19
82 131 52 19 15
67 136 69 43 38
5 72 72 48 33
153 160 77 33 7
111 113 76 41 40
118 197 57 22 8
57 118 4 3 3
84 122 100 93 86
124 156 4 1 0
147 183 32 10 1
5 127 32 13 11
17 52 33 28 26
49 145 26 20 15
4 13 56 11 0
192 193 57 25 4
157 189 71 22 11
108 183 69 20 6
70 82 90 48 48
27 108 76 48 25
128 131 8 5 5
87 197 55 41 33
25 123 60 15 7
38 187 90 26 22
123 150 38 13 3
77 158 15 6 4
163 174 5 5 5
131 132 63 58 55
141 169 99 28 19
4 193 73 69 68
17 31 9 2 2
91 145 20 17 16
197 199 11 11 11
164 182 81 74 74
151 174 67 50 50
194 200 82 61 40
39 67 86 45 19
76 169 28 19 17
40 123 75 64 57
156 193 96 65 43
63 99 50 15 2
109 170 11 10 9
197 200 88 76 70
24 147 12 4 4
158 160 1 0 0
181 187 49 28 27
69 119 89 37 16
132 187 51 40 39
117 160 9 4 2
78 85 82 13 4
90 118 74 32 26
6 43 68 38 26
54 96 65 50 44
23 48 89 39 11
116 199 50 40 40
42 104 9 5 1
94 186 24 20 18
14 152 1 0 0
186 187 15 15 15
195 200 44 26 21
87 154 75 14 3
124 142 82 49 28
80 177 66 58 54
112 145 46 39 36
146 163 61 23 1
96 158 66 44 34
160 171 84 31 31
186 195 57 48 48
186 188 48 5 0
25 71 78 74 72
112 200 15 2 2
115 175 3 0 0
31 34 95 60 43
124 137 43 21 14
119 132 22 20 20
45 130 41 38 38
10 16 75 32 24
47 96 4 2 2
97 143 68 24 14
31 72 9 9 9
40 149 43 14 11
152 200 9 4 4
194 199 81 65 64
41 98 3 0 0
186 196 12 9 7
174 177 91 56 45
117 124 76 62 59
97 176 60 30 14
90 148 69 34 13
60 184 59 50 41
48 165 65 57 55
15 197 54 27 23
181 191 54 37 36
87 109 51 40 38
120 172 43 41 41
28 35 32 29 27
21 61 75 21 9
172 191 49 9 6
127 164 9 9 9
8 94 2 2 2
159 199 0 0 0
122 172 10 8 8
36 47 52 22 19
81 107 8 4 2
176 191 37 23 15
47 66 47 45 43
189 193 11 5 1
81 135 44 26 11
28 197 8 5 3
3 36 93 28 3
17 73 59 17 12
92 144 59 23 9
63 121 44 40 36
38 194 53 47 47
20 191 62 47 40
97 160 20 16 15
176 198 99 51 40
101 161 72 14 0
90 111 33 30 29
174 186 74 57 41
4 153 88 46 46
180 181 9 3 2
67 129 72 23 7
51 63 100 89 82
78 125 28 12 5
39 135 21 17 14
62 189 25 18 12
110 181 44 23 3
13 182 21 6 4
48 96 59 44 37
77 92 34 14 7
125 138 2 0 0
47 87 80 63 46
173 197 80 63 52
171 200 65 56 54
160 190 36 24 23
166 190 87 11 6
33 182 45 44 44
28 145 53 38 24
107 164 97 88 84
70 188 57 31 6
126 186 51 35 26
193 196 94 48 40
164 177 29 15 12
166 169 10 9 8
81 195 49 1 0
115 186 40 16 3
187 190 35 27 21
134 145 48 46 46
182 195 25 5 4
97 123 34 20 18
67 97 71 60 58
161 172 47 31 21
49 164 77 39 24
84 169 85 39 23
10 163 19 11 6
21 50 55 25 18
109 122 84 84 84
72 95 15 6 4
72 121 3 3 3
181 184 68 52 39
22 162 36 34 34
111 124 89 84 83
20 198 6 3 2
81 119 59 58 58
127 156 47 27 16
158 186 20 13 12
184 196 67 36 35
102 164 62 41 40
83 185 73 36 11
70 122 43 34 26
57 151 96 57 24
42 194 59 44 38
191 199 52 34 20
122 183 37 26 17
118 136 14 10 6
35 129 85 75 66
156 172 86 27 11
20 163 70 42 18
4 28 45 32 28
166 181 26 13 5
74 120 95 59 40
163 168 20 12 11
58 194 41 9 9
116 200 88 78 78
18 40 61 20 18
163 200 43 17 12
181 200 67 50 37
18 132 52 31 11
74 173 11 5 2
115 128 87 35 19
192 194 56 54 54
157 169 32 8 0
39 163 86 64 61
132 141 98 67 48
107 150 82 59 39
114 143 62 48 47
82 142 96 36 16
157 191 5 3 2
101 171 50 48 46
46 103 8 2 2
47 111 17 4 2
179 181 11 6 1
117 178 88 85 85
114 146 93 57 45
13 75 90 40 26
199 200 61 15 8
80 144 98 82 71
79 197 22 2 0
87 145 36 28 21
86 118 88 36 8
69 159 36 20 4
131 148 78 34 32
54 80 22 7 3
198 199 22 14 12
178 196 96 64 59
175 191 16 12 12
122 174 13 13 13
74 101 1 1 1
169 177 95 39 21
112 141 69 45 27
103 136 97 66 57
90 103 100 48 7
87 182 8 3 0
68 195 9 7 7
149 155 64 31 15
162 174 49 36 34
54 61 43 41 41
182 187 39 15 5
129 172 8 4 0
172 197 84 45 21
10 13 91 74 63
156 160 49 43 37
5 143 39 35 31
182 198 36 25 22
44 122 42 19 8
196 199 59 45 41
178 188 12 7 7
14 65 56 28 11
168 194 49 39 33
32 170 1 0 0
124 138 58 50 45
84 166 63 38 31
17 186 6 5 4
174 190 22 11 1
127 139 25 17 14
113 172 91 80 77
118 139 35 23 21
108 113 24 15 6
167 185 99 90 90
78 83 96 75 72
106 108 86 64 47
50 180 5 4 4
121 200 73 68 65
91 104 63 52 50
158 165 98 41 18
102 141 34 15 0
184 191 54 40 27
53 136 69 55 52
191 195 78 72 71
144 181 83 67 64
141 185 28 24 22
101 178 41 31 29
105 125 9 8 8
56 170 27 23 21
156 174 68 52 41
56 191 65 41 23
158 179 41 41 41
135 199 72 72 72
38 108 43 20 1
145 153 90 57 25
23 54 67 11 9
66 80 14 8 3
146 166 24 19 17
155 158 5 1 0
67 140 60 19 14
114 130 91 9 5
152 153 98 83 68
115 165 73 52 42
162 186 100 46 12
109 154 31 19 10
184 187 88 25 3
168 174 37 30 26
185 197 87 76 72
176 190 8 5 4
79 179 80 51 49
64 127 99 44 22
1 136 29 9 0
187 197 98 49 44
83 115 40 14 8
128 130 8 6 6
192 196 36 27 22
70 158 67 62 61
9 115 61 51 44
124 149 27 17 15
146 186 98 32 20
29 85 25 20 19
166 189 78 62 49
61 177 2 1 1
178 198 100 41 15
141 192 18 9 3
144 188 96 14 14
29 178 86 55 53
33 115 65 51 48
32 155 82 42 30
162 176 77 30 24
86 139 25 15 10
137 138 95 85 83
129 140 51 30 20
183 198 60 39 35
2 126 32 14 7
82 139 44 37 36
116 153 58 49 48
142 159 62 35 11
126 144 55 31 16
125 184 32 27 23
36 59 49 32 29
178 186 53 51 49
28 84 71 31 21
173 199 19 18 18
23 42 28 19 10
42 169 77 28 26
71 128 23 13 12
118 173 76 63 60
55 63 55 34 27
111 144 20 15 14
113 139 10 4 3
168 193 12 8 8
2 75 42 6 4
26 124 77 34 15
124 196 39 32 32
67 120 92 68 48
147 195 20 12 9
4 190 77 75 73
133 166 80 36 8
162 182 98 76 73
111 116 39 34 32
31 57 53 21 11
143 196 98 21 1
168 169 8 4 1
42 155 33 26 22
15 108 29 21 20
152 196 16 5 2
73 129 51 44 43
132 166 59 9 9
6 129 33 27 24
55 76 59 25 20
172 198 87 62 43
105 138 74 68 65
51 184 20 17 16
134 178 64 42 41
103 165 35 24 24
154 157 57 22 11
28 103 58 32 12
11 36 27 26 25
92 125 72 16 2
144 183 73 40 11
35 74 78 70 66
26 187 69 29 28
90 172 69 49 46
140 165 84 39 11
72 86 36 17 16
77 120 2 1 1
37 102 21 6 4
101 135 60 53 52
35 87 91 70 62
74 195 36 10 6
25 166 57 32 17
134 162 39 19 14
75 92 34 11 5
87 110 87 76 75
192 195 91 56 44
162 190 18 6 2
77 187 68 56 54
143 147 36 25 22
72 109 28 22 16
92 200 88 71 71
45 103 29 27 26
78 173 86 47 47
148 166 22 22 22
173 190 41 38 38
142 173 46 44 42
105 165 78 25 9
152 175 14 7 0
6 105 34 4 1
91 150 63 58 58
41 101 72 67 62
104 177 20 16 15
166 185 30 13 10
134 155 71 24 24
12 143 88 47 42
62 153 40 37 35
77 137 62 33 31
114 200 90 19 4
186 191 31 12 9
142 199 94 85 80
69 105 46 45 44
180 183 13 13 13
22 89 74 49 38
115 122 66 65 64
70 78 42 34 30
22 113 37 32 32
148 160 96 36 4
34 102 53 46 44
82 155 48 22 20
139 196 71 13 12
194 198 59 19 12
66 136 47 42 41
78 169 95 17 1
64 131 48 23 8
186 192 78 61 58
88 113 44 12 7
66 195 40 32 29
60 158 57 28 15
108 180 82 32 4
6 170 57 31 5
171 182 0 0 0
115 142 22 7 2
184 193 84 76 70
149 161 51 37 34
192 200 78 49 48
3 22 81 34 22
37 138 24 15 10
74 146 56 5 4
132 135 73 43 18
154 177 2 2 2
42 195 27 2 2
17 160 70 66 65
5 48 27 11 10
88 143 47 18 15
78 129 38 36 35
77 156 53 42 37
60 93 92 73 61
20 56 76 46 43
91 109 29 19 17
136 145 10 9 8
184 188 85 18 15
129 175 23 4 0
45 57 74 71 70
44 181 91 78 65
15 134 44 31 22
33 53 55 13 7
32 63 29 9 9
91 154 11 2 1
150 199 43 25 11
18 191 65 3 0
31 163 84 29 5
153 182 10 7 6
178 192 78 57 51
60 147 19 10 1
120 146 6 3 0
180 193 83 73 65
167 181 48 24 20
195 196 80 53 28
97 110 58 43 34
1 164 13 9 8
55 195 17 14 12
127 146 97 55 34
94 190 42 21 14
3 8 20 12 7
85 200 84 78 76
14 98 30 27 24
183 193 60 38 24
131 142 15 9 9
152 160 92 63 42
20 117 95 69 64
95 150 65 38 22
68 182 65 17 6
135 165 21 19 19
141 198 91 66 55
15 183 58 14 11
124 155 83 75 71
118 181 77 9 2
127 190 98 64 55
45 191 29 23 18
144 190 96 28 6
190 200 54 44 41
37 101 47 13 8
185 198 3 0 0
99 145 9 4 4
182 194 36 20 13
98 151 62 32 31
90 115 7 4 2
54 171 68 36 13
77 108 37 10 0
135 169 17 16 15
152 194 51 42 41
155 186 2 1 1
122 132 91 66 52
31 46 36 23 23
188 197 85 11 0
179 190 76 34 34
108 141 99 80 66
41 73 27 16 12
15 165 33 33 33
7 197 76 30 29
53 154 86 66 46
129 155 34 8 4
78 163 22 14 9
44 167 84 43 36
176 194 25 17 15
191 197 56 23 13
177 185 64 46 33
143 197 5 2 1
89 108 80 20 9
155 162 10 7 5
73 140 47 23 20
8 109 52 40 36
154 176 77 69 69
129 131 49 35 24
160 168 16 6 0
94 151 79 77 76
118 175 82 38 23
26 48 94 45 42
19 30 43 43 43
127 144 72 71 71
72 175 85 23 23
112 183 12 11 11
113 154 64 56 55
90 94 29 7 4
121 134 7 7 7
59 163 30 20 20
150 179 26 5 4
161 181 9 7 6
86 151 24 16 11
17 47 52 11 3
142 165 31 14 10
86 165 13 6 1
128 142 37 12 7
30 92 10 8 7
59 175 14 7 3
99 134 52 20 6
36 196 90 35 34
17 195 30 13 6
43 164 12 7 3
59 60 75 70 68
55 184 8 7 7
166 176 40 17 6
91 97 58 46 35
175 194 21 12 9
173 185 35 24 18
114 131 47 22 15
149 188 49 36 36
120 135 25 4 0
101 186 93 82 82
169 196 12 5 2
4 91 38 4 3
126 178 59 42 42
36 86 34 18 14
47 70 72 58 46
96 121 75 64 54
170 172 22 7 1
96 192 0 0 0
195 198 77 54 43
108 118 12 12 12
55 128 52 36 21
96 181 45 27 21
33 74 72 50 36
126 145 77 15 13
47 79 91 91 91
92 157 64 6 3
31 133 15 12 9
61 181 7 3 2
132 186 23 20 19
164 193 42 26 17
177 182 42 40 39
13 66 14 4 3
23 75 91 88 86
112 124 65 56 52
3 61 38 18 6
44 55 53 41 38
31 171 8 6 6
164 185 78 73 68
115 134 28 21 17
192 197 100 100 100
83 141 40 38 36
164 200 96 80 68
95 105 82 35 6
37 186 36 14 12
186 190 40 38 38
169 189 36 25 22
90 196 94 84 81
91 130 47 14 5
107 139 56 46 45
147 177 81 16 12
100 192 91 37 28
20 73 4 3 2
131 155 53 29 7
82 90 98 68 63
64 193 16 16 16
120 189 2 0 0
6 142 19 13 13
164 186 65 23 6
134 160 52 14 5
143 184 65 11 5
187 193 3 3 3
158 171 4 3 2
71 185 1 1 1
14 76 71 66 64
178 199 17 13 9
56 187 89 86 86
35 91 26 20 20
105 159 12 4 4
133 189 14 10 10
69 190 11 4 0
17 154 15 13 11
43 93 81 23 11
28 88 44 18 6
121 162 90 49 40
65 129 85 41 17
41 109 24 7 4
59 190 81 27 0
133 160 0 0 0
91 123 10 5 5
13 85 61 1 0
44 67 59 56 55
2 30 22 20 19
140 150 100 62 40
142 192 59 52 47
167 200 34 2 0
182 192 96 93 93
14 75 55 32 29
91 155 36 19 2
191 196 46 44 43
26 164 93 86 84
106 117 15 11 11
144 165 74 52 50
21 38 28 15 13
190 194 77 27 5
180 196 15 11 11
160 186 57 18 18
11 84 13 4 2
75 77 20 16 14
140 153 86 26 8
115 118 72 29 29
189 192 40 30 24
153 187 42 27 24
174 188 59 42 38
53 117 73 72 72
54 113 95 42 22
58 143 18 18 18
104 133 33 5 5
117 129 49 30 14
56 120 24 13 6
38 133 76 76 76
163 193 94 78 68
101 168 5 3 1
60 175 49 41 38
97 167 21 17 15
37 192 78 69 67
42 99 82 79 76
99 197 90 82 79
188 195 55 12 0
140 196 8 2 0
156 200 88 53 25
107 151 16 10 5
104 176 84 69 62
140 174 2 1 1
31 94 67 39 39
144 187 63 52 51
92 148 40 28 24
150 192 11 7 5
183 191 11 4 3
78 183 11 10 10
161 191 68 47 30
166 199 71 31 7
21 156 63 24 8
108 150 93 37 17
157 183 33 21 15
53 172 77 55 44
91 160 75 43 31
13 131 33 22 20
51 103 18 8 0
197 198 98 45 25
171 196 17 11 6
183 200 81 78 77
87 146 71 38 12
103 173 92 43 36
33 126 21 9 5
188 192 30 18 17
13 158 12 9 7
99 114 9 6 3
159 190 8 7 7
130 157 37 27 26
97 187 80 12 10
42 69 14 10 7
123 154 17 6 2
71 136 97 65 65
163 190 65 39 37
94 139 55 53 52
116 145 7 5 4
68 193 53 34 20
79 166 40 7 6
166 187 61 24 19
21 94 40 11 5
70 79 46 11 5
51 85 57 34 34
165 198 30 27 24
157 194 83 60 53
117 171 33 31 29
79 163 79 37 35
163 191 8 3 1
186 200 74 29 22
167 175 93 76 67
103 133 37 25 16
89 94 28 2 1
196 197 62 23 12
154 191 98 13 2
62 184 43 40 39
109 164 46 44 43
174 198 47 46 46
64 78 69 63 59
69 77 23 9 7
49 126 52 26 11
151 175 75 72 72
177 180 59 43 32
193 198 10 6 4
167 195 99 83 78
32 165 78 56 52
49 84 56 42 33
51 59 70 59 50
25 185 92 61 55
43 111 98 71 50
177 194 39 37 36
162 200 35 17 0
35 49 94 64 59
96 127 89 74 68
168 177 17 12 9
98 130 68 47 31
19 61 39 11 9
13 63 81 69 60
133 170 41 21 5
13 74 10 6 4
119 156 61 41 21
183 186 10 6 6
48 162 33 19 16
21 168 23 3 1
148 155 48 27 13
183 196 3 1 1
24 151 89 74 73
171 178 33 14 0
127 197 54 26 18
127 154 75 29 3
64 90 28 26 26
146 194 46 23 17
101 187 98 96 96
108 162 56 21 14
68 72 79 45 23
122 192 33 16 13
32 50 91 71 69
185 196 3 2 2
150 187 55 28 19
156 194 100 88 86
105 200 47 34 31
12 125 54 32 28
126 187 46 3 2
165 190 17 13 9
162 172 4 0 0
100 178 31 27 27
1 153 5 0 0
71 123 45 28 18
31 127 57 18 5
142 180 8 7 7
17 90 38 38 38
63 140 61 49 46
170 200 3 1 0
185 190 2 2 2
159 194 0 0 0
3 69 61 46 44
151 179 41 21 9
152 184 35 23 19
17 56 56 42 32
60 107 26 15 15
144 176 1 1 1
3 179 100 87 80
6 35 50 18 4
3 86 43 26 14
39 89 79 55 46
135 193 50 37 36
92 97 65 61 60
62 141 82 49 24
115 192 44 33 23
161 197 94 66 40
147 158 2 1 0
155 197 66 18 0
194 197 3 1 0
198 200 46 26 25
36 156 61 41 32
150 167 6 1 1
165 171 58 57 57
64 110 84 54 43
147 194 30 28 28
3 48 50 7 3
126 134 9 8 8
121 159 69 68 67
33 42 88 65 59
117 174 86 45 6
35 134 59 49 49
86 110 61 47 46
154 182 48 34 27
99 141 71 50 39
130 148 87 71 69
126 140 82 47 24
116 150 24 22 20
142 185 42 24 8
109 116 44 32 25
158 189 15 5 3
154 160 47 16 4
139 153 20 8 0
158 167 33 28 27
185 195 93 56 25
116 149 53 52 52
59 89 90 26 18
95 183 53 26 8
119 178 70 68 66
7 64 40 27 25
5 137 94 88 85
121 166 67 47 41
128 170 73 42 41
89 101 42 20 19
36 85 38 24 11
183 188 4 1 0
9 20 61 29 19
175 199 63 38 33
16 185 40 28 22
104 188 76 66 66
100 168 74 42 14
181 192 99 19 17
185 192 92 34 3
123 183 76 57 39
36 198 85 52 50
81 138 54 27 26
54 145 75 64 58
137 191 34 25 17
18 159 14 3 3
159 172 73 40 39
48 180 4 3 3
48 158 61 21 0
108 195 79 43 25
128 174 47 28 20
46 107 44 24 21
130 183 9 9 9
171 194 11 7 3
25 119 97 35 6
172 181 37 36 35
152 172 84 77 77
143 155 100 87 83
27 89 9 9 9
134 142 80 68 57
110 179 1 1 1
149 185 47 42 39
145 200 41 29 27
141 148 92 75 62
90 151 63 24 5
2 177 10 9 9
86 130 38 7 4
11 54 95 36 15
169 184 15 13 13
120 139 19 13 12
58 118 43 41 40
93 149 20 5 0
15 176 4 4 4
55 81 97 86 80
162 196 51 46 43
164 180 66 25 20
70 111 88 18 2
81 165 58 52 46
193 195 15 12 10
166 196 59 9 9
101 198 27 17 13
153 159 50 27 23
45 142 22 17 14
145 179 48 48 48
103 180 35 27 26
84 89 98 89 88
105 119 54 27 8
24 153 0 0 0
36 142 16 13 12
100 144 54 51 48
74 165 72 23 18
156 164 38 20 8
187 192 53 28 21
96 131 53 30 12
19 34 94 44 42
141 181 92 65 43
44 65 72 71 71
84 158 22 11 4
81 88 73 38 26
42 55 97 50 21
65 103 97 87 84
141 166 13 12 12
5 147 14 7 2
164 167 5 5 5
27 196 94 53 19
79 162 78 58 57
183 197 16 11 11
2 49 86 84 84
112 157 72 20 0
75 110 33 12 5
125 134 21 2 1
178 193 63 23 2
3 184 54 16 5
19 171 67 50 50
174 193 90 30 23
30 123 61 22 8
149 191 76 60 55
111 123 48 43 38
60 68 83 29 7
143 199 4 1 0
180 184 22 22 22
131 133 16 14 13
2 97 35 18 14
52 56 4 2 0
144 159 11 10 9
54 68 78 63 62
146 191 84 60 44
41 185 6 4 2
152 165 58 54 51
131 147 58 54 54
131 150 9 6 5
53 163 51 23 5
178 184 50 41 40
13 98 92 44 31
28 56 35 32 30
165 199 44 23 16
92 140 34 17 6
83 148 17 7 3
158 159 8 0 0
129 139 11 9 7
42 86 29 27 27
19 62 33 11 1
86 134 71 35 29
183 199 89 49 21
168 179 6 2 2
52 146 13 12 11
172 188 96 32 11
24 187 33 18 10
118 123 2 1 1
42 176 38 18 10
90 184 23 8 5
104 145 73 51 49
169 187 18 9 3
99 191 97 39 9
102 111 33 31 31
35 51 9 9 9
10 188 77 60 43
49 56 80 63 50
114 154 31 27 27
153 161 13 13 13
163 196 23 18 15
123 190 20 11 4
30 108 29 5 0
157 165 72 26 20
83 161 10 1 1
160 197 10 8 8
30 153 78 43 21
74 182 33 24 23
56 165 44 40 39
192 198 32 19 17
139 195 46 10 8
94 100 91 77 74
152 168 40 30 29
62 111 47 32 29
153 183 100 57 29
132 161 10 7 7
133 147 72 41 29
50 110 34 18 15
117 169 76 27 11
75 76 56 6 6
33 47 9 6 6
18 126 23 7 4
9 177 13 11 11
68 157 89 50 34
170 193 86 30 8
167 171 53 38 37
100 148 38 29 21
13 178 34 20 9
179 180 11 11 11
118 193 73 62 60
85 157 47 37 36
128 172 81 30 6
49 52 66 33 22
17 134 34 27 23
173 191 27 15 10
38 144 65 46 34
95 151 77 35 19
122 125 64 53 44
193 194 77 48 44
46 186 63 52 51
41 50 0 0 0
67 154 17 7 3
126 180 7 1 1
50 143 71 53 47
66 178 67 43 31
51 133 21 14 11
143 176 71 28 27
103 160 0 0 0
39 78 35 25 23
137 146 76 47 33
195 197 52 23 11
58 165 98 65 45
57 88 46 38 37
27 181 24 11 9
106 181 68 41 31
10 161 3 3 3
86 121 52 25 5
49 183 81 25 17
50 122 67 48 46
38 180 23 14 12
109 123 52 34 17
42 118 45 20 14
178 182 43 22 13
107 178 21 18 18
47 184 94 10 7
115 148 84 52 52
58 127 94 75 63
44 140 51 21 6
122 135 38 18 0
153 167 1 0 0
153 166 18 5 3
90 141 40 39 39
129 146 73 22 12
62 148 48 41 37
56 71 14 14 14
14 27 79 69 64
174 184 7 3 0
157 175 91 62 36
37 98 65 43 42
82 141 9 9 9
147 162 31 30 30
25 92 55 14 4
169 175 6 1 1
4 44 45 21 14
39 49 7 2 1
85 96 29 11 1
25 51 27 13 8
73 163 9 2 1
159 194 6 1 1
10 199 81 12 1
95 131 70 61 55
37 80 76 43 17
119 171 82 43 39
60 87 44 40 37
129 162 16 10 10
182 190 36 17 14
125 148 98 25 13
49 196 63 29 29
69 197 64 18 3
26 184 44 37 36
6 145 66 41 27
168 173 81 61 52
54 99 92 40 11
163 197 60 25 2
179 184 92 76 72
127 185 11 8 8
105 163 75 45 25
46 102 45 43 42
19 142 98 97 97
14 148 69 64 64
120 127 52 9 5
82 145 98 72 58
181 190 19 18 18
165 166 93 87 85
20 109 77 50 30
11 56 57 41 33
145 193 72 60 58
157 158 29 14 1
7 185 2 2 2
116 156 48 29 29
142 171 27 7 1
111 181 81 43 40
133 196 53 34 27
16 186 47 28 28
184 199 94 50 30
130 161 81 59 54
159 193 50 33 29
115 199 36 32 31
32 130 44 23 9
5 100 80 35 18
65 89 27 21 18
170 186 73 35 28
110 149 71 33 8
122 148 43 21 2
147 199 24 18 16
40 100 52 38 33
37 55 97 79 75
100 125 33 30 28
142 143 40 23 6
63 148 71 29 1
164 199 16 10 9
73 182 90 44 34
47 97 48 44 44
161 185 7 5 5
187 196 68 20 13
44 84 45 16 16
52 123 16 4 4
64 99 20 18 16
177 186 69 8 3
58 182 21 19 17
36 45 87 6 0
77 86 87 78 69
119 193 39 23 22
190 192 19 15 11
141 168 87 82 82
49 62 15 8 6
76 111 81 71 65
71 96 68 18 6
89 169 14 8 2
31 129 80 77 75
78 95 72 47 36
42 78 88 37 34
21 45 78 43 21
190 199 96 29 21
44 199 43 34 31
7 10 36 12 0
102 191 96 54 44
165 176 97 87 85
14 72 93 75 74
147 165 94 33 33
145 149 56 56 56
180 182 86 55 53
151 154 91 63 44
120 193 9 8 8
159 167 72 48 47
133 172 58 37 31
193 199 61 38 33
109 199 40 21 13
170 189 96 89 83
117 167 87 53 22
130 139 71 42 40
120 121 96 72 69
91 124 71 43 35
69 158 11 2 2
154 174 44 29 26
92 164 79 61 50
159 177 79 23 9
28 187 83 80 78
55 198 92 80 80
103 156 5 5 5
110 137 42 38 36
140 144 9 9 9
61 150 35 15 10
40 173 98 77 67
113 158 92 87 83
173 198 49 46 44
35 81 8 0 0
4 152 72 23 17
115 195 52 30 14
9 76 43 37 37
103 108 75 17 17
25 40 58 14 2
46 119 42 18 15
51 180 23 9 3
179 193 53 38 26
164 196 28 14 14
39 111 94 32 19
34 151 69 62 59
66 83 88 41 24
149 153 10 8 8
92 198 99 50 50
155 164 86 63 60
183 190 16 7 5
104 116 31 19 18
170 178 91 62 47
129 161 17 13 12
170 191 10 10 10
184 186 69 17 10
62 76 72 52 51
88 181 80 54 37
111 166 72 55 53
21 153 24 4 0
180 187 69 68 68
158 190 99 46 34
38 156 4 1 0
108 185 82 39 29
49 71 29 16 10
172 180 77 61 55
131 152 26 7 1
46 190 44 38 37
38 110 53 33 23
106 112 62 6 2
85 97 76 54 47
8 136 17 8 3
162 198 14 0 0
30 122 72 42 39
141 186 88 48 14
160 161 34 26 19
31 54 41 40 40
79 180 58 48 44
34 187 82 76 76
160 198 28 14 2
20 189 33 18 18
64 170 30 12 3
89 95 32 25 25
137 181 25 22 22
93 177 75 54 45
132 133 39 15 13
51 97 75 67 61
4 134 92 69 65
165 181 18 8 7
168 198 56 51 49
94 123 92 60 59
173 189 3 2 2
146 155 31 18 7
93 180 22 22 22
30 103 90 30 11
164 178 32 23 19
6 65 78 10 8
179 197 68 58 55
181 185 27 16 15
78 92 56 46 44
129 182 74 52 32
22 85 38 30 24
100 194 83 47 41
92 158 82 72 66
124 147 84 52 38
44 196 86 70 62
171 193 40 18 5
112 190 70 51 40
193 197 10 1 0
62 185 84 40 9
188 198 18 7 7
158 173 62 54 49
85 181 90 45 31
172 174 42 34 29
18 76 10 10 10
110 173 4 1 0
136 148 26 15 5
167 187 14 11 11
190 191 100 58 45
193 200 49 16 3
155 169 93 84 82
103 150 96 94 94
54 79 47 28 14
69 92 88 49 28
62 152 19 9 8
38 77 85 51 35
132 149 83 16 1
6 46 42 19 12
48 113 1 1 1
172 195 19 11 6
30 54 40 13 3
153 193 90 82 76
49 134 39 26 22
123 187 28 26 24
127 172 77 7 4
43 85 61 24 10
48 149 58 57 57
162 170 34 20 8
147 170 58 49 46
87 200 91 44 43
62 194 70 42 41
105 118 43 22 16
182 188 98 38 13
1 137 10 9 8
52 170 21 6 3
173 176 57 27 24
103 177 13 12 12
41 147 2 2 2
171 186 18 4 2
103 170 81 47 30
4 143 9 8 7
148 157 83 19 8
152 171 79 54 30
90 199 18 10 10
133 188 28 20 16
35 54 94 67 63
129 173 42 32 25
130 189 76 73 70
77 124 98 94 90
20 24 13 0 0
50 148 14 12 11
125 136 19 6 6
54 163 36 12 8
97 186 21 18 18
165 184 12 3 3
55 111 30 19 11
55 147 44 18 17
167 194 77 38 18
175 188 37 33 29
62 71 82 52 39
9 58 81 53 46
137 192 77 29 18
108 109 27 22 21
24 142 42 38 37
88 176 82 65 64
70 166 70 47 42
154 161 9 4 3
9 91 8 4 1
128 185 7 7 7
152 170 69 29 28
98 196 87 71 65
86 87 30 19 15
64 125 51 33 32
147 153 63 42 23
70 107 66 44 33
117 166 6 6 6
64 108 94 83 80
124 159 87 81 81
97 189 20 9 0
59 108 83 24 7
178 191 5 4 3
126 139 54 51 51
85 156 47 46 46
2 28 58 33 30
24 115 7 4 2
84 186 23 19 18
183 195 32 11 2
70 119 39 18 5
158 175 59 22 17
155 196 89 56 55
7 93 61 50 46
174 199 30 22 20
176 186 20 8 7
14 146 80 43 28
44 141 67 31 12
8 21 81 72 64
9 15 86 84 84
163 188 44 31 23
145 164 28 24 23
7 173 88 31 31
155 163 76 73 70
11 121 27 11 8
102 127 84 67 61
81 133 24 15 15
49 161 21 6 2
63 111 55 40 40
50 112 68 59 59
10 122 40 21 17
182 200 82 28 21
97 178 51 29 21
53 126 13 12 12
49 190 20 14 14
182 185 59 32 14
165 170 96 36 33
135 173 57 54 54
153 192 92 68 62
18 43 46 36 34
34 42 0 0 0
58 175 95 57 21
105 115 77 48 19
92 194 7 7 7
41 192 56 23 0
104 114 63 55 52
78 190 33 1 0
114 185 51 46 45
137 142 81 65 52
58 97 45 43 43
101 122 5 3 1
196 200 43 27 19
126 182 89 46 41
130 176 8 6 5
55 144 34 9 5
66 86 56 33 19
84 165 85 74 73
69 128 55 44 35
66 181 48 36 36
14 68 95 42 30
79 189 23 22 22
65 154 91 62 62
83 137 39 15 7
72 131 42 42 42
91 126 96 25 8
105 108 54 29 28
35 176 66 14 3
55 190 18 8 7
174 197 77 72 72
79 133 88 41 29
138 141 78 33 18
75 185 39 30 25
113 180 64 21 21
169 179 22 12 6
63 149 39 29 28
119 141 71 36 4
73 77 45 43 43
86 94 31 4 1
70 129 80 28 15
16 110 1 1 1
32 40 82 57 36
60 153 91 90 89
72 103 66 22 6
147 200 45 33 22
141 184 28 16 13
28 132 2 2 2
146 151 98 53 46
99 161 14 5 4
34 98 82 58 38
31 158 23 15 12
171 180 26 10 5
89 116 84 42 25
114 155 39 21 12
30 135 69 36 6
12 157 93 8 6
32 168 47 14 13
125 194 16 5 4
168 172 52 40 29
157 196 24 6 2
107 162 94 54 34
69 91 13 5 2
9 71 82 34 30
116 179 13 6 2
50 54 47 32 19
44 101 47 32 30
182 197 98 87 76
122 196 38 25 18
26 140 34 19 9
112 160 44 27 27
188 200 8 8 8
118 152 18 13 11
103 120 5 3 2
7 158 30 27 27
129 190 57 42 36
56 139 82 52 41
55 129 29 10 8
1 143 75 61 58
16 98 39 19 4
13 145 79 74 74
126 130 40 40 40
61 175 10 9 9
95 145 23 9 4
92 147 59 40 31
174 182 96 62 61
5 94 84 25 17
53 184 48 47 46
110 158 14 4 2
92 165 67 51 43
82 120 26 23 22
132 196 38 19 14
48 100 39 12 3
179 200 71 59 48
102 134 0 0 0
121 167 32 17 8
14 185 68 43 25
174 178 77 37 6
129 165 100 68 53
55 121 86 37 21
10 112 4 1 1
80 179 63 15 1
138 189 8 3 1
16 187 62 35 31
33 96 2 1 0
73 176 14 9 4
118 127 6 4 4
26 158 27 26 25
112 153 74 23 23
146 169 72 61 55
161 177 3 3 3
92 106 64 43 38
88 187 86 71 69
181 182 58 39 29
48 168 65 48 45
74 151 56 24 14
38 76 48 42 42
143 174 39 33 31
105 128 4 4 4
130 144 67 55 43
48 181 92 16 6
9 34 11 6 6
29 117 1 0 0
184 192 77 52 34
101 143 27 25 23
22 58 82 76 74
118 163 97 77 63
98 136 77 27 11
16 42 19 5 5
35 192 77 58 39
85 108 91 33 29
164 176 20 9 5
31 52 88 45 36
88 183 39 30 21
126 199 66 42 41
31 56 31 5 5
58 90 93 85 79
155 165 32 2 2
127 138 50 40 40
34 122 43 32 23
61 82 68 63 62
29 141 68 58 48
189 190 6 4 3
124 200 55 34 26
167 182 27 1 1
134 181 92 87 85
92 166 91 71 58
35 92 70 67 67
89 158 71 64 60
5 78 15 13 13
40 71 22 22 22
113 178 46 36 31
94 111 67 58 49
92 123 50 32 28
91 170 18 10 3
73 164 74 11 8
79 105 30 4 3
45 161 70 65 61
108 160 90 50 50
5 186 37 3 0
8 90 52 31 25
78 191 46 26 20
116 161 40 38 37
68 166 27 18 11
80 113 18 14 14
159 196 84 15 0
182 183 29 27 27
121 188 31 9 3
67 105 47 20 10
166 198 63 4 0
98 118 78 72 69
94 160 62 56 54
8 179 67 63 61
127 152 19 16 13
112 116 4 4 4
108 152 92 77 76
150 185 90 32 5
21 163 64 35 15
118 154 56 15 12
158 176 85 53 41
6 196 18 12 9
55 116 62 35 29
95 167 79 28 27
94 105 87 59 50
170 190 0 0 0
139 172 60 15 7
86 117 29 23 21
110 134 19 9 9
139 186 35 32 32
74 78 78 48 23
37 193 94 80 77
106 177 87 63 51
158 194 88 86 86
67 88 67 25 19
6 84 8 7 6
174 189 17 10 7
194 195 99 69 51
137 194 48 38 31
67 106 32 12 0
162 188 77 61 58
111 138 27 16 8
39 109 21 11 9
171 182 100 97 95
11 143 52 38 37
177 190 76 63 50
157 172 4 2 0
156 165 75 64 56
8 188 39 39 39
10 80 17 11 6
98 138 33 28 24
41 44 7 5 5
34 170 8 2 0
85 133 59 44 40
105 120 51 47 47
82 86 4 2 1
102 131 95 61 33
28 42 29 13 9
158 177 17 5 0
45 175 15 9 6
48 102 12 11 11
63 179 8 8 8
114 182 99 95 94
1 158 17 16 16
143 177 21 1 0
161 163 21 10 9
76 112 26 21 17
132 152 14 13 13
87 129 53 22 16
112 137 82 79 79
132 169 44 42 40
107 149 26 25 25
168 181 80 73 67
22 187 37 32 29
1 108 98 39 33
14 96 15 10 10
163 199 99 90 89
56 129 66 30 25
64 166 12 5 4
181 186 47 36 25
3 50 32 24 23
134 192 81 57 35
60 160 97 78 69
139 200 83 75 69
135 183 85 43 34
94 106 44 12 0
26 178 42 37 33
13 40 61 37 20
131 185 87 11 5
78 153 10 3 3
182 196 78 57 51
115 151 28 26 26
67 94 22 11 8
107 144 0 0 0
140 179 14 9 4
134 154 8 6 6
27 97 57 51 48
17 70 32 20 17
26 126 54 51 50
47 102 71 49 39
81 104 52 24 7
8 169 54 44 38
162 199 5 3 2
146 198 1 1 1
101 197 66 34 24
34 40 59 36 36
163 170 45 40 36
36 151 75 19 9
31 139 66 45 36
83 181 82 48 48
186 199 40 20 18
59 189 62 20 18
27 62 55 29 26
24 54 62 13 6
94 176 2 1 1
79 132 17 16 16
155 181 16 9 3
143 189 19 18 18
29 102 1 1 1
171 190 27 25 23
145 173 10 8 6
46 50 84 62 51
92 170 92 26 21
56 198 83 30 15
56 91 83 34 20
172 183 26 19 18
142 146 14 11 11
164 179 67 46 35
120 140 24 21 19
89 131 12 10 10
160 178 27 16 11
95 185 16 10 8
70 189 89 29 4
27 28 80 24 5
41 200 58 17 6
43 80 93 22 20
30 187 38 19 11
151 153 33 29 27
58 91 3 0 0
58 162 40 23 20
38 60 67 10 0
48 83 6 5 5
38 161 58 24 20
140 188 56 4 3
110 180 28 11 7
131 144 45 12 12
176 197 43 20 16
14 108 19 3 1
110 136 38 26 21
83 159 22 17 16
66 116 55 30 25
36 90 79 52 50
185 200 98 57 41
112 199 75 26 22
69 112 24 4 2
48 126 55 16 6
174 200 78 69 66
92 169 69 63 60
177 197 1 0 0
120 177 66 46 43
155 180 7 4 3
81 126 19 16 14
57 105 38 31 26
2 143 26 13 11
93 176 81 37 19
67 146 61 36 12
176 177 47 32 18
179 194 65 30 30
144 147 63 36 21
121 186 93 62 62
22 142 68 57 57
17 83 61 52 49
91 196 20 10 2
122 188 10 10 10
80 155 33 15 15
69 194 24 22 21
90 174 35 23 16
166 182 44 40 40
119 194 14 7 3
161 196 22 11 4
74 135 70 64 60
97 122 30 24 24
46 58 81 35 27
146 150 83 72 72
45 106 61 46 42
152 154 72 54 51
138 148 55 25 17
148 154 1 1 1
184 198 8 7 6
75 119 41 37 35
100 122 76 56 53
47 156 82 66 56
109 135 47 42 37
68 137 34 4 1
194 196 27 19 19
147 187 52 49 46
69 96 89 45 1
81 130 64 63 63
181 195 86 52 22
140 175 9 6 4
121 146 34 20 11
68 96 14 9 5
78 130 2 0 0
11 104 83 47 46
15 151 89 59 46
61 125 64 24 20
8 105 63 34 27
168 190 34 29 28
80 140 36 30 27
115 166 32 9 5
132 183 8 4 0
166 178 63 43 35
176 199 25 10 1
112 166 23 14 6
139 162 28 9 3
178 194 54 31 22
48 137 87 77 77
116 147 32 14 3
119 176 69 42 40
106 137 2 2 2
80 111 5 4 3
153 175 96 75 63
2 135 39 36 35
75 197 18 17 17
25 134 0 0 0
78 121 35 21 18
48 91 72 53 45
37 119 76 75 75
4 187 74 34 28
105 129 84 80 80
18 81 7 5 4
9 63 51 10 0
85 175 89 66 56
96 122 30 28 26
83 183 42 16 6
35 179 25 21 17
115 120 26 26 26
80 141 32 26 24
66 140 93 91 90
120 143 34 12 1
149 154 53 19 4
38 125 56 52 49
135 167 7 4 2
39 119 58 28 13
173 194 92 46 36
180 199 31 22 15
80 146 90 50 38
109 193 32 19 9
123 175 64 40 34
94 142 85 43 38
59 109 23 12 12
70 171 0 0 0
22 166 31 2 0
165 179 54 45 37
14 131 12 11 10
138 177 74 56 55
149 183 74 36 8
70 126 45 34 30
156 168 51 9 6
120 196 13 10 9
172 187 8 5 5
29 45 86 66 58
176 180 33 25 22
137 169 62 18 0
81 96 14 14 14
3 193 34 9 8
29 118 31 22 20
121 123 27 25 24
142 184 62 27 19
3 168 71 59 56
170 199 79 78 78
12 53 7 6 6
130 186 13 7 5
116 132 61 59 59
89 123 75 39 37
82 150 61 21 3
105 124 59 29 28
151 168 60 42 34
129 136 19 16 15
187 198 74 59 45
176 200 46 43 43
108 128 28 22 19
31 80 63 41 24
124 166 42 15 13
76 82 8 6 5
103 160 10 8 6
74 132 14 6 4
141 163 68 30 3
86 95 82 58 44
1 37 79 13 10
122 136 44 30 21
166 188 51 40 33
29 64 61 43 31
119 184 14 9 4
63 151 18 11 8
88 145 31 13 5
84 163 80 63 61
46 73 45 8 8
116 183 98 76 70
186 193 9 6 3
65 185 57 17 12
3 187 99 48 33
35 173 34 23 14
155 179 45 19 10
47 193 44 25 18
4 88 66 63 62
81 83 71 34 23
21 76 44 15 2
101 170 65 27 7
161 176 63 25 16
72 169 18 12 11
16 193 77 61 59
114 183 1 0 0
76 131 48 14 8
19 64 35 23 21
31 37 96 74 57
85 178 60 41 22
184 200 20 4 0
155 193 26 18 18
85 145 89 64 57
128 149 95 40 16
5 191 49 34 20
11 166 61 47 34
190 198 4 2 0
129 143 80 47 25
177 187 1 1 1
24 38 78 26 11
5 156 38 34 32
28 125 75 15 8
99 155 82 30 19
189 191 85 55 40
184 190 98 45 25
166 191 26 15 15
180 190 37 34 31
32 42 91 70 67
9 80 50 10 9
60 111 93 90 87
82 95 81 38 26
3 44 64 26 4
30 67 53 35 32
121 180 20 7 1
157 188 11 9 8
15 200 65 44 37
93 178 39 39 39
42 183 40 14 8
85 136 34 6 6
145 197 3 0 0
115 190 97 61 38
38 123 77 53 33
172 179 38 32 26
23 155 28 22 19
77 94 76 44 26
182 193 23 13 7
44 102 4 3 3
76 79 100 35 8
69 134 44 29 23
40 61 52 37 34
66 197 42 22 5
176 192 42 42 42
14 67 54 8 5
123 164 28 8 5
60 105 41 24 14
41 70 41 20 14
144 166 89 73 61
16 149 6 6 6
20 59 8 4 3
131 138 46 11 6
42 57 58 28 23
73 159 46 8 1
26 151 5 3 3
31 92 8 2 2
141 176 25 6 6
163 178 41 18 17
15 35 66 58 57
118 135 29 12 2
82 148 19 8 4
163 187 54 27 4
27 40 63 48 48
27 66 85 43 3
139 150 44 30 29
183 185 58 49 41
151 162 23 14 12
143 187 16 9 3
155 174 53 46 46
70 176 95 18 18
103 179 72 45 28
89 140 66 27 15
165 168 42 23 6
64 161 10 6 4
13 129 86 70 64
68 154 66 62 58
54 144 6 5 5
119 168 82 74 73
55 91 18 10 10
54 132 11 10 9
164 191 78 49 41
148 167 46 22 18
111 118 89 39 33
54 84 84 26 26
184 197 19 11 7
150 180 47 17 12
136 190 10 7 4
140 200 21 17 14
151 195 38 23 13
83 128 46 35 32
145 157 23 22 21
88 157 34 11 0
52 82 11 5 0
72 189 43 24 8
89 141 23 7 6
95 103 0 0 0
33 186 25 25 25
30 129 31 1 1
115 138 37 29 29
127 176 36 36 36
43 178 94 93 92
137 186 63 51 41
97 153 44 31 31
111 163 60 40 38
108 181 24 14 7
31 36 25 12 11
166 168 85 72 70
132 175 20 12 5
73 189 95 93 93
163 195 14 7 7
173 181 14 5 2
150 195 6 5 4
49 113 4 2 0
7 42 19 13 10
47 140 29 16 13
90 127 54 41 34
42 190 20 9 7
95 169 83 75 71
31 165 96 62 32
11 41 2 0 0
58 82 89 32 11
111 167 94 16 15
7 176 44 33 23
183 187 97 57 56
1 182 95 66 44
140 191 80 21 16
36 104 10 10 10
188 190 38 17 0
3 162 28 13 5
145 174 9 7 7
165 174 22 11 7
63 191 62 23 21
82 107 21 14 7
35 110 32 18 17
45 90 79 78 77
71 144 64 56 54
31 134 12 6 1
77 84 4 1 1
147 163 44 39 35
49 104 44 36 34
24 196 54 5 3
67 187 61 61 61
7 25 28 9 3
17 46 9 4 1
30 120 75 39 12
95 114 29 25 23
114 199 6 5 5
186 189 1 1 1
72 146 60 26 1
77 175 69 56 50
67 80 56 34 23
183 192 58 29 9
34 168 39 17 12
38 163 49 36 23
86 127 63 36 24
71 107 18 2 0
52 113 23 8 5
40 134 67 13 6
149 163 18 6 6
91 184 84 33 16
7 52 100 95 90
71 138 71 61 55
32 43 61 55 55
14 180 84 50 21
114 129 28 16 9
122 168 6 4 2
41 158 14 12 11
38 181 65 58 54
109 131 83 29 0
79 94 49 35 23
34 106 18 4 4
175 187 8 3 3
62 72 3 1 1
175 196 38 32 27
87 155 52 35 20
144 185 24 5 3
50 93 56 12 0
36 79 58 34 14
170 182 22 12 11
61 193 15 14 13
80 100 79 64 60
119 151 92 77 77
120 144 98 88 78
71 194 13 6 1
116 118 34 17 1
177 193 63 50 40
48 175 14 3 1
103 121 26 15 6
121 127 22 5 4
81 155 28 24 22
41 113 61 49 37
34 158 83 45 40
59 82 3 1 1
154 156 72 53 41
163 177 67 53 53
140 158 53 27 14
32 44 28 21 17
109 191 28 7 0
138 160 84 37 13
95 101 71 59 50
54 62 14 5 5
73 78 88 28 11
23 39 69 14 2
66 113 92 62 44
97 179 89 76 72
53 144 81 22 14
46 100 96 94 94
30 100 74 69 67
27 165 31 24 17
154 188 56 17 9
123 136 95 37 35
101 160 95 38 38
166 192 18 13 10
121 133 13 7 6
111 119 41 4 3
77 146 17 5 1
153 173 27 18 18
164 194 73 51 35
48 121 25 25 25
129 130 77 58 56
74 96 81 67 57
53 87 23 13 11
152 189 72 32 28
94 173 40 25 21
58 102 67 64 64
168 185 19 15 11
39 57 21 14 8
31 132 72 48 42
80 96 20 15 12
31 184 63 59 59
91 197 20 4 2
103 134 22 16 14
134 151 46 21 20
89 160 44 31 30
97 115 64 38 18
15 160 71 24 24
160 179 97 93 91
15 158 96 53 19
98 109 69 49 32
156 169 23 6 5
48 169 100 63 41
124 179 13 7 6
66 87 84 11 5
176 185 53 53 53
152 178 9 4 4
109 110 4 2 1
99 185 5 3 1
87 101 51 19 5
90 160 53 31 10
37 179 28 22 19
27 105 25 11 1
137 182 97 63 48
11 115 18 16 15
6 78 74 21 15
1 134 80 38 5
33 128 50 45 45
125 170 31 10 4
98 180 30 13 3
181 194 50 41 37
4 67 87 51 39
37 56 65 54 50
80 169 54 48 44
64 117 98 83 76
150 160 40 38 37
189 199 69 21 10
125 183 35 21 7
101 196 25 9 8
170 174 89 89 89
102 187 67 58 58
3 140 9 0 0
73 83 97 79 67
97 128 46 32 26
88 130 17 13 10
100 104 70 58 55
15 110 86 48 44
110 168 20 19 19
18 111 51 35 28
41 179 97 10 4
44 147 95 10 2
36 157 1 0 0
145 169 77 22 14
6 112 16 11 7
23 199 40 24 10
83 95 25 18 12
75 137 35 25 16
35 178 33 26 20
108 164 39 38 38
144 191 61 50 50
164 173 67 50 46
13 94 3 3 3
111 185 53 25 22
35 112 97 66 62
102 107 26 24 22
169 172 54 34 22
124 148 84 38 38
66 94 17 7 2
187 199 56 14 0
170 197 57 45 36
86 163 24 16 9
171 181 39 34 30
52 198 53 17 15
5 167 70 60 59
169 182 59 7 5
97 163 15 13 11
185 187 60 40 32
8 126 40 6 3
73 108 41 22 11
20 76 94 74 71
99 143 22 18 17
1 27 93 60 55
70 105 63 47 45
179 182 27 11 6
109 188 42 40 38
143 178 51 38 37
53 160 72 47 34
116 196 15 14 14
111 140 5 3 1
61 174 67 49 45
3 27 83 35 18
30 115 100 89 86
79 200 81 57 38
35 55 41 38 38
49 182 52 43 43
20 143 30 20 19
126 188 75 43 37
126 159 69 45 27
65 77 34 27 20
41 85 22 14 12
192 199 95 73 71
151 191 22 18 15
62 197 92 81 78
137 198 45 23 2
76 180 20 14 13
108 114 16 10 6
141 171 43 40 40
159 189 98 33 23
97 192 71 65 62
6 19 65 47 35
97 166 49 10 2
6 90 54 13 10
33 69 28 25 22
89 188 73 46 39
6 38 63 53 44
46 106 88 53 27
153 178 50 46 46
56 199 56 40 37
31 88 9 7 5
166 167 58 24 7
84 171 79 56 45
146 184 90 69 49
119 190 86 73 72
96 178 92 88 84
114 173 85 41 36
2 131 79 33 33
46 85 98 97 97
23 185 76 41 15
103 193 54 29 9
55 192 69 25 10
104 126 53 23 18
97 185 92 79 68
75 97 6 5 5
142 160 10 5 0
173 195 31 23 18
92 132 37 14 13
76 127 88 39 1
61 170 79 16 13
142 187 61 48 47
26 148 58 46 45
27 36 60 38 27
45 197 21 18 18
141 170 79 38 4
113 119 25 18 16
180 194 57 34 32
21 123 30 15 12
66 158 28 11 6
71 100 54 9 9
2 90 57 42 41
126 179 31 30 30
86 140 55 48 48
133 186 18 17 17
159 173 61 39 18
132 180 94 38 14
60 121 54 18 13
78 102 56 51 46
63 153 79 61 54
45 147 15 7 4
195 199 99 97 96
113 186 50 33 28
161 194 54 40 37
112 123 0 0 0
68 95 32 27 27
35 37 90 69 54
119 139 4 3 2
132 164 31 9 5
167 170 32 22 21
3 156 76 34 31
93 139 10 8 7
132 185 63 17 9
42 171 6 4 3
52 191 4 0 0
61 68 32 19 10
90 117 16 12 12
70 194 44 38 36
106 182 44 44 44
172 193 19 11 5
56 190 52 8 7
164 166 56 55 55
35 198 36 27 18
23 128 17 3 3
19 51 48 29 26
110 161 45 23 17
138 157 48 28 8
172 175 10 3 2
8 29 36 33 33
100 141 29 14 7
155 173 64 34 9
37 183 9 5 2
104 109 56 46 43
139 177 4 4 4
93 119 33 22 17
73 191 33 20 18
144 198 63 37 27
166 172 10 10 10
92 161 75 69 67
48 151 92 83 83
47 83 52 26 24
34 111 17 4 4
59 78 87 67 63
39 167 56 31 9
35 82 94 85 76
31 43 94 48 44
127 148 69 67 67
23 177 68 29 29
56 195 27 14 8
120 134 45 32 25
56 95 67 42 41
189 197 81 75 71
76 178 81 30 17
168 200 15 8 4
50 162 71 63 63
43 145 6 5 5
108 194 4 1 0
113 128 15 14 14
150 170 80 45 26
67 145 4 2 1
67 118 88 51 42
60 99 75 59 57
31 44 51 46 46
54 73 87 46 23
89 156 16 14 14
124 134 32 28 25
104 178 82 33 16
87 137 47 32 29
98 179 85 73 70
26 81 14 13 12
55 178 83 37 34
33 93 77 18 16
21 101 50 33 28
82 88 5 2 1
78 120 22 22 22
170 192 58 20 10
95 173 67 54 51
172 192 95 52 26
41 116 37 6 5
9 59 39 28 28
49 173 41 33 28
125 187 17 1 1
153 180 53 27 5
120 138 46 42 42
82 171 42 13 9
95 200 50 23 8
132 150 10 2 1
108 115 96 26 9
6 128 41 35 35
53 78 88 79 78
115 179 12 3 2
162 173 41 27 24
137 175 44 32 31
33 145 84 60 38
171 189 64 13 3
27 90 50 30 20
80 139 84 51 40
103 125 76 51 47
5 30 37 34 33
61 73 72 58 52
141 145 38 16 16
107 183 63 41 22
39 127 65 15 14
130 138 84 32 6
30 98 76 14 6
37 194 58 51 51
12 71 27 21 21
157 181 33 32 31
180 186 30 15 15
100 116 0 0 0
52 150 28 8 8
107 200 21 14 8
95 132 8 1 0
2 117 42 39 39
42 142 66 19 7
12 112 99 98 98
187 195 98 89 83
40 98 35 29 25
1 57 43 39 38
29 66 51 43 37
178 179 51 47 46
147 169 33 30 30
115 167 19 7 2
160 166 82 81 81
150 168 27 19 15
95 159 54 30 29
36 190 66 54 48
18 155 33 26 24
87 199 100 37 27
135 142 88 5 3
129 191 0 0 0
128 151 41 40 40
132 158 49 26 4
145 146 60 52 52
180 185 79 52 29
155 188 15 13 11
14 190 31 10 7
133 185 40 35 34
117 151 49 7 0
22 64 39 11 11
131 165 90 82 81
28 29 57 30 4
35 167 97 82 71
98 132 10 6 5
70 153 58 42 31
103 174 12 6 0
136 151 11 8 5
30 142 2 0 0
47 106 79 57 54
97 154 93 25 3
168 195 5 3 2
159 176 47 41 40
166 173 70 63 62
77 190 56 32 16
51 144 92 50 24
74 174 85 42 17
22 132 13 11 9
39 170 84 23 5
47 123 34 16 14
66 154 23 7 0
135 180 43 24 19
36 40 46 31 30
53 134 78 77 77
12 59 96 68 54
47 152 8 5 5
190 197 69 48 44
54 135 62 18 18
185 188 19 16 14
143 186 89 56 50
2 145 60 42 42
182 186 58 54 51
91 107 28 19 16
119 163 79 73 72
181 196 99 95 91
130 158 6 3 1
105 135 15 11 8
18 80 4 0 0
28 115 73 71 69
73 103 5 3 1
118 145 69 40 34
142 169 96 91 89
69 164 24 12 5
150 200 42 21 14
51 116 77 31 5
115 137 37 33 31
42 102 73 54 50
123 143 12 7 4
129 141 5 4 4
115 145 15 6 2
64 116 83 72 70
2 80 3 0 0
29 49 35 30 29
111 141 82 49 47
2 147 4 2 0
172 178 28 5 5
151 196 51 33 31
50 185 1 1 1
8 102 99 8 6
84 140 94 37 34
36 71 23 19 18
57 190 9 9 9
144 171 33 13 0
114 178 4 0 0
42 185 30 28 26
46 161 92 28 5
119 145 29 28 28
107 197 18 7 7
84 187 24 17 15
82 192 98 45 43
106 178 95 48 40
160 200 99 50 27
190 195 64 45 30
30 192 9 6 4
63 130 7 7 7
49 87 79 2 2
50 75 32 16 8
99 116 88 29 7
65 181 11 7 4
163 164 66 31 29
181 189 47 32 29
110 115 1 0 0
6 173 84 69 56
156 187 46 22 22
167 192 80 70 64
151 177 27 26 25
143 152 63 44 40
85 91 14 12 12
122 134 48 22 4
100 137 77 52 50
22 126 28 15 13
39 59 60 37 22
53 181 21 9 4
10 85 72 64 60
25 41 97 95 95
71 76 60 44 43
146 190 28 25 23
125 198 41 23 8
70 131 18 12 8
77 122 85 70 60
97 99 47 42 39
134 148 57 26 19
80 189 31 30 30
37 167 70 59 56
12 130 7 0 0
116 168 22 21 21
158 199 19 5 3
132 144 18 15 12
71 158 51 27 4
139 191 20 8 8
7 111 81 59 54
67 193 48 31 21
35 39 90 69 58
145 166 68 47 43
53 191 53 32 21
36 189 27 12 5
160 177 96 75 56
84 147 79 74 74
83 88 62 55 48
162 171 85 40 33
137 167 99 41 5
143 169 28 17 16
99 157 68 13 1
17 45 4 2 2
126 156 43 24 5
87 168 38 37 37
119 164 79 64 52
54 56 65 55 49
62 87 61 41 32
125 146 53 24 13
120 126 94 68 58
32 52 71 69 68
34 152 44 37 37
138 142 55 24 16
66 124 46 30 25
9 120 8 1 1
64 80 64 53 50
142 161 49 15 8
23 180 80 65 65
36 89 50 41 33
10 38 15 5 3
12 40 51 30 30
5 114 39 12 8
54 147 82 41 1
55 107 52 22 19
30 46 16 9 2
117 188 10 2 0
94 150 82 63 56
146 168 84 50 43
77 115 59 20 9
25 74 22 16 16
31 162 91 83 81
13 35 17 7 7
73 142 68 55 47
57 188 74 48 47
64 122 33 15 8
44 98 66 38 18
38 71 15 12 9
66 184 84 59 36
114 126 83 58 40
139 155 40 40 40
52 99 62 5 4
64 85 90 66 50
169 173 96 96 96
123 182 67 58 58
146 165 44 22 21
26 120 13 6 4
110 143 8 7 7
128 167 46 42 39
43 71 69 65 61
19 123 44 11 2
59 136 32 14 13
11 178 22 18 14
32 59 59 6 5
145 178 47 24 15
37 143 39 35 32
172 177 65 65 65
51 200 40 31 30
100 118 0 0 0
22 104 51 41 36
155 195 66 29 25
82 190 47 28 9
67 77 2 1 1
44 151 85 71 69
185 189 58 29 7
111 175 92 86 86
178 187 60 47 36
171 177 75 65 62
119 162 30 15 3
65 126 61 54 54
141 175 74 23 20
3 6 95 59 39
82 99 0 0 0
136 164 87 41 2
101 165 44 31 26
12 200 10 2 2
88 95 51 16 8
166 180 29 19 19
57 72 34 33 33
156 167 76 18 10
90 188 100 74 70
128 160 19 5 3
131 200 56 54 53
31 59 11 5 0
49 73 87 29 3
9 156 56 34 23
161 175 72 38 12
7 160 59 43 37
133 146 36 34 32
87 191 84 13 9
121 126 85 28 5
128 158 39 30 23
132 171 36 26 16
109 114 20 17 17
50 160 70 59 50
59 63 85 54 35
59 162 13 8 4
52 190 65 28 18
106 122 0 0 0
20 28 20 11 3
91 106 66 42 42
5 112 87 66 62
151 189 41 16 9
155 198 0 0 0
62 156 59 25 0
170 183 63 57 54
178 195 14 7 5
149 172 31 9 8
158 162 73 42 36
157 199 28 26 25
105 184 89 73 57
125 140 31 17 6
187 194 67 65 64
51 102 15 8 4
14 140 0 0 0
169 170 41 16 10
51 134 16 13 12
134 185 44 36 28
36 107 5 4 4
67 76 5 3 1
101 176 47 42 41
77 80 72 38 16
68 101 51 35 28
29 139 11 7 7
100 129 43 28 15
6 97 38 30 28
61 101 12 4 1
29 112 99 80 74
77 138 29 18 18
28 114 28 3 1
69 157 2 1 1
3 130 14 4 4
1 63 47 20 19
43 167 96 14 12
138 162 33 16 12
124 198 17 12 7
17 119 37 30 30
74 88 77 48 46
61 102 87 53 32
48 152 42 24 20
20 90 9 9 9
149 165 84 76 75
62 97 71 68 68
185 186 19 17 17
126 142 47 14 0
11 127 86 53 33
8 82 26 22 21
144 160 46 35 30
173 175 28 15 15
166 179 5 4 4
54 148 53 20 17
6 193 76 33 27
161 173 6 2 1
108 146 59 35 11
154 180 71 25 3
81 164 66 36 30
72 82 41 26 19
118 150 11 7 3
154 158 93 53 17
72 138 48 31 17
37 100 11 1 1
16 131 78 64 63
159 182 19 18 17
97 113 18 15 13
84 145 29 15 9
82 130 32 32 32
169 186 19 1 0
11 40 71 55 53
11 142 66 45 35
151 169 29 13 8
85 122 57 14 6
122 137 11 8 8
5 40 30 25 25
62 162 44 27 17
129 189 89 58 39
39 156 21 3 2
117 189 64 27 17
138 169 19 18 17
131 156 97 59 39
89 187 1 1 1
189 196 54 48 48
123 184 24 10 7
7 24 3 2 2
132 134 64 58 56
82 161 39 18 16
85 188 2 2 2
125 185 65 49 44
43 108 62 29 24
56 155 16 11 9
9 13 0 0 0
168 182 87 30 23
63 159 49 32 23
83 117 80 44 36
73 141 64 33 9
174 179 41 33 31
183 184 82 12 1
21 128 29 29 29
31 181 18 10 8
160 170 44 39 39
36 137 26 19 12
73 139 24 6 3
64 180 56 52 50
164 184 69 64 62
29 75 25 22 20
95 158 17 16 15
59 69 90 58 54
153 177 66 64 63
31 73 19 10 5
59 173 20 16 16
109 182 13 11 11
167 168 59 47 40
49 191 88 69 68
120 192 13 9 9
22 71 41 26 19
45 127 26 14 3
50 128 69 49 36
173 178 70 36 35
188 193 61 56 54
142 177 33 15 11
95 192 44 24 13
176 181 75 66 66
191 198 42 26 14
93 136 52 23 9
33 173 64 50 47
123 195 41 38 38
106 176 94 93 93
28 87 74 17 0
48 184 11 5 0
113 123 70 42 36
4 74 30 28 27
60 157 73 34 31
188 189 60 26 14
54 110 47 38 38
129 167 22 7 7
108 145 14 12 12
67 100 87 79 78
159 180 75 67 62
71 84 43 15 9
104 170 36 10 2
40 165 27 24 23
184 195 17 16 15
10 104 14 8 4
128 200 16 6 0
138 197 80 30 14
135 178 83 73 66
103 105 75 71 68
105 139 97 89 83
59 193 33 19 5
127 132 8 3 3
59 106 60 48 47
154 175 0 0 0
61 143 62 41 30
19 118 38 27 24
58 179 72 17 2
127 177 25 6 5
14 191 6 4 4
154 196 4 1 1
35 195 36 24 21
73 178 24 23 22
23 58 15 8 5
54 129 58 29 22
79 185 49 26 26
115 188 30 16 14
76 136 21 19 18
78 144 21 18 15
78 90 83 61 54
111 183 67 40 26
23 146 79 72 72
60 88 9 4 2
74 125 91 88 87
107 110 87 69 66
19 87 36 35 35
187 188 57 52 50
19 122 69 24 6
80 165 63 12 4
93 189 55 6 0
147 174 7 2 2
53 173 13 4 2
171 173 8 5 4
6 149 1 0 0
86 177 72 51 44
62 103 70 43 35
103 124 81 33 22
49 178 5 1 0
132 181 79 53 44
163 192 44 20 9
96 152 11 9 8
105 190 59 26 19
119 149 43 31 25
49 181 41 40 40
108 189 77 39 3
12 151 65 39 18
77 109 89 77 71
101 180 57 40 36
32 132 60 59 58
75 145 7 5 3
50 154 1 1 1
139 160 17 6 3
41 143 88 58 53
189 195 34 8 8
106 193 3 0 0
71 179 76 52 41
26 142 67 58 50
147 155 81 38 32
65 100 14 6 4
154 193 5 2 1
134 197 30 15 11
153 200 39 35 35
108 161 62 1 1
23 125 62 31 14
113 122 78 54 54
98 121 30 17 11
108 186 60 60 60
143 157 58 22 0
110 159 2 2 2
5 8 61 46 41
157 178 12 10 10
8 142 82 28 26
75 193 74 67 67
108 197 74 68 65
32 126 54 29 26
138 193 16 2 2
15 49 89 36 11
42 123 80 43 41
83 97 7 6 6
174 181 30 13 10
168 175 75 14 0
112 176 42 25 25
145 151 70 44 43
86 178 32 26 26
133 182 57 40 28
15 184 49 48 48
121 185 35 30 25
16 69 33 2 0
84 132 69 54 54
142 151 87 4 1
77 178 66 35 16
88 96 55 31 23
70 161 45 7 2
168 191 15 9 3
37 166 80 24 6
64 103 59 59 59
57 161 34 30 30
188 194 9 7 5
103 155 54 48 44
43 151 35 27 22
113 175 41 36 35
66 150 55 41 40
102 175 13 7 3
104 138 41 24 19
81 183 37 16 16
78 196 34 19 10
28 122 96 32 10
129 197 46 30 26
19 179 17 6 3
43 64 60 39 19
100 117 48 27 26
113 181 84 54 39
100 160 29 6 5
74 186 9 6 6
13 62 50 27 27
73 177 20 17 15
178 185 78 28 19
54 121 96 40 11
11 35 98 88 79
56 114 99 2 2
106 148 72 26 8
153 154 35 33 33
12 182 19 14 11
30 185 97 40 7
50 58 81 80 80
84 189 65 28 25
134 152 40 9 6
13 25 34 18 13
20 50 7 5 3
62 168 76 35 19
91 153 51 36 33
79 90 18 9 8
156 186 62 33 16
85 171 100 48 34
93 173 79 40 7
91 100 40 4 3
24 137 63 33 27
30 82 14 9 9
146 161 3 0 0
144 153 40 34 32
161 200 50 19 10
172 184 90 87 86
138 186 90 47 46
146 182 75 69 69
87 97 51 12 0
71 72 47 22 15
69 165 89 23 13
137 165 21 18 16
177 178 41 34 28
28 64 89 53 25
117 122 54 33 26
43 67 0 0 0
20 123 18 5 1
71 160 26 23 23
128 197 35 21 21
63 97 66 54 46
72 98 35 10 9
117 196 46 33 21
112 197 83 82 82
35 187 82 43 39
8 83 67 65 64
54 55 81 47 35
65 194 18 17 16
76 179 39 9 4
126 128 83 50 28
115 177 81 67 63
20 53 22 17 15
51 87 74 53 42
103 197 31 9 7
153 198 5 2 2
30 136 6 3 3
41 111 61 43 41
136 188 85 71 62
73 84 26 24 22
13 100 87 42 5
69 71 96 82 69
188 199 70 27 3
66 189 70 28 1
107 170 73 61 53
44 150 59 58 58
78 142 53 30 14
52 96 35 24 20
179 195 37 13 12
9 122 63 17 9
148 183 72 71 71
102 195 73 69 68
11 132 91 16 3
91 121 43 23 9
159 174 74 63 53
60 163 19 12 12
80 116 68 66 65
112 170 5 3 3
79 190 34 14 7
1 89 79 60 44
60 118 72 61 53
60 112 77 66 61
128 152 13 11 9
83 116 70 59 55
63 150 1 0 0
34 177 25 25 25
58 164 52 43 39
51 62 63 60 58
98 113 79 20 2
143 171 58 35 16
122 129 40 34 32
87 171 17 15 15
44 87 91 80 76
18 183 45 21 8
146 192 37 30 27
55 185 33 17 16
158 187 2 2 2
86 131 52 47 47
86 160 32 13 7
32 153 96 57 42
153 199 33 13 5
21 152 9 9 9
105 164 92 69 69
140 159 96 32 21
103 113 87 66 57
160 173 67 39 27
114 180 68 32 19
3 157 61 42 40
67 153 32 17 10
79 156 49 39 30
23 195 82 47 40
145 167 69 43 25
133 151 48 24 21
136 172 13 3 3
130 154 57 54 52
14 138 47 36 31
58 87 91 66 41
112 146 67 61 60
124 174 30 23 20
53 57 58 57 57
56 74 100 79 72
101 109 58 26 10
10 133 20 5 0
100 156 59 47 36
65 138 39 14 5
105 121 3 2 2
38 97 47 40 35
134 180 2 0 0
43 101 14 9 7
97 195 2 2 2
102 181 30 27 26
122 153 75 72 70
170 184 81 45 38
55 70 67 57 51
126 129 40 29 29
180 192 44 25 13
25 102 28 14 9
53 141 3 0 0
8 181 24 20 19
50 170 68 8 1
86 183 54 21 10
100 103 54 48 47
143 182 60 31 11
1 82 76 44 20
18 77 15 11 7
101 166 3 2 2
53 59 23 4 4
130 163 12 7 3
34 51 85 19 9
84 178 33 30 30
84 199 4 1 1
97 131 80 61 52
2 103 48 43 40
67 199 6 3 3
15 16 33 24 24
22 197 65 62 61
143 153 2 2 2
7 179 63 40 22
45 199 77 66 62
108 174 63 18 12
53 106 63 63 63
154 175 75 74 74
129 160 4 2 2
90 105 77 48 45
110 154 83 79 79
103 146 64 55 53
42 96 20 12 12
34 164 11 2 0
54 118 80 21 19
93 95 76 42 31
177 189 62 34 33
98 115 66 43 37
60 113 64 56 54
158 180 1 1 1
12 82 54 46 38
63 200 66 29 6
24 44 44 8 8
12 161 94 88 87
2 136 11 3 3
167 198 53 47 41
16 112 21 13 12
100 113 96 92 91
138 164 88 29 17
146 153 94 81 68
102 174 56 24 23
26 79 65 26 10
103 184 33 23 22
31 194 25 2 1
108 170 80 47 47
149 184 70 46 32
114 196 98 63 29
117 198 4 4 4
76 135 14 11 9
138 168 62 46 36
60 73 2 2 2
148 178 70 63 62
71 74 75 45 27
39 168 12 7 4
24 89 16 8 2
71 156 71 56 41
145 148 86 59 48
18 24 87 42 22
24 139 46 34 22
16 45 88 69 67
90 183 71 38 34
98 110 82 31 15
105 186 14 11 10
84 160 74 55 48
109 184 19 2 1
186 197 97 85 81
84 150 40 40 40
189 194 89 54 44
42 50 97 83 74
97 171 2 0 0
148 172 68 43 29
1 84 83 20 13
105 191 21 9 8
145 189 4 2 1
9 69 16 13 13
28 65 43 17 12
113 149 30 25 25
52 174 32 31 31
28 83 20 14 14
11 198 65 44 29
84 161 22 19 17
50 176 84 42 26
172 199 68 46 43
55 136 95 44 7
69 108 14 8 6
92 151 92 49 32
78 175 92 68 66
21 89 32 17 5
65 70 25 7 6
144 152 55 43 32
155 192 57 37 18
164 183 93 71 55
29 60 31 25 25
71 145 28 8 4
11 120 56 49 47
25 153 74 63 59
119 183 51 35 32
155 176 90 77 70
89 120 10 5 4
24 157 23 13 13
40 51 40 13 6
37 115 4 4 4
167 197 33 21 15
14 174 13 10 10
52 183 86 34 33
16 61 11 10 9
74 128 55 23 15
117 170 7 3 0
90 109 45 19 17
173 188 56 10 3
143 190 23 12 11
120 185 14 10 10
98 104 74 63 58
66 73 9 6 6
55 105 55 52 50
150 194 45 9 9
150 193 95 77 63
3 74 22 5 3
45 135 46 25 17
38 130 89 66 52
148 191 8 5 5
47 116 91 31 11
110 175 99 65 61
25 126 64 26 0
97 188 68 64 63
106 124 65 51 51
112 114 18 6 2
65 182 10 8 8
149 198 79 67 63
79 131 61 45 42
28 75 24 22 20
38 198 28 12 4
113 152 49 23 0
61 192 6 6 6
44 53 57 6 2
88 138 80 64 59
22 31 100 60 26
91 188 67 28 27
146 193 41 6 2
124 160 33 24 21
31 197 39 33 30
69 167 70 47 34
39 115 63 46 31
64 94 58 37 31
38 39 22 17 16
183 194 8 2 1
116 143 43 24 15
120 137 33 9 6
92 115 10 6 2
163 166 69 18 15
145 184 33 15 13
149 174 34 28 27
70 133 34 24 18
181 198 47 38 37
9 81 29 28 28
129 199 65 27 22
54 177 47 26 18
161 179 67 47 42
115 181 13 1 1
15 64 91 86 85
90 125 32 30 28
123 126 79 66 57
77 102 18 15 15
85 124 97 43 30
24 129 49 43 40
51 146 35 1 1
12 117 58 51 46
133 187 9 8 8
90 200 22 18 17
115 196 49 32 15
121 135 59 43 37
86 147 65 36 35
66 77 100 79 73
155 157 33 30 28
73 94 3 2 1
83 167 48 14 6
135 190 81 54 48
106 180 34 15 15
124 128 6 3 2
23 37 73 32 15
23 196 5 1 1
120 141 80 57 34
118 192 77 74 74
72 87 80 51 51
21 169 6 4 3
121 122 42 36 31
188 191 68 36 8
2 192 4 3 3
161 195 61 56 52
35 76 84 24 5
70 108 58 23 16
62 107 40 30 22
62 165 48 27 20
165 177 27 9 8
114 140 22 11 8
143 194 88 85 85
19 37 6 5 4
66 71 44 12 3
166 195 56 48 48
72 77 45 21 1
171 192 28 13 5
85 160 5 2 1
55 156 83 68 58
126 137 30 19 19
153 184 4 3 3
161 167 50 26 26
49 78 71 42 42
108 190 89 32 26
124 145 95 64 55
114 197 50 21 4
17 19 7 7 7
67 79 58 19 1
85 151 46 15 10
135 160 71 23 19
14 173 17 9 5
151 193 40 7 2
26 97 88 75 72
140 186 74 74 74
74 109 17 12 12
38 62 5 4 3
124 154 49 44 44
109 198 61 5 4
25 174 71 64 62
131 199 73 6 0
67 99 98 94 94
129 181 66 60 56
152 190 35 22 17
153 195 16 14 12
150 182 81 51 48
45 68 40 15 8
41 173 79 52 50
98 119 93 82 77
25 151 8 8 8
57 99 88 61 35
77 181 10 9 9
4 150 50 34 25
116 187 7 2 2
80 158 100 95 90
35 193 71 30 30
2 15 39 16 15
151 170 23 22 22
169 198 93 59 35
96 157 41 40 39
7 27 33 25 24
48 129 94 71 66
14 194 96 37 29
153 157 52 38 31
47 49 51 8 0
106 115 59 42 28
48 156 9 8 8
21 108 9 5 1
83 146 21 14 14
81 106 83 35 23
159 179 57 33 31
61 132 65 43 29
177 192 64 43 27
8 163 31 30 29
121 199 8 4 0
102 172 56 21 10
102 169 76 32 23
32 75 13 13 13
70 134 5 5 5
73 168 24 22 21
106 130 24 12 0
66 99 20 2 0
20 167 24 14 12
111 117 70 35 29
160 193 14 12 11
177 181 54 6 2
157 180 68 37 20
133 171 91 63 52
87 135 83 17 5
36 166 54 16 10
29 70 60 58 58
56 169 63 50 41
3 16 98 84 74
47 149 51 42 36
5 193 91 49 43
135 153 57 32 8
52 200 1 1 1
20 22 46 38 30
164 172 43 26 17
160 180 79 45 29
58 107 42 27 18
81 182 12 10 8
37 60 81 57 42
77 126 96 38 33
86 103 27 17 15
38 40 14 10 9
28 171 39 23 9
188 196 79 79 79
150 189 84 29 12
137 140 18 14 10
71 184 96 34 5
136 163 83 81 80
70 95 25 23 22
69 145 28 28 28
5 161 80 80 80
178 200 61 57 56
33 86 21 11 11
134 165 48 34 24
154 159 30 14 2
158 174 38 34 30
12 23 91 22 21
14 179 41 41 41
88 178 75 69 69
123 155 7 4 4
56 109 93 66 50
39 157 83 37 31
19 126 35 23 14
30 64 74 31 11
127 143 26 25 25
118 121 62 28 25
84 92 9 7 6
175 198 87 39 1
133 176 83 49 45
108 191 29 15 14
7 164 87 60 39
115 194 75 69 63
65 104 85 85 85
90 104 51 45 42
92 171 89 79 72
74 122 47 9 2
82 128 6 2 2
94 134 8 7 7
29 198 61 50 50
43 180 89 82 80
140 169 13 7 7
176 189 54 40 31
132 190 24 8 4
70 181 92 36 8
20 120 2 1 1
123 144 51 36 35
69 174 72 9 7
104 117 22 21 20
101 132 50 24 5
108 132 14 6 1
96 123 92 18 17
7 88 52 37 29
34 140 12 4 4
45 164 37 16 8
118 130 3 2 1
85 159 3 1 0
24 98 99 39 39
187 191 74 35 15
37 45 81 30 16
17 121 19 10 3
38 42 77 66 61
2 156 65 50 43
96 160 23 17 15
139 193 100 65 64
155 187 37 19 12
19 157 67 62 60
14 21 63 23 11
55 80 90 44 5
45 180 73 54 44
153 185 46 22 5
7 67 65 52 45
113 168 10 5 3
11 64 92 73 59
124 126 84 48 40
50 111 81 66 64
76 155 63 49 42
72 118 28 27 27
54 169 97 49 1
130 191 51 49 49
125 197 83 54 52
3 79 62 19 4
15 162 25 20 16
81 145 47 21 18
153 158 62 23 2
69 104 50 34 34
98 170 60 36 32
25 131 45 33 32
85 104 33 25 20
140 152 81 77 77
123 179 69 53 43
85 168 14 10 7
81 169 16 11 7
73 172 37 7 0
40 131 7 3 1
14 41 56 34 31
46 101 28 11 5
107 124 5 0 0
30 179 56 34 34
77 89 43 26 21
64 169 84 42 28
33 196 18 8 6
35 140 80 76 74
191 192 88 59 57
99 195 61 17 0
87 131 93 83 80
17 158 43 23 15
153 197 79 18 12
177 195 52 18 8
114 150 60 22 12
96 169 94 84 82
123 180 45 6 2
85 131 10 2 0
22 169 32 16 7
116 173 54 26 13
3 20 47 22 15
49 108 67 44 30
55 176 92 79 72
169 180 82 53 38
99 196 20 18 18
96 185 99 44 34
10 99 59 41 41
32 187 64 61 60
142 175 89 89 89
39 64 90 59 55
14 140 90 62 51
87 157 18 16 14
70 137 34 30 27
93 135 16 13 11
4 123 20 6 6
55 100 86 35 20
33 143 44 20 20
86 196 68 66 64
107 156 13 11 11
61 127 80 66 64
77 182 43 12 2
18 178 99 67 51
182 189 66 37 30
17 196 33 32 31
85 184 76 28 6
145 168 76 54 53
141 164 74 44 35
57 148 0 0 0
48 145 39 24 24
146 156 85 49 31
168 189 67 65 64
54 194 0 0 0
157 167 33 17 6
45 63 62 27 3
140 164 97 81 78
159 178 43 25 12
75 122 62 24 17
77 134 79 65 51
62 65 10 6 5
89 171 3 2 2
92 138 45 40 36
147 156 40 28 21
126 170 80 73 73
17 159 57 54 54
53 94 64 56 55
15 127 14 11 11
53 70 80 55 38
161 193 35 32 32
79 142 45 38 34
104 179 92 3 1
114 172 17 7 6
96 103 19 7 6
157 159 73 49 45
135 172 27 25 24
73 196 66 42 41
68 138 48 37 33
134 143 77 47 27
76 115 43 30 30
118 190 2 2 2
26 137 25 19 13
91 178 8 5 4
56 106 93 33 1
98 154 78 59 59
28 131 43 38 36
120 142 99 50 27
58 66 34 14 1
21 106 39 22 21
31 151 26 19 15
103 195 74 65 63
59 113 62 47 46
149 199 35 35 35
100 195 78 67 65
39 145 45 38 36
101 191 56 54 54
60 168 96 75 62
25 101 17 17 17
166 177 3 2 2
86 156 70 53 40
133 153 38 21 17
12 75 49 30 30
87 122 6 2 2
38 51 28 18 14
58 185 59 35 31
24 123 44 16 14
142 158 96 90 85
157 166 28 13 0
24 149 94 87 85
140 177 9 4 2
152 158 50 41 39
77 100 3 2 2
142 166 82 64 55
37 95 36 22 21
143 192 5 1 1
140 195 51 50 49
109 159 65 52 46
152 197 36 19 11
61 133 87 14 12
116 137 6 3 1
132 153 95 94 93
105 137 11 9 8
180 189 70 62 59
31 45 15 13 13
58 198 38 25 18
149 168 57 14 3
147 196 31 9 8
157 170 20 18 18
132 165 82 72 64
54 97 4 3 2
112 154 84 14 1
106 131 65 35 14
44 171 65 56 51
163 172 93 81 69
106 154 69 37 29
114 152 90 44 17
161 190 8 3 1
2 165 12 11 11
157 171 65 36 33
77 179 18 12 8
37 108 1 1 1
106 196 56 20 17
13 57 90 42 37
7 59 53 40 35
36 54 59 27 23
69 132 53 15 2
39 62 64 36 23
134 144 70 59 54
105 111 38 25 23
98 123 70 56 49
35 146 13 12 11
155 198 1 1 1
21 114 69 32 23
187 200 63 38 17
140 172 87 30 6
73 106 17 6 6
38 69 28 12 10
45 81 14 6 2
89 159 31 22 20
98 137 31 16 10
123 169 72 46 42
104 167 83 60 59
62 93 1 0 0
114 147 18 7 3
46 136 72 14 7
39 155 30 15 7
90 195 3 0 0
53 138 76 51 49
137 143 7 1 0
37 38 99 53 42
146 152 24 13 5
114 192 75 65 55
141 154 87 50 14
2 57 21 21 21
60 82 95 54 26
151 187 48 47 47
175 177 29 11 1
138 149 100 75 69
128 146 47 46 46
61 154 15 6 5
113 127 10 9 9
128 134 25 8 1
83 200 9 6 6
63 183 38 17 10
69 138 12 10 10
47 176 68 52 46
49 137 61 53 50
67 197 2 1 1
140 151 70 46 31
143 151 82 10 7
3 24 64 46 38
25 38 49 40 40
94 181 27 10 10
59 185 90 35 18
93 184 98 71 53
22 38 84 15 14
68 87 91 33 18
8 155 27 18 14
123 147 96 87 82
115 136 28 14 9
22 39 93 77 70
101 125 31 18 8
68 176 72 72 72
74 183 52 29 9
87 183 42 10 6
144 167 94 79 77
141 182 78 25 25
177 191 29 7 5
59 120 81 46 41
95 126 45 24 23
72 116 45 13 11
159 169 39 29 25
30 112 0 0 0
156 178 42 7 5
86 174 93 54 51
55 126 0 0 0
98 147 1 0 0
1 32 55 15 7
145 199 47 29 16
17 30 66 61 61
84 111 82 30 16
80 182 69 27 10
74 100 63 36 21
57 116 62 50 42
88 164 85 70 65
25 44 92 63 54
65 68 71 61 60
43 190 4 2 1
175 180 63 56 49
93 115 70 40 22
34 36 27 16 10
28 73 42 23 8
48 88 49 21 21
49 125 20 10 8
32 183 84 80 80
113 145 72 57 46
129 149 87 42 13
33 95 89 76 76
131 143 32 21 15
29 164 53 15 14
81 160 22 14 7
23 44 77 34 6
121 160 79 71 71
129 195 23 13 13
59 99 47 29 17
85 119 65 31 19
10 110 84 67 65
47 177 33 19 12
135 171 92 61 57
149 156 52 16 9
117 125 56 44 41
171 199 36 28 28
19 188 37 19 16
25 193 5 3 1
7 60 49 22 13
5 90 90 23 4
10 68 86 82 80
64 162 74 13 13
7 138 28 15 5
171 187 66 29 18
69 75 51 33 25
87 167 41 34 34
52 173 47 31 26
170 171 91 81 73
161 171 61 38 16
3 159 37 29 28
149 197 82 46 35
64 136 81 31 28
109 129 54 40 27
2 127 59 22 17
122 151 39 34 31
72 148 15 15 15
15 45 74 33 6
97 109 80 11 2
71 152 10 10 10
80 176 19 16 15
57 87 23 8 7
3 180 9 7 7
147 172 41 19 18
116 127 93 59 58
139 174 36 32 32
35 109 31 6 3
48 58 41 17 10
56 84 84 43 22
113 143 53 33 33
111 164 95 78 64
80 112 45 41 40
123 181 89 89 89
176 193 67 52 40
120 147 49 40 40
7 75 84 27 22
89 155 80 42 24
163 165 44 23 9
127 168 19 9 8
86 153 89 42 39
20 175 33 18 16
42 64 51 26 13
43 139 54 23 21
75 147 0 0 0
36 114 33 22 16
78 126 95 80 66
15 182 94 38 37
98 140 56 41 36
45 71 1 0 0
42 110 3 2 2
32 77 42 38 37
15 52 1 0 0
47 80 26 17 10
29 146 80 26 21
8 75 7 6 5
65 130 75 54 49
65 173 53 31 24
22 86 37 16 7
57 141 64 35 7
5 69 78 70 70
184 194 68 67 67
137 189 77 66 64
78 150 57 47 37
66 130 29 27 26
7 104 7 2 0
1 94 62 22 3
106 107 12 5 4
157 197 90 70 57
114 160 97 57 35
57 110 24 6 0
97 196 36 16 3
54 153 62 56 52
37 114 93 54 43
119 170 76 38 24
145 190 9 7 7
144 169 87 31 11
128 191 39 25 23
12 30 34 25 20
98 105 71 42 25
10 79 73 48 44
39 84 1 1 1
156 189 52 36 31
96 197 96 53 31
22 42 76 66 64
147 160 79 46 39
30 52 60 13 9
178 183 79 40 19
8 137 20 7 7
38 107 40 15 2
111 193 32 23 21
106 134 11 9 9
140 198 68 62 57
55 58 20 6 2
126 183 6 3 2
32 47 6 2 1
119 192 99 99 99
63 174 76 31 30
131 190 87 45 38
62 188 100 61 41
31 153 22 7 6
10 114 99 50 39
1 160 44 24 14
12 55 40 37 36
102 155 98 4 1
60 152 1 0 0
172 186 12 6 6
125 129 43 17 11
7 109 18 14 10
85 121 9 8 8
169 183 39 12 11
163 186 49 36 24
72 153 18 7 5
87 187 31 17 16
47 136 27 11 6
139 179 0 0 0
54 157 71 45 37
94 148 46 23 14
113 131 89 56 52
19 75 57 51 50
178 189 96 86 80
177 183 39 20 11
152 195 92 81 80
93 199 92 33 25
91 199 86 60 49
98 152 47 42 41
156 183 66 9 9
6 189 88 67 62
6 41 66 57 48
51 187 0 0 0
38 106 2 1 1
140 181 22 22 22
127 158 60 60 60
47 77 56 16 2
115 132 28 25 23
48 135 88 37 36
95 143 46 44 44
26 170 42 1 0
23 148 80 79 79
3 178 48 34 34
97 193 75 66 63
16 103 56 55 55
150 178 53 20 12
43 83 66 62 61
168 192 97 47 46
36 64 6 4 3
178 181 58 37 26
73 143 54 44 38
96 143 67 48 40
115 147 87 54 24
72 142 85 66 53
89 185 55 31 12
38 46 21 16 14
137 139 79 53 29
49 51 59 43 29
82 93 15 4 2
51 93 15 5 5
154 178 17 12 8
127 129 36 19 19
85 126 23 16 14
62 89 43 38 36
47 82 3 2 2
150 154 53 33 30
10 162 85 67 61
24 71 97 79 78
104 196 39 28 28
190 196 96 79 62
140 194 46 18 3
143 156 51 49 48
2 17 56 44 44
30 145 33 33 33
22 32 100 29 16
156 179 33 31 31
113 176 31 26 26
63 189 18 1 0
79 147 68 31 17
30 37 88 56 33
46 197 14 8 3
5 142 95 44 30
46 55 41 35 35
7 121 53 37 22
88 151 79 68 65
22 139 24 18 16
62 63 48 30 29
52 148 99 19 13
35 93 16 16 16
9 37 93 58 53
52 120 58 56 56
127 136 94 66 50
50 178 60 36 31
36 66 96 56 35
39 181 21 21 21
150 183 74 38 32
52 158 18 7 0
85 132 14 12 12
174 175 49 47 46
151 161 96 64 58
123 185 95 52 52
76 104 86 68 56
65 158 54 44 41
49 79 88 42 40
162 169 23 19 16
73 180 12 10 9
93 192 84 78 78
152 180 11 11 11
12 198 3 0 0
90 126 34 8 7
110 138 31 12 8
35 170 29 19 17
122 182 12 9 6
107 131 34 34 34
147 193 43 38 37
125 157 31 30 30
114 174 24 24 24
108 167 29 14 6
34 79 41 40 40
119 181 72 70 70
1 119 55 28 13
61 62 75 25 2
96 144 41 34 34
26 117 75 63 57
97 124 39 32 27
45 50 1 0 0
75 182 56 30 13
165 195 37 37 37
23 111 67 63 63
79 126 62 42 24
19 143 15 9 7
42 89 66 64 64
2 119 50 33 27
79 97 37 12 5
19 31 53 23 17
103 185 14 12 12
154 189 95 77 63
72 89 10 5 1
19 140 4 2 1
103 191 49 46 43
63 169 1 0 0
107 146 75 20 6
105 126 33 15 13
36 130 76 30 1
41 97 2 1 1
16 169 75 25 13
54 189 48 24 13
144 150 29 1 0
64 200 7 4 2
56 102 91 62 49
5 151 67 38 20
69 81 8 2 0
72 187 93 53 13
71 131 16 10 5
16 158 72 33 14
39 177 30 25 25
92 128 97 34 19
117 190 82 61 49
182 191 84 72 69
87 192 89 63 55
170 190 62 7 1
127 175 48 22 8
13 61 81 66 60
55 153 3 1 1
136 159 48 22 22
134 158 24 24 24
19 169 22 15 11
39 118 38 11 4
47 100 33 30 27
61 141 81 8 3
150 174 26 16 10
155 177 51 45 45
2 151 11 7 3
150 184 83 39 8
67 160 59 36 29
114 125 18 16 15
104 142 61 32 25
55 94 27 18 17
26 189 100 15 12
92 95 1 0 0
60 128 92 87 86
64 190 58 49 41
97 100 12 11 10
40 83 15 10 5
136 168 85 63 59
61 63 88 3 0
58 136 3 0 0
25 190 69 55 49
135 185 65 53 51
41 104 73 46 21
138 173 27 15 5
136 199 69 19 11
129 200 52 25 11
98 156 33 19 10
177 184 93 83 81
79 107 6 5 5
150 191 46 17 7
56 112 89 53 18
40 118 83 82 82
20 152 93 47 9
17 66 48 26 9
118 179 26 17 9
154 184 48 20 0
26 91 82 29 1
169 171 16 7 6
98 190 24 19 16
32 56 30 30 30
126 136 36 26 20
55 125 97 64 56
74 168 42 22 19
152 198 90 60 57
35 161 93 44 34
84 91 58 20 0
22 171 19 12 8
57 131 30 13 6
160 184 10 5 0
161 168 78 74 72
111 134 73 47 43
21 165 11 8 8
43 84 79 74 73
175 179 47 38 35
66 198 100 60 54
74 137 86 45 17
78 88 50 31 19
78 79 45 39 33
130 131 27 18 11
145 155 38 34 30
50 52 80 38 36
99 184 24 7 1
104 130 57 24 22
99 200 65 37 30
8 121 46 38 34
32 99 86 39 12
22 134 24 21 21
87 159 51 18 12
23 82 11 9 8
29 194 33 21 21
23 94 86 57 43
59 64 32 22 21
144 164 41 30 25
91 165 96 69 42
116 133 55 27 11
108 192 98 41 36
168 186 83 32 17
27 169 61 43 34
160 174 58 54 51
44 184 75 42 38
49 95 16 12 8
43 86 88 17 15
115 176 12 5 4
6 12 80 28 12
81 109 63 31 10
107 128 97 61 47
54 65 38 20 7
52 86 98 29 6
85 149 54 16 5
157 176 15 10 9
7 191 73 37 13
154 199 80 58 51
18 133 33 5 4
74 82 91 27 20
115 131 51 17 2
41 123 29 5 0
16 121 86 38 4
11 119 30 20 13
121 173 11 2 0
51 163 6 3 1
90 158 33 22 13
21 155 88 15 15
137 160 96 31 26
141 158 38 17 7
136 194 45 24 22
89 193 49 22 17
29 188 4 4 4
149 167 46 43 42
19 184 97 76 58
79 103 77 43 35
93 198 91 84 79
117 162 69 31 28
25 77 30 20 14
71 166 24 7 6
32 97 99 28 9
87 99 40 37 37
150 158 40 25 24
111 196 97 39 37
158 181 51 42 40
109 111 22 22 22
95 172 17 5 4
157 173 54 7 6
115 193 8 6 6
148 194 16 5 1
142 195 18 17 17
63 67 23 11 8
186 194 54 48 46
78 197 77 75 75
54 94 34 11 4
106 136 50 13 4
50 179 17 6 4
58 129 67 55 50
38 167 5 4 4
131 153 52 33 28
78 97 94 84 75
117 144 3 0 0
128 186 77 24 24
29 144 99 17 10
106 126 76 57 57
165 175 10 10 10
6 164 33 21 17
53 153 69 64 64
24 29 23 14 14
176 178 52 36 36
59 153 76 7 7
3 72 99 48 24
157 192 38 16 5
175 186 34 5 5
14 22 99 64 40
2 19 98 36 9
145 195 4 3 2
7 101 64 50 40
165 180 44 25 13
104 169 40 29 29
108 131 91 12 1
75 158 20 11 8
49 194 24 20 17
82 163 73 48 44
166 193 7 4 4
143 191 53 49 49
31 166 84 50 50
141 149 57 57 57
80 153 48 21 15
22 73 33 26 26
50 145 19 9 4
99 121 29 28 28
47 95 92 47 10
126 195 94 48 42
165 189 73 64 63
109 185 36 17 6
85 167 69 26 24
100 166 89 36 4
153 155 23 23 23
51 137 65 48 48
127 153 81 80 79
134 146 51 20 16
97 121 38 4 4
146 167 50 21 12
92 163 31 18 16
116 128 86 35 11
191 193 22 19 17
93 133 59 28 13
145 187 85 53 29
50 188 46 11 2
10 172 0 0 0
45 67 90 66 59
10 116 4 4 4
130 169 77 63 54
108 156 76 57 51
38 87 34 17 9
89 97 71 27 9
150 198 15 14 14
45 137 59 56 56
141 177 86 45 5
51 172 27 26 26
58 178 23 9 2
126 190 17 6 4
117 177 33 7 6
121 130 90 34 24
142 194 93 20 11
131 175 5 3 1
111 180 0 0 0
96 172 88 50 19
68 117 80 46 35
66 131 60 19 9
16 170 7 4 4
127 193 78 48 31
59 176 30 23 19
54 130 75 66 60
162 183 87 47 18
106 121 62 32 31
2 86 24 12 1
14 51 77 55 36
88 90 68 58 49
32 179 25 12 5
58 186 79 17 17
113 155 97 33 15
130 167 94 31 20
72 93 36 34 34
67 98 43 7 6
18 116 25 24 24
72 85 10 4 0
86 120 3 2 2
14 61 51 29 14
86 184 0 0 0
35 45 82 61 42
47 170 48 32 16
52 171 47 9 6
120 130 77 10 10
11 112 47 18 1
72 113 94 74 68
149 173 20 15 12
31 106 78 40 24
35 157 33 31 29
159 165 19 15 14
67 82 100 96 94
58 93 19 9 5
128 155 56 26 23
4 21 52 40 38
49 99 91 9 5
31 138 40 12 6
150 153 75 40 35
45 96 29 9 1
74 98 95 82 82
37 180 96 41 30
61 106 14 11 11
27 82 0 0 0
175 176 67 29 8
89 164 54 32 29
43 142 2 2 2
20 65 36 33 32
31 199 70 14 3
155 168 71 65 63
14 126 16 4 4
72 154 95 45 1
57 177 26 18 15
18 134 68 62 61
8 99 87 39 33
53 186 73 30 22
133 174 69 47 43
54 71 31 25 24
115 169 56 34 21
110 148 20 18 16
43 113 23 20 19
111 135 49 46 44
39 152 32 26 23
114 124 81 38 24
124 143 61 4 3
1 150 6 3 2
37 170 96 69 66
50 109 42 14 6
155 166 60 46 42
18 68 68 60 59
129 145 27 21 17
11 43 13 10 9
82 101 33 32 31
6 83 77 74 73
166 174 60 41 34
76 160 28 15 12
87 186 45 33 22
55 122 1 1 1
101 149 62 55 55
103 200 62 33 33
86 161 5 4 4
47 125 14 4 4
99 179 30 18 6
90 150 24 21 19
110 147 99 26 12
81 95 25 13 8
127 181 2 0 0
120 181 53 42 40
71 81 7 5 4
88 136 93 28 15
70 150 89 78 71
151 163 59 37 31
37 151 44 16 2
130 170 93 63 46
58 96 76 26 2
143 185 13 4 4
130 195 13 7 7
136 195 73 64 64
54 181 25 21 19
64 196 15 13 12
47 180 4 2 1
66 129 89 44 36
18 51 74 29 7
50 61 60 28 1
161 180 75 41 38
41 196 26 26 26
48 194 19 10 7
156 196 12 12 12
22 153 71 44 30
131 134 2 1 1
96 112 1 1 1
9 90 3 1 0
3 198 36 33 32
135 155 75 61 61
189 198 21 13 7
92 93 56 36 23
136 167 19 15 15
56 160 50 35 34
47 157 70 32 27
95 162 98 54 34
68 178 37 32 31
33 43 89 82 79
133 134 85 80 78
1 113 10 4 2
60 135 66 22 22
22 84 34 30 26
106 122 26 3 0
130 136 16 9 8
109 113 44 34 26
107 148 73 33 4
50 97 14 9 9
149 195 85 37 30
115 157 85 33 0
35 65 40 10 0
166 175 52 9 1
8 113 19 6 2
172 189 86 83 81
151 198 15 6 4
99 117 98 25 19
2 48 84 55 53
182 184 56 44 42
15 163 82 49 27
117 152 51 31 22
114 165 7 0 0
135 144 42 22 20
41 87 22 9 1
138 181 50 38 27
131 182 30 19 10
46 118 27 23 20
11 71 74 56 43
86 159 78 36 3
5 164 83 68 67
47 93 10 5 1
126 138 31 27 26
52 184 95 36 27
177 188 33 21 15
8 12 7 4 2
146 189 18 7 3
93 193 25 14 7
19 48 2 0 0
167 176 40 33 32
24 156 60 25 18
114 189 16 8 1
29 43 85 27 13
148 180 29 22 19
84 157 72 30 1
12 16 54 45 40
64 118 71 23 6
104 129 15 7 2
157 198 28 18 17
96 139 100 54 50
169 194 100 72 49
180 200 82 72 72
33 105 76 73 73
158 191 89 85 82
2 144 27 22 21
151 183 50 27 8
165 169 16 13 11
164 198 46 20 18
107 120 41 18 15
101 136 84 84 84
84 116 94 85 84
150 163 1 1 1
18 41 48 33 22
77 130 97 55 23
87 166 70 17 15
123 148 61 27 15
27 54 77 28 19
34 112 35 10 4
40 122 99 62 30
174 194 40 9 7
35 104 58 57 57
112 168 32 26 21
3 15 3 3 3
135 194 71 58 55
185 193 6 2 1
1 49 37 12 0
127 174 75 37 17
3 190 20 9 6
90 186 61 7 7
65 128 22 16 15
58 108 98 62 39
97 145 67 22 7
75 115 5 3 2
81 173 92 64 38
106 192 38 3 0
11 39 99 65 55
103 199 73 21 11
181 193 98 82 72
171 184 75 46 42
138 182 86 77 75
167 180 3 3 3
66 162 23 11 8
42 120 21 11 3
170 177 70 37 23
33 141 19 13 11
131 139 74 27 24
159 175 73 41 21
18 168 44 18 12
2 114 65 17 4
139 178 83 61 55
72 197 45 40 37
80 106 84 60 37
168 170 51 26 3
2 124 85 18 4
162 179 29 16 6
47 153 7 5 3
147 192 62 49 42
116 140 44 27 20
176 184 78 21 1
106 155 63 38 25
65 79 67 32 3
117 134 75 29 21
132 151 43 14 1
74 148 73 37 7
72 152 30 29 29
125 179 15 9 8
72 198 37 13 1
149 189 47 41 39
12 186 72 28 18
63 181 43 38 34
4 70 58 29 22
11 113 56 40 33
96 128 16 11 6
31 122 69 30 21
63 104 85 80 80
49 58 72 37 34
171 195 77 25 6
102 137 50 43 39
90 135 65 52 48
18 27 88 43 2
129 138 75 37 17
169 193 29 18 16
99 178 99 47 3
67 179 69 50 31
165 194 49 10 7
122 200 14 9 8
159 186 30 23 18
45 83 63 28 1
27 139 88 84 83
58 110 80 45 20
65 145 33 31 31
86 100 79 46 35
52 160 69 26 7
103 107 6 3 3
88 97 35 23 23
63 105 50 39 28
17 126 48 37 33
48 198 90 48 38
140 154 20 13 13
62 191 87 58 55
93 141 46 39 33
126 153 64 36 13
11 192 49 38 28
21 110 97 26 14
108 169 97 46 43
138 156 54 9 1
88 190 46 32 32
55 132 73 51 46
136 183 7 4 4
162 181 86 63 62
65 199 32 26 25
106 153 13 5 2
30 194 1 1 1
15 66 6 5 5
103 154 65 33 23
142 163 32 14 7
59 95 55 30 29
29 65 93 72 58
164 171 89 56 41
65 132 63 26 20
107 137 37 15 9
5 15 18 17 17
88 188 29 12 12
144 172 85 58 54
71 122 49 43 42
98 125 51 24 6
116 188 6 5 5
173 179 32 26 26
91 122 97 58 48
34 125 60 39 26
58 104 67 67 67
46 126 15 10 5
170 188 60 23 22
138 145 46 4 2
13 144 59 21 9
154 192 58 42 31
138 196 58 7 1
86 142 36 34 32
4 37 44 33 32
100 105 37 9 2
84 134 29 19 14
144 145 50 26 6
16 144 66 50 42
134 156 37 36 36
148 151 25 13 7
10 53 52 45 45
113 170 0 0 0
58 137 24 12 9
168 199 33 22 16
45 107 46 10 7
7 61 27 25 25
4 124 40 38 37
92 131 53 39 36
63 118 55 41 40
54 134 25 20 20
118 159 95 60 50
15 128 91 55 51
89 115 7 7 7
124 146 18 6 5
76 144 2 2 2
55 146 73 25 22
68 143 73 33 31
68 145 46 42 39
92 182 9 6 5
29 190 54 51 48
33 118 58 50 50
8 183 94 13 6
17 37 37 36 35
21 154 70 69 68
130 193 31 25 24
50 95 31 10 2
87 185 61 24 12
122 154 40 33 29
71 157 51 28 21
143 158 60 23 19
68 84 44 8 1
123 189 61 59 58
167 173 14 9 5
17 117 62 26 24
8 156 59 26 13
104 163 28 16 14
34 137 83 69 59
177 198 19 12 10
140 160 53 44 43
32 106 63 18 14
43 175 41 10 2
84 107 85 43 43
128 138 37 13 7
36 82 56 50 48
159 184 67 48 43
94 174 8 4 1
23 38 99 77 72
7 188 44 44 44
3 153 28 9 0
13 50 18 10 7
47 190 19 15 11
167 186 67 64 63
141 180 70 25 5
135 158 90 62 38
17 61 6 0 0
122 124 10 5 5
48 63 94 28 16
121 155 32 27 24
115 140 3 3 3
37 172 20 7 3
120 132 12 1 1
85 174 32 29 27
146 154 33 16 12
162 191 8 3 3
96 154 45 37 35
80 168 30 8 6
63 91 47 47 47
89 173 90 88 88
152 187 91 46 3
18 89 89 32 8
126 149 84 40 27
97 149 95 67 45
69 187 97 43 33
43 143 37 17 8
139 151 17 6 6
98 168 58 53 53
134 150 20 13 8
129 178 82 79 78
67 192 82 65 48
96 147 5 5 5
60 129 54 50 50
139 147 27 3 0
51 160 100 68 65
70 101 6 4 4
71 92 73 33 32
99 182 27 7 7
90 139 68 63 59
58 61 81 45 9
164 169 63 35 18
155 182 93 18 15
175 189 46 23 16
112 131 83 47 24
118 129 32 16 14
99 113 73 54 40
165 173 88 36 31
17 77 63 33 5
135 140 82 65 60
127 194 89 15 8
25 48 82 50 36
94 136 59 26 24
127 135 23 19 17
107 136 11 8 6
174 191 52 35 30
97 170 45 17 4
47 89 99 45 33
43 60 63 53 50
35 85 16 7 3
64 105 75 74 74
113 129 42 28 14
98 145 57 47 37
13 162 49 22 5
8 51 57 26 16
49 77 90 67 50
84 144 38 25 19
43 149 76 48 46
27 38 43 40 39
75 116 97 51 50
124 165 100 50 14
79 154 39 31 26
65 184 29 21 20
111 127 16 10 8
150 165 69 37 11
49 166 93 47 42
100 180 2 1 0
92 159 23 3 0
84 142 74 57 48
61 179 35 8 0
89 146 81 18 0
30 146 32 15 4
101 103 20 11 8
73 152 63 39 30
53 99 35 17 2
142 174 39 34 34
88 192 88 84 84
102 190 79 36 28
160 187 3 0 0
13 30 67 55 49
71 195 34 30 27
93 169 73 26 21
64 140 50 46 45
156 166 63 28 22
92 160 44 34 29
14 56 79 75 74
86 98 43 36 29
64 73 20 10 1
131 186 42 2 0
118 184 11 4 3
59 194 80 55 40
69 122 57 38 24
71 104 19 18 17
148 181 28 20 19
146 178 95 69 64
111 179 72 57 50
62 192 70 59 51
103 122 27 9 4
51 52 16 13 12
25 32 57 40 28
98 169 48 18 11
54 156 98 87 83
116 191 99 76 66
57 62 29 5 5
77 129 96 63 55
7 99 24 13 13
26 197 48 30 21
92 107 78 61 44
12 44 31 24 17
38 142 37 2 2
164 168 58 53 49
174 187 90 51 28
112 171 64 41 38
72 108 30 17 17
21 84 77 55 43
8 67 51 39 38
88 140 22 15 13
56 94 68 22 13
127 187 40 35 35
173 183 54 25 15
181 183 8 8 8
70 199 58 44 31
55 102 10 9 9
16 123 41 38 36
110 126 50 40 40
29 154 93 91 89
116 185 42 16 14
55 167 81 54 51
149 175 13 2 1
70 140 40 34 30
71 134 76 38 10
52 147 16 2 0
122 159 22 22 22
17 141 68 12 9
31 84 88 11 7
53 75 79 27 16
123 160 75 53 31
118 157 11 1 1
174 185 39 33 31
156 199 29 29 29
70 93 68 38 24
91 129 29 29 29
21 191 32 29 29
165 187 38 20 8
115 144 7 3 1
133 155 88 50 46
151 184 3 1 1
129 144 23 3 0
18 48 38 26 19
140 184 98 54 27
175 192 27 18 10
156 190 55 27 25
102 177 13 8 6
135 196 11 11 11
29 88 62 55 48
122 149 0 0 0
32 143 24 19 18
55 106 97 62 58
152 179 16 0 0
32 49 74 45 23
24 68 73 66 64
124 132 36 21 18
98 129 100 87 82
9 41 37 7 5
94 166 39 27 26
71 91 46 33 33
150 166 53 18 14
43 188 1 1 1
56 152 72 62 62
144 196 29 12 10
95 121 61 23 16
70 91 12 8 6
43 117 37 10 6
129 152 29 8 8
109 179 89 78 69
130 177 50 17 13
173 180 1 0 0
88 175 57 29 24
117 185 27 23 21
3 128 49 47 47
100 182 16 8 4
109 134 81 72 64
124 157 26 17 13
183 189 53 44 35
74 129 64 35 21
36 74 2 1 0
73 186 38 20 17
26 166 65 64 64
119 167 67 9 0
18 19 3 1 1
64 76 80 20 0
81 137 86 50 14
8 18 15 10 8
100 110 5 1 0
47 101 64 42 32
8 149 15 9 9
171 197 34 27 26
50 177 19 9 3
140 156 67 24 17
13 78 42 17 2
175 185 27 9 5
39 122 73 54 42
127 157 82 29 13
78 89 85 85 85
116 164 60 45 35
105 196 30 16 16
150 155 26 17 13
112 144 14 10 7
176 195 61 54 50
38 85 38 9 8
145 181 57 44 35
95 180 100 70 42
8 27 13 12 12
32 176 92 25 9
79 106 99 67 48
48 73 66 62 58
144 162 82 57 47
94 102 92 77 66
29 174 82 39 31
140 178 46 13 2
135 149 46 34 31
173 193 2 2 2
118 144 36 22 19
123 151 85 72 67
127 189 57 46 38
102 108 74 38 3
56 186 54 45 37
108 196 57 25 2
91 189 23 5 3
94 118 11 7 7
139 181 79 30 11
8 9 85 32 15
51 147 19 12 7
93 117 82 19 5
60 156 57 34 25
175 200 30 20 20
102 196 36 21 14
36 101 84 77 76
71 101 29 4 2
140 183 85 78 73
52 98 21 14 11
71 79 51 19 8
28 119 50 19 12
123 124 93 84 80
124 186 2 1 1
113 170 18 10 9
113 190 29 17 7
150 162 21 8 8
42 129 45 22 22
7 113 20 19 19
77 85 32 23 18
159 164 75 25 21
166 194 54 35 17
132 173 49 35 25
53 71 95 78 74
108 173 12 12 12
5 145 96 94 94
121 144 32 19 19
115 133 9 8 8
47 188 52 21 7
22 164 51 51 51
27 158 76 45 35
126 185 33 25 17
144 189 82 77 77
72 195 73 27 12
21 200 4 2 1
91 163 96 87 79
30 68 47 14 3
29 86 82 59 54
67 168 9 4 1
46 72 67 50 49
66 108 12 4 0
64 72 19 13 12
59 80 48 27 11
143 146 55 28 13
71 114 59 40 22
124 171 5 3 3
179 198 99 33 19
24 126 36 15 4
52 121 11 6 1
101 129 83 50 38
76 138 45 34 26
165 188 3 3 3
108 151 56 17 14
111 151 90 14 13
37 157 83 35 18
46 139 80 71 68
62 137 16 14 12
27 174 78 55 52
4 81 17 13 12
5 101 0 0 0
83 136 21 12 6
19 71 82 65 48
45 59 96 62 46
2 191 8 5 4
69 142 28 10 4
111 165 66 49 41
107 153 84 41 26
27 167 94 92 90
75 177 8 8 8
12 14 12 11 11
105 198 30 16 8
120 124 43 26 15
116 162 12 6 6
158 195 27 19 15
105 132 62 48 48
31 130 6 4 2
35 53 66 32 13
96 145 30 21 18
43 148 59 38 27
154 173 78 43 21
127 145 81 57 39
65 123 57 51 51
17 173 14 12 11
31 65 51 30 21
1 66 86 45 25
131 166 64 7 2
45 128 29 7 7
42 68 100 24 16
110 111 100 74 66
45 188 45 35 31
67 89 100 25 9
29 31 29 25 21
76 123 88 48 48
119 188 51 30 15
169 174 78 65 54
10 198 49 27 25
42 167 37 18 14
21 129 96 89 86
81 178 8 6 4
133 157 3 2 2
64 112 58 44 38
98 192 72 39 37
17 155 86 34 33
75 174 24 14 8
102 121 28 24 24
12 137 28 26 24
77 177 96 63 61
42 43 12 3 1
6 182 20 8 8
112 129 12 10 10
13 58 64 63 62
56 73 11 8 8
163 194 26 15 11
35 137 30 12 1
88 133 66 37 8
76 97 67 59 53
51 186 23 19 19
14 181 37 26 19
96 192 36 32 32
25 63 81 51 21
156 171 83 44 36
63 83 46 31 17
161 162 82 51 29
14 175 68 46 32
136 166 31 13 9
30 77 96 81 78
172 173 91 51 48
75 161 53 52 52
157 160 85 77 76
61 184 87 42 8
24 122 92 48 46
132 136 17 12 8
66 160 49 47 46
34 141 85 53 22
102 123 4 4 4
149 159 28 18 14
31 121 69 20 0
59 179 17 14 12
3 166 71 14 5
18 87 82 58 36
85 173 4 3 3
141 159 24 23 22
138 190 34 32 32
35 60 56 43 40
73 117 4 3 2
54 199 54 13 6
65 143 80 63 54
155 160 46 40 38
46 196 44 22 10
92 190 37 25 24
29 173 91 26 0
149 171 66 15 14
4 181 57 54 51
77 107 23 16 15
29 134 76 27 19
93 121 84 79 74
41 137 90 39 19
143 163 62 20 20
91 176 32 19 6
11 197 38 19 15
14 38 25 23 22
169 188 4 3 3
46 115 66 61 59
7 92 55 54 53
74 130 55 30 6
103 123 18 8 6
111 122 38 4 3
34 114 94 40 37
22 96 26 11 4
110 125 6 4 4
146 196 85 66 50
2 24 32 8 7
87 94 90 81 81
169 191 2 2 2
156 192 70 39 25
104 160 25 16 14
46 70 26 13 3
109 173 9 4 0
164 174 26 26 26
130 140 38 24 12
167 177 48 15 10
151 188 21 16 13
70 143 28 23 22
101 193 41 32 30
123 152 73 60 55
45 115 59 37 34
55 127 81 41 24
162 189 97 50 3
22 188 28 12 10
7 97 52 29 24
1 98 21 16 12
58 133 94 83 83
105 152 33 23 19
102 156 43 30 24
149 187 85 67 64
79 118 98 44 21
21 32 12 6 6
17 123 48 27 20
27 50 85 43 18
18 97 24 9 9
149 170 34 30 28
2 139 61 38 26
157 164 57 35 20
135 150 0 0 0
142 186 40 27 25
43 196 51 16 16
141 195 75 34 22
179 187 32 24 23
53 97 32 30 30
48 178 28 27 26
81 141 83 41 24
94 187 59 5 5
60 104 67 61 59
19 187 40 30 23
185 194 52 10 8
64 175 49 35 32
82 85 63 47 36
110 174 55 16 0
65 147 76 62 51
41 81 97 32 15
112 179 97 6 1
18 174 80 78 78
3 186 46 37 35
97 111 33 18 18
26 114 13 5 1
13 199 65 46 43
37 182 95 62 52
46 59 0 0 0
13 140 50 33 33
89 167 46 21 14
57 98 49 19 0
152 162 6 4 3
128 193 75 68 68
51 58 2 1 1
69 125 56 39 22
67 152 6 5 5
44 112 3 2 1
80 95 83 26 17
10 84 56 54 53
90 119 43 37 32
22 146 100 71 66
143 167 88 22 19
47 51 76 37 7
127 199 63 60 58
16 84 35 20 19
140 142 46 16 3
42 141 1 1 1
126 127 45 41 38
79 102 88 40 13
122 160 14 11 9
10 17 55 53 51
99 159 58 24 4
34 108 55 49 44
109 119 44 23 12
34 100 21 20 20
87 184 10 3 3
154 200 68 51 48
163 181 91 57 45
144 170 37 28 28
111 132 61 1 1
65 180 95 64 43
109 177 13 6 6
71 115 35 22 14
88 186 43 26 14
64 155 34 21 11
87 90 3 1 1
25 124 57 24 18
125 132 66 50 48
57 75 36 26 24
96 163 98 38 23
31 196 63 24 23
115 116 5 4 4
23 80 35 30 27
67 112 100 41 30
52 78 98 80 72
79 164 80 73 73
83 99 65 57 49
63 73 37 26 24
18 66 4 4 4
3 197 89 61 37
64 71 60 13 0
37 188 56 20 3
105 122 69 64 63
64 124 50 43 36
62 178 66 55 54
102 116 56 44 36
167 193 1 1 1
113 121 24 20 17
92 129 36 19 16
57 173 61 58 55
85 109 15 13 13
63 134 32 30 30
87 111 57 23 19
1 188 12 4 4
128 198 72 49 27
55 112 89 60 55
52 84 100 97 96
94 135 38 31 27
171 183 62 62 62
50 129 29 18 14
26 60 46 17 1
33 48 9 7 6
20 68 64 56 56
77 148 72 24 21
128 199 87 53 38
32 55 41 23 19
100 147 89 61 50
30 158 18 11 5
68 81 51 37 25
1 421
2 363
3 592
4 237
5 354
6 392
7 360
8 372
9 257
10 255
11 362
12 337
13 423
14 429
15 383
16 289
17 297
18 402
19 305
20 260
21 445
22 399
23 402
24 389
25 397
26 322
27 444
28 424
29 443
30 516
31 705
32 505
33 189
34 331
35 515
36 480
37 656
38 502
39 527
40 296
41 405
42 453
43 537
44 430
45 467
46 313
47 559
48 530
49 629
50 451
51 431
52 491
53 386
54 811
55 666
56 608
57 289
58 575
59 562
60 429
61 566
62 484
63 563
64 643
65 428
66 588
67 591
68 467
69 528
70 591
71 665
72 545
73 510
74 570
75 339
76 450
77 624
78 551
79 699
80 549
81 452
82 520
83 382
84 613
85 625
86 628
87 819
88 476
89 628
90 542
91 554
92 627
93 548
94 533
95 613
96 560
97 717
98 679
99 736
100 552
101 441
102 550
103 608
104 421
105 541
106 713
107 468
108 1156
109 550
110 486
111 721
112 574
113 534
114 732
115 688
116 582
117 570
118 618
119 577
120 424
121 642
122 678
123 695
124 595
125 495
126 911
127 784
128 620
129 894
130 645
131 857
132 692
133 476
134 644
135 568
136 637
137 677
138 707
139 485
140 801
141 988
142 843
143 829
144 754
145 703
146 943
147 659
148 738
149 663
150 759
151 853
152 567
153 882
154 878
155 889
156 953
157 947
158 741
159 693
160 960
161 580
162 718
163 845
164 818
165 930
166 1004
167 896
168 643
169 1012
170 939
171 713
172 753
173 824
174 752
175 772
176 732
177 768
178 980
179 788
180 804
181 868
182 876
183 1024
184 1117
185 1059
186 946
187 1006
188 916
189 984
190 1040
191 898
192 986
193 836
194 859
195 811
196 1023
197 929
198 931
199 978
200 864
