30 400
22 27 22 19 17
18 21 49 32 30
22 28 83 7 2
17 18 96 26 17
6 15 26 18 12
7 13 62 1 1
24 30 17 8 5
20 25 36 22 15
16 25 18 10 8
29 30 51 44 43
2 3 0 0 0
6 17 25 15 13
23 28 61 53 51
3 11 86 50 43
17 27 28 14 8
16 24 62 9 5
4 25 38 22 11
1 9 66 22 3
11 17 26 26 26
22 24 29 26 26
16 30 77 71 65
6 30 77 33 3
20 28 75 25 17
18 23 41 20 10
5 10 50 21 3
21 23 39 36 34
3 6 72 70 69
18 29 19 10 8
25 29 13 9 7
4 22 53 28 27
27 28 82 72 70
10 28 90 49 41
23 24 19 17 16
16 21 83 28 15
13 15 23 23 23
28 30 63 48 37
20 26 28 5 4
24 26 50 40 35
5 27 37 36 35
13 25 60 24 9
10 14 3 1 0
21 25 0 0 0
14 24 26 8 6
1 30 71 59 51
9 17 63 41 30
7 15 96 52 32
5 6 78 34 13
25 27 36 34 34
7 16 65 15 7
28 29 28 20 15
16 20 27 19 16
16 18 56 33 31
21 30 31 12 10
2 20 19 7 4
6 11 17 4 0
19 30 19 18 18
18 27 58 32 23
6 28 89 27 27
8 10 90 75 70
26 28 60 35 20
15 25 95 43 42
19 26 44 25 14
27 30 2 2 2
18 30 43 40 39
3 28 79 62 49
27 29 53 37 37
14 23 79 46 20
26 29 92 47 23
3 30 91 81 79
15 26 45 25 5
17 20 28 27 27
22 30 31 26 24
12 21 25 18 12
21 22 88 18 14
15 23 56 56 56
4 17 81 7 4
4 8 89 81 77
23 30 31 27 24
8 28 28 7 5
3 26 77 27 22
10 12 73 32 24
11 20 48 18 5
5 7 78 78 78
2 18 93 91 90
5 24 55 50 49
21 27 85 49 45
5 14 21 0 0
15 24 40 8 2
1 24 25 21 19
9 28 71 57 46
21 28 53 44 36
13 14 61 36 28
14 30 96 92 91
25 30 48 18 8
3 15 15 6 6
11 15 68 54 48
26 30 10 4 4
23 27 94 79 70
6 12 90 75 69
15 20 36 26 24
12 19 32 31 30
14 22 72 70 69
13 28 64 34 25
7 9 98 36 23
16 19 21 16 13
12 29 42 32 28
4 28 10 2 1
9 21 38 16 13
1 20 13 3 2
8 12 43 35 27
19 20 89 49 26
23 29 30 5 4
5 20 20 16 12
8 13 64 30 18
17 24 4 2 1
14 17 46 16 15
16 22 22 14 14
12 18 40 38 37
12 25 95 70 48
5 22 40 30 28
24 29 69 31 24
15 16 10 5 3
7 14 74 39 15
26 27 51 50 49
18 20 7 6 6
8 26 11 10 10
14 29 61 43 32
18 19 62 56 53
21 26 46 30 23
13 26 0 0 0
3 4 26 18 15
12 17 48 26 7
1 10 0 0 0
11 23 50 32 23
1 26 42 33 32
25 28 41 38 36
1 29 59 42 28
22 25 75 55 40
13 16 36 14 11
19 24 4 3 3
1 19 77 48 44
11 22 96 62 57
4 16 22 16 10
20 24 97 67 54
8 24 7 5 3
18 26 53 19 18
7 21 47 34 21
5 29 87 30 22
22 29 71 31 14
10 13 22 9 7
3 7 42 23 20
25 26 32 8 1
21 29 59 29 24
2 29 81 20 9
10 21 9 7 6
1 3 72 38 34
6 13 47 38 37
6 22 30 14 11
18 22 88 74 73
9 18 55 40 33
14 19 58 31 28
17 29 16 12 9
6 26 21 7 7
3 20 91 40 36
11 29 1 0 0
3 24 71 64 64
11 18 71 59 50
7 19 71 61 60
12 16 75 44 28
14 16 6 5 4
6 21 99 95 91
16 29 23 4 3
6 18 17 17 17
6 10 54 51 49
6 8 14 4 3
17 25 81 57 35
8 29 30 24 22
5 17 51 34 26
15 18 25 15 12
13 21 88 60 43
8 19 73 33 5
9 15 25 22 20
19 21 84 42 4
16 27 70 46 34
14 26 45 38 37
8 27 33 5 5
2 10 34 18 17
24 25 86 77 72
19 29 74 33 8
16 23 9 8 8
14 27 67 19 7
7 29 50 48 46
15 29 77 27 19
9 30 1 0 0
2 27 94 82 81
9 23 81 59 49
1 17 38 18 12
13 18 12 9 8
2 21 9 2 2
5 21 25 19 16
19 27 62 20 18
8 23 64 39 22
1 7 23 7 2
15 21 78 34 18
2 19 90 88 86
14 15 28 13 2
23 26 12 11 10
14 25 53 51 50
9 27 78 38 35
9 29 38 34 32
21 25 54 33 13
14 20 64 45 42
18 25 30 23 21
9 13 51 14 9
2 13 79 46 21
7 30 99 87 79
8 25 1 1 1
18 24 70 33 31
1 13 22 20 19
15 30 12 6 5
21 24 18 14 10
4 9 75 68 66
24 28 44 24 19
15 27 25 13 10
17 26 11 5 2
20 21 54 44 38
3 18 57 50 47
2 5 99 34 34
4 6 13 7 4
3 9 13 13 13
2 28 0 0 0
13 30 29 26 25
10 24 10 6 4
10 23 11 10 10
8 17 86 82 81
9 19 34 5 5
15 17 64 25 12
6 16 100 82 75
1 27 8 5 2
9 26 54 34 15
8 30 0 0 0
12 15 42 28 18
2 4 80 68 63
8 15 66 49 37
13 24 66 23 1
2 6 30 27 25
3 25 67 62 61
6 14 92 75 71
2 7 72 10 2
1 6 88 59 50
5 9 58 43 38
20 30 68 54 43
5 19 42 14 0
17 30 87 47 26
8 20 67 66 66
2 14 81 29 25
4 29 44 41 41
7 28 74 54 51
12 22 56 54 52
9 25 50 28 6
17 28 7 5 4
11 28 52 38 38
20 22 17 13 12
10 27 69 51 48
2 23 76 50 45
9 11 37 19 11
3 27 1 0 0
3 19 49 37 28
1 15 21 17 16
5 12 24 8 3
4 15 88 70 55
20 23 46 46 46
16 28 5 4 3
1 28 62 29 12
2 8 87 62 51
10 16 46 37 31
5 16 60 30 6
11 30 42 36 31
2 26 64 52 41
7 17 85 71 62
6 27 99 90 87
11 24 82 28 1
6 24 19 13 9
18 28 57 52 49
17 21 82 68 66
8 9 45 27 23
19 22 45 32 30
16 26 20 17 15
8 11 9 8 8
7 23 10 3 1
12 30 36 9 2
13 20 2 2 2
7 12 57 36 34
4 18 35 20 10
13 22 62 27 13
7 25 34 25 18
5 15 21 9 9
3 23 15 12 12
9 16 19 12 10
23 25 15 10 9
22 23 12 11 11
2 24 11 6 4
9 12 83 61 44
10 11 93 81 70
10 15 7 6 6
3 17 45 36 32
9 10 12 5 4
5 25 44 15 1
13 29 76 53 40
6 29 40 37 37
12 27 34 32 31
10 29 44 20 5
10 30 86 18 6
4 23 65 27 17
20 27 26 26 26
8 22 55 45 43
3 10 85 63 50
12 20 46 20 4
12 13 9 8 7
1 4 22 16 15
4 26 2 2 2
1 12 60 33 32
8 30 42 42 42
7 18 51 42 33
11 21 83 50 41
14 18 36 26 17
17 22 68 55 44
20 29 59 33 18
17 23 44 19 19
9 20 9 8 8
10 19 82 74 66
3 13 16 9 4
14 21 43 6 0
11 13 66 30 8
1 21 20 11 7
6 20 44 42 41
17 19 7 5 5
1 23 71 36 5
8 21 76 61 54
11 25 86 51 38
1 5 68 39 13
10 25 16 10 7
11 19 56 37 32
2 15 10 2 0
19 28 73 31 17
7 11 85 82 81
11 27 99 47 16
2 25 25 16 13
5 13 18 13 8
12 26 70 29 21
3 29 36 21 10
12 28 20 15 14
24 27 98 38 6
14 28 30 8 0
1 18 15 13 12
11 14 7 7 7
7 22 57 33 19
15 22 45 39 33
22 26 3 2 2
10 26 96 57 20
6 9 7 7 7
10 20 65 28 13
7 10 39 38 38
13 17 5 4 3
8 14 83 76 76
2 28 60 34 31
6 25 46 34 34
9 22 27 21 21
19 23 53 9 8
10 22 70 50 34
15 19 98 95 94
5 11 63 52 47
3 22 7 5 4
7 27 63 43 39
3 14 83 50 23
4 27 19 12 5
13 23 12 3 3
13 27 100 97 95
19 25 18 8 8
12 14 64 35 30
4 20 99 66 52
3 16 25 18 13
4 10 32 22 18
5 18 82 58 55
5 26 36 22 13
13 26 23 9 1
7 24 3 1 0
3 5 84 59 38
1 10 77 18 11
7 20 83 48 46
2 9 39 5 1
6 23 19 14 12
15 28 51 25 12
1 16 12 7 7
4 24 13 9 5
5 8 98 62 26
13 19 41 31 26
5 23 2 2 2
8 18 52 38 37
5 30 97 76 62
1 299
2 285
3 266
4 195
5 401
6 245
7 361
8 249
9 332
10 346
11 317
12 280
13 367
14 341
15 331
16 270
17 319
18 248
19 364
20 329
21 392
22 297
23 258
24 312
25 326
26 336
27 332
28 395
29 399
30 262
