30 100
6 17 83 70 70
16 17 65 36 32
16 24 46 24 17
1 15 76 44 28
29 30 43 22 16
13 26 76 40 32
3 25 72 62 52
15 28 43 29 29
13 27 84 70 59
4 12 14 9 7
23 28 72 44 36
20 24 56 47 44
15 26 45 37 37
26 29 17 6 3
19 21 19 15 12
19 30 77 47 44
19 24 66 43 39
22 29 7 6 5
8 13 57 40 32
28 30 11 5 0
22 30 68 24 19
21 23 13 7 5
20 25 70 65 63
6 25 32 15 5
5 25 43 36 33
15 20 22 21 21
18 20 77 29 9
15 30 8 7 7
16 20 28 25 25
16 22 98 66 56
19 25 14 8 2
28 29 68 52 46
14 22 86 44 11
22 26 71 24 21
3 14 22 11 0
9 11 22 9 5
8 17 86 64 53
11 16 4 1 0
26 28 41 34 32
8 11 37 32 29
21 24 41 24 22
24 30 72 21 15
14 30 15 12 12
24 25 65 52 48
11 19 93 75 75
17 29 45 32 25
5 21 13 10 10
20 23 77 69 63
14 28 2 1 0
18 24 76 60 50
8 29 2 0 0
2 17 69 43 36
8 10 21 8 0
9 16 35 17 17
2 14 12 9 9
25 27 15 13 12
22 27 71 50 49
27 28 49 17 6
8 28 49 36 25
18 29 10 8 6
8 15 42 21 10
2 22 61 31 26
11 20 90 37 10
1 14 38 24 24
7 17 10 8 8
13 28 89 44 25
27 29 81 62 50
7 23 53 16 14
13 21 81 10 4
17 21 37 2 1
10 27 52 46 40
9 21 45 7 1
25 26 63 58 54
13 20 56 25 15
2 19 5 4 3
15 24 65 62 60
5 12 41 25 21
14 18 35 26 19
20 26 98 93 93
20 28 42 34 34
12 18 44 27 25
20 22 18 15 13
21 28 49 35 32
12 23 0 0 0
16 30 86 65 58
12 22 33 27 24
10 29 80 15 10
17 20 20 15 13
24 29 35 4 3
4 6 16 15 15
9 23 23 5 2
5 14 17 10 4
12 27 99 6 1
11 23 39 18 14
9 17 19 6 2
11 18 21 16 15
21 27 4 2 1
10 11 71 30 14
25 29 46 27 15
3 8 15 8 2
1 31
2 37
3 27
4 4
5 23
6 19
7 19
8 80
9 60
10 81
11 106
12 80
13 141
14 73
15 55
16 77
17 99
18 70
19 49
20 126
21 105
22 144
23 73
24 110
25 69
26 67
27 116
28 124
29 130
30 102
