50 500
48 50 97 21 14
25 45 20 10 9
30 41 47 32 28
27 43 85 48 31
47 48 65 40 31
30 46 25 18 12
34 41 48 36 29
17 40 5 5 5
14 49 29 29 29
28 41 9 7 5
41 44 95 51 8
14 50 73 58 45
16 17 51 33 32
11 25 77 36 7
17 35 90 64 40
28 50 14 12 10
11 13 74 34 32
16 24 67 18 11
9 10 51 27 5
38 48 12 10 10
41 47 84 73 69
24 31 91 80 70
23 42 28 15 4
33 39 100 74 62
8 46 43 32 26
3 17 100 35 34
5 8 91 71 68
47 49 61 34 31
21 31 19 14 14
13 22 45 26 7
22 41 46 33 20
46 47 61 44 29
49 50 25 13 11
44 47 86 38 38
24 50 42 31 25
26 49 68 19 4
16 35 78 62 53
2 46 18 4 0
6 10 99 60 42
13 50 63 61 61
7 42 75 48 30
17 30 93 67 62
27 48 95 33 31
33 49 88 25 15
13 42 83 80 77
42 48 76 70 67
18 38 69 20 16
32 48 32 10 8
9 18 84 46 43
25 33 51 23 6
37 48 9 9 9
43 49 89 69 60
3 28 90 41 34
32 34 4 4 4
5 49 32 30 30
27 40 31 16 9
45 48 93 53 43
16 33 81 33 26
31 42 0 0 0
33 44 35 24 24
3 30 88 9 3
43 47 78 77 77
35 41 22 12 2
25 44 69 46 43
40 41 65 50 47
17 37 70 52 38
36 37 80 26 14
38 50 18 8 6
25 46 34 18 12
23 41 2 0 0
25 41 94 66 65
12 15 8 5 5
20 21 74 56 56
36 39 2 0 0
31 40 59 18 11
44 45 21 16 15
31 42 14 8 5
20 45 94 91 88
6 35 23 16 15
43 45 86 24 13
45 46 99 57 45
48 49 62 20 10
30 34 96 73 58
40 50 55 36 33
29 31 83 63 60
42 43 75 29 28
20 31 34 12 10
40 47 60 35 34
12 13 99 16 4
45 50 35 27 25
8 32 84 81 80
43 50 89 65 44
6 11 8 5 5
25 37 53 3 1
3 33 95 40 20
36 40 54 15 13
20 50 53 42 39
46 48 70 55 55
14 26 84 82 81
47 50 4 2 0
27 50 97 60 31
30 36 81 56 46
20 32 51 40 37
1 5 68 8 0
29 32 44 29 14
19 37 90 47 25
5 42 89 73 69
2 20 15 7 4
11 21 72 30 27
22 39 95 4 2
28 47 36 22 18
39 49 11 6 3
38 40 20 13 11
16 36 19 7 7
39 47 38 12 7
19 30 66 44 22
15 38 65 20 9
41 49 89 49 17
37 43 17 12 11
13 46 60 24 20
31 32 66 32 18
38 42 68 42 32
22 48 68 66 66
25 50 45 22 8
10 27 88 63 49
11 18 51 25 3
8 13 38 19 17
30 50 83 77 75
22 25 65 21 10
17 19 30 15 8
39 43 51 37 35
17 31 32 21 17
17 36 74 39 20
22 32 50 42 41
34 35 82 10 4
14 37 6 5 4
9 13 54 22 0
2 35 52 41 39
32 50 10 9 9
22 35 53 47 46
23 34 1 0 0
12 20 62 51 47
13 45 21 20 20
33 48 76 62 54
7 21 15 3 1
27 34 27 16 14
26 31 3 1 1
39 44 82 30 5
25 43 75 31 7
7 10 70 27 16
19 48 60 30 0
33 37 57 53 50
46 50 63 42 23
8 33 81 49 24
10 24 36 29 25
17 23 46 26 24
16 26 2 0 0
34 38 51 28 17
20 38 42 4 0
41 48 75 74 74
36 48 95 39 0
27 44 5 2 2
32 35 73 34 23
19 34 83 67 57
35 50 65 33 4
9 45 44 15 10
40 43 24 6 2
38 39 2 1 1
42 47 92 77 62
9 35 3 2 2
21 24 33 17 9
2 5 19 15 14
35 46 2 1 1
27 46 86 54 51
2 17 9 9 9
14 42 65 61 59
23 48 33 14 7
19 46 19 10 9
17 18 55 12 10
28 32 94 77 77
4 14 5 4 4
20 22 96 36 17
22 23 65 49 49
10 17 65 29 1
21 22 80 53 44
25 42 3 3 3
26 30 55 28 7
1 24 87 37 34
42 44 78 45 25
12 44 88 64 46
27 37 14 4 3
29 38 25 12 6
18 47 85 69 64
20 44 30 22 19
32 42 33 25 21
44 46 56 48 44
12 41 87 70 68
42 45 11 8 6
23 33 59 50 47
32 49 93 32 29
1 19 13 9 8
44 48 55 27 23
26 39 100 83 82
6 34 99 89 80
38 49 80 74 74
30 38 29 16 3
42 50 48 16 3
31 39 80 4 2
29 42 50 14 3
9 33 39 16 5
23 40 3 2 1
46 49 68 64 63
19 21 68 56 52
19 31 78 62 47
16 38 1 1 1
28 42 26 11 4
32 44 92 40 22
4 5 39 24 13
31 38 49 35 31
14 34 86 58 41
19 33 91 43 40
2 44 44 20 1
13 38 94 32 3
10 13 65 37 33
36 41 71 58 50
21 42 17 9 3
30 33 87 43 35
24 49 49 26 10
16 42 39 22 20
28 31 43 9 6
4 19 7 2 1
6 18 97 70 51
31 36 2 1 1
12 28 51 43 40
35 37 22 3 3
24 25 95 79 65
19 35 80 46 38
15 33 13 13 13
24 43 95 78 67
8 28 32 24 23
29 45 91 87 87
40 42 14 1 0
5 48 41 21 18
8 44 88 7 2
16 41 35 14 1
38 43 95 57 43
10 40 40 35 31
26 46 56 55 54
34 49 98 53 26
10 12 52 39 33
33 46 81 72 64
15 32 16 9 8
6 8 40 35 30
8 34 19 3 3
21 27 59 22 8
3 7 65 47 45
4 10 74 51 48
19 45 29 7 6
40 46 36 16 15
1 3 13 9 5
28 45 26 11 8
7 20 56 46 46
30 31 36 32 30
34 43 29 29 29
16 18 55 17 5
31 45 4 3 2
6 22 69 61 54
8 47 65 33 32
24 40 8 5 5
41 45 61 20 17
27 33 41 29 23
30 40 64 59 57
15 17 59 22 5
17 24 18 18 18
1 11 27 10 0
24 32 81 20 8
23 43 39 18 1
31 35 64 38 30
10 49 70 46 35
10 43 22 8 2
15 31 42 36 34
17 33 26 13 13
2 33 99 99 99
32 39 71 35 13
22 29 90 38 28
22 24 50 8 8
9 17 75 38 31
2 31 69 43 38
8 15 71 27 27
44 50 62 61 61
15 16 51 38 28
30 42 55 37 26
22 49 74 40 7
1 34 46 29 19
35 44 93 34 13
12 37 80 36 0
8 11 80 34 1
10 37 22 19 19
40 49 60 41 24
28 35 99 98 98
45 47 100 92 88
33 43 79 39 20
8 24 67 37 15
32 36 93 11 5
16 19 53 18 17
42 46 45 32 30
29 37 77 67 61
28 30 8 7 7
9 22 69 42 39
34 36 15 5 4
25 35 66 39 38
28 37 2 1 1
11 43 10 1 1
17 38 90 90 90
34 46 5 4 3
15 21 32 11 7
23 29 89 46 10
20 39 3 1 0
3 31 13 4 1
21 28 48 23 12
35 42 30 18 13
43 44 46 8 6
39 41 29 22 22
37 41 96 11 3
11 16 47 46 46
13 20 37 31 31
6 31 40 9 1
32 45 59 28 14
18 37 84 28 28
37 42 26 25 24
5 18 88 38 13
41 46 59 29 28
33 36 53 41 29
6 13 67 43 36
11 12 96 40 21
23 45 49 28 20
30 47 50 16 16
23 36 40 34 31
30 39 29 23 22
8 27 17 16 15
26 35 24 14 12
38 45 18 8 0
33 40 47 32 29
26 44 17 16 15
11 37 45 38 38
17 47 18 7 3
10 16 79 78 78
22 42 75 24 9
35 43 34 19 18
6 41 6 3 1
38 44 76 50 41
8 45 50 50 50
6 16 40 20 18
16 21 51 48 46
30 49 19 8 0
7 31 34 26 25
21 49 60 43 38
11 15 94 61 29
3 41 72 34 31
5 7 33 19 14
20 49 23 22 22
27 35 9 5 5
22 40 7 6 5
2 13 74 70 70
2 6 43 40 37
16 46 46 27 27
11 49 100 29 29
1 28 25 16 12
40 48 84 24 17
26 37 52 10 3
24 47 29 28 27
45 49 89 73 68
23 46 67 30 11
41 43 92 49 37
15 50 35 18 10
24 41 32 27 27
27 29 18 9 5
27 38 39 11 8
7 37 66 18 10
8 26 44 41 41
33 42 6 2 0
1 29 7 5 5
7 22 77 59 50
27 47 53 40 40
20 26 32 9 8
8 10 97 44 9
7 25 55 31 17
31 33 50 14 1
15 41 46 8 2
19 29 49 37 30
21 32 25 22 22
2 29 48 38 38
9 15 53 19 19
23 27 88 34 23
1 33 43 32 32
3 49 75 47 34
31 41 48 19 5
21 44 9 6 4
30 45 100 72 65
18 50 44 27 27
1 43 98 48 26
25 27 72 61 56
35 40 73 56 56
16 43 98 98 98
37 46 88 74 69
3 44 51 35 28
27 49 6 5 5
7 38 46 22 2
19 47 20 11 7
20 40 57 55 55
14 35 35 23 12
18 28 72 38 28
20 24 89 58 58
3 10 50 46 44
25 28 89 29 26
2 34 23 10 2
34 47 46 39 37
36 49 50 36 32
20 30 63 36 23
29 43 98 94 94
22 50 19 15 14
28 40 47 26 18
5 45 11 4 4
25 49 55 43 36
9 43 71 69 69
39 42 44 2 2
25 39 49 26 18
27 42 60 18 2
7 36 0 0 0
23 28 58 13 7
35 39 63 51 44
29 39 79 70 68
3 15 73 41 24
25 47 62 48 37
34 44 50 46 46
8 17 31 27 26
26 28 75 59 52
4 9 26 11 2
5 11 57 56 56
6 28 17 14 14
38 41 0 0 0
40 44 3 0 0
15 18 7 5 5
9 26 84 79 76
25 30 69 62 58
3 36 53 44 43
22 46 36 21 10
36 38 68 54 47
35 36 45 39 34
19 40 98 89 81
9 25 16 11 6
2 23 3 2 1
8 48 43 32 32
20 23 82 51 48
2 45 30 21 19
42 49 92 88 88
24 39 25 22 22
29 30 10 7 7
1 9 100 76 54
13 35 60 28 25
27 28 18 18 18
7 8 65 30 0
12 48 47 35 26
24 36 93 84 78
1 15 32 22 17
4 8 42 31 27
26 43 11 10 9
1 7 18 13 12
2 19 67 35 20
33 35 55 53 52
14 45 19 3 0
14 44 66 37 23
37 38 28 23 19
1 40 20 19 18
36 42 9 6 3
19 38 69 60 58
20 43 43 15 15
1 36 37 17 7
23 39 83 57 55
2 30 88 82 81
19 44 93 91 90
33 45 27 16 8
26 36 51 36 23
32 33 67 54 53
31 34 30 19 10
22 36 97 70 65
19 49 94 3 3
15 42 8 4 0
28 43 79 35 24
5 47 85 34 15
33 38 64 53 45
3 32 61 40 39
6 19 84 42 3
1 32 30 11 8
41 50 50 26 7
20 33 39 11 8
26 33 3 2 1
21 50 65 4 3
18 19 89 60 53
11 23 11 11 11
1 205
2 112
3 258
4 47
5 168
6 173
7 202
8 325
9 202
10 251
11 268
12 189
13 245
14 85
15 241
16 184
17 285
18 266
19 386
20 229
21 185
22 362
23 251
24 256
25 334
26 143
27 288
28 245
29 167
30 291
31 307
32 337
33 420
34 232
35 344
36 311
37 319
38 323
39 291
40 224
41 395
42 361
43 420
44 417
45 279
46 255
47 256
48 344
49 498
50 333
