700 2500
123 372 11 5 5
629 679 44 39 36
492 674 43 24 19
532 594 70 38 22
48 394 74 15 12
589 599 28 16 16
562 620 25 15 14
186 378 82 29 21
225 574 79 68 67
561 657 7 6 6
273 607 35 24 24
415 673 2 2 2
499 681 24 11 1
408 490 99 94 94
44 173 30 18 12
175 373 42 2 1
394 419 90 89 89
598 696 12 10 10
156 572 46 42 41
351 598 48 18 9
561 600 44 32 22
29 659 44 30 27
92 499 14 9 4
11 351 43 35 33
563 640 61 31 30
343 451 33 15 15
345 581 90 57 32
328 632 22 19 19
181 664 37 29 26
176 245 61 35 18
296 411 31 25 23
354 612 95 78 76
432 465 98 40 2
252 515 4 4 4
251 658 74 73 73
426 645 13 11 11
405 514 58 57 56
144 382 20 20 20
343 523 74 64 58
171 540 47 46 45
673 692 74 53 43
60 206 90 67 46
115 650 74 74 74
502 630 63 40 26
144 436 5 2 0
367 552 59 44 40
397 644 11 5 5
173 260 73 63 55
416 460 36 22 20
283 304 86 52 35
210 344 78 75 74
478 673 6 2 1
317 384 49 32 27
104 415 42 13 4
93 146 22 14 11
581 678 18 16 14
15 164 39 32 32
274 686 84 83 82
356 624 25 20 19
544 632 6 4 2
169 361 57 54 53
2 622 53 20 7
213 416 54 21 16
599 640 99 71 64
602 653 55 13 13
127 339 86 46 29
582 681 5 4 4
633 698 67 63 61
688 695 18 10 5
365 370 46 23 21
525 636 20 16 12
261 651 40 38 37
284 395 9 1 1
464 467 86 36 29
529 640 46 41 37
76 121 39 33 32
454 458 62 9 6
621 673 23 16 14
122 336 14 14 14
595 611 65 45 38
575 595 0 0 0
559 658 75 33 18
445 500 66 16 15
30 511 15 3 0
190 506 50 22 3
300 368 71 44 32
125 600 95 83 80
197 660 1 1 1
556 568 0 0 0
477 574 19 7 1
562 619 34 31 29
652 695 37 16 15
237 689 99 68 58
400 481 41 24 16
79 385 17 15 14
4 187 15 11 7
586 678 92 11 9
204 604 99 91 87
498 581 41 19 17
27 462 27 25 25
276 501 86 23 0
564 653 32 4 4
375 508 50 41 41
284 698 20 13 8
633 679 85 73 61
281 447 39 21 19
533 571 6 5 4
401 698 17 7 5
542 667 73 27 17
618 624 8 7 7
270 357 69 54 47
494 671 48 12 3
633 680 25 4 1
58 363 54 47 42
644 647 1 0 0
183 510 99 46 3
483 662 4 2 1
89 680 47 33 26
645 675 43 21 10
8 346 46 30 17
298 649 89 59 51
376 647 83 35 0
618 688 27 10 1
502 547 30 27 26
116 321 38 13 10
140 645 40 21 9
345 674 57 57 57
392 542 6 5 4
230 386 70 66 64
423 686 24 7 0
27 305 33 29 28
514 602 2 2 2
143 196 75 72 70
543 583 58 46 43
310 409 18 9 7
616 661 7 2 2
393 647 9 3 3
214 662 52 45 44
246 492 20 14 10
441 607 77 42 42
335 461 97 58 22
463 630 23 6 4
245 404 77 47 24
525 687 0 0 0
435 689 67 33 15
29 406 11 3 3
292 458 72 33 31
82 120 62 36 18
579 649 93 45 27
639 677 7 6 5
630 696 55 55 55
483 597 67 49 46
401 659 83 55 40
366 378 45 33 21
319 496 51 39 36
98 644 72 57 53
15 525 26 5 2
219 284 41 34 30
237 461 70 54 53
195 337 22 3 2
502 602 38 27 24
378 574 14 5 5
35 317 41 25 9
135 259 14 10 9
342 648 23 10 5
316 409 4 3 3
665 690 85 51 37
335 667 13 10 8
671 685 7 4 3
600 699 37 14 10
11 309 58 53 51
181 256 23 14 9
490 518 37 16 1
562 671 13 8 8
68 122 84 23 4
222 484 71 40 19
419 574 5 4 4
676 688 49 47 46
242 461 84 50 47
155 306 24 15 12
228 291 22 16 16
198 643 53 34 31
462 474 60 47 47
626 674 96 51 47
524 549 19 10 2
129 194 8 7 7
557 593 32 29 28
110 636 17 3 3
425 683 35 20 14
366 656 97 57 44
656 699 23 14 6
659 699 28 20 14
610 625 68 42 40
353 589 65 35 9
134 616 80 27 0
49 302 46 3 3
685 694 61 22 5
198 546 7 1 1
298 404 10 7 4
468 570 61 46 43
118 340 29 11 1
388 458 82 50 33
399 539 59 26 20
634 671 73 59 52
552 570 60 45 42
50 206 13 3 3
465 516 23 14 14
446 546 30 9 3
132 547 93 43 39
625 691 84 54 53
344 596 40 22 10
198 285 85 81 80
272 526 11 6 1
107 174 94 56 24
186 329 63 60 57
73 393 40 26 25
490 566 62 61 61
488 557 41 27 21
99 463 33 6 0
491 686 72 47 38
303 572 55 39 37
438 459 28 21 20
500 529 30 22 15
696 700 94 46 10
103 137 89 70 66
198 260 12 10 9
331 387 27 16 11
428 446 25 18 12
671 677 76 53 33
547 557 33 30 27
84 632 25 13 8
658 690 69 21 10
484 537 44 41 40
405 468 23 13 5
197 301 24 14 5
232 435 69 18 17
193 545 3 1 0
111 654 79 78 77
357 567 94 63 55
33 425 30 26 25
422 633 51 26 24
189 388 26 12 0
517 667 72 4 3
177 392 96 29 0
643 646 57 26 22
416 467 77 65 55
239 630 22 21 21
89 102 42 27 21
201 236 4 4 4
541 545 79 23 6
176 218 84 63 51
512 550 61 49 41
573 671 56 34 24
5 527 62 53 47
529 637 100 78 69
403 653 27 26 25
582 693 4 3 3
346 575 83 65 49
351 526 98 73 54
128 285 24 21 18
152 282 87 68 54
514 651 5 4 4
49 524 62 51 49
697 698 63 30 26
479 690 16 16 16
691 694 52 35 18
558 596 60 41 36
47 675 61 40 32
596 617 72 25 11
73 356 46 15 13
648 654 23 18 15
308 575 97 86 86
677 699 1 0 0
182 310 48 35 23
311 527 33 24 24
482 625 5 3 2
622 637 100 64 54
405 696 36 12 10
225 632 45 12 7
540 585 48 43 41
72 692 58 58 58
401 526 79 46 43
299 499 91 52 41
530 674 48 32 17
432 670 77 39 15
131 171 89 34 14
380 623 74 32 20
198 341 36 16 1
497 562 38 29 20
579 646 90 66 46
272 329 1 1 1
40 691 14 10 7
657 696 52 46 46
376 696 44 28 16
135 272 98 36 27
372 598 19 4 0
335 472 30 26 26
592 627 32 18 18
277 676 33 24 17
317 650 48 44 43
307 320 51 22 20
223 506 18 8 2
57 94 44 37 34
563 606 30 29 28
531 547 38 35 35
419 463 51 9 9
442 700 24 5 3
203 554 30 13 10
324 413 83 72 67
294 506 36 18 6
491 497 69 56 51
466 532 47 46 45
455 664 35 22 10
225 294 44 18 0
6 613 87 80 73
436 437 80 77 77
187 209 72 47 38
624 633 60 39 31
528 643 19 4 1
270 657 35 14 11
593 636 71 34 30
686 687 80 59 55
65 409 31 29 29
406 504 93 43 35
408 652 89 67 64
553 580 36 12 3
658 664 100 45 12
679 691 25 16 16
454 700 55 46 43
671 684 39 23 12
30 378 10 8 8
394 639 93 54 31
594 635 95 57 47
685 692 32 24 24
232 432 39 20 18
215 567 6 3 2
388 613 72 48 28
614 642 25 22 22
93 271 81 60 59
309 468 18 13 10
86 323 19 17 16
486 672 98 60 43
448 457 49 48 47
107 245 92 86 86
255 548 40 24 24
529 647 79 22 11
32 423 13 12 12
692 698 37 7 5
196 435 83 27 22
132 559 20 10 5
470 491 89 85 84
171 299 28 22 22
509 555 80 43 38
28 443 50 21 8
677 690 31 20 19
120 601 64 49 49
539 576 92 74 74
453 491 88 28 28
55 439 90 84 80
200 674 37 27 23
508 511 30 7 3
166 525 15 15 15
611 687 94 30 14
372 606 5 5 5
291 306 1 0 0
115 629 42 33 25
277 697 75 68 63
346 532 5 2 1
184 307 80 67 61
470 642 58 11 0
407 654 71 52 40
416 692 0 0 0
613 616 84 19 15
89 214 30 27 24
11 378 39 17 8
137 696 61 42 40
85 663 57 17 5
224 346 7 5 5
613 643 77 71 71
183 328 26 18 11
476 652 64 54 53
250 513 54 47 47
75 458 1 1 1
679 688 39 32 32
439 514 31 10 0
120 346 50 27 27
679 696 47 41 39
624 626 57 52 49
53 552 55 33 15
318 407 57 35 20
498 676 46 29 17
11 180 16 6 3
64 90 40 17 15
378 625 77 76 75
99 428 46 22 15
599 643 64 54 49
639 664 21 20 20
257 620 28 13 4
349 468 18 1 0
291 550 83 74 74
164 478 57 51 48
567 603 36 26 19
270 297 67 46 45
468 525 5 0 0
92 576 81 73 66
315 385 6 2 1
303 655 69 61 61
292 391 31 31 31
390 432 81 57 37
636 670 60 54 50
411 574 32 28 26
514 638 28 12 2
279 589 50 39 29
126 626 11 10 10
346 595 29 6 3
244 247 45 10 10
354 495 20 15 15
618 629 72 55 54
611 666 81 36 12
108 206 49 13 0
423 532 10 10 10
634 697 38 30 30
219 557 92 41 15
370 592 60 16 12
66 580 62 56 51
316 691 21 7 6
56 93 5 2 0
390 501 71 36 36
503 611 39 26 20
444 490 93 91 91
266 284 88 28 22
302 348 92 48 45
621 688 77 40 16
18 125 36 28 23
430 519 36 26 22
64 683 99 64 48
50 623 46 23 12
120 539 23 3 3
21 121 79 38 31
436 616 94 73 69
532 622 71 57 46
166 434 36 19 13
279 313 14 10 9
104 471 51 26 8
228 481 52 23 3
391 686 20 13 12
217 368 95 19 14
104 131 97 71 48
634 646 75 69 67
617 656 50 25 23
225 450 48 26 8
472 628 95 20 9
445 652 26 25 24
152 518 40 30 26
359 382 4 1 0
12 274 48 23 5
686 691 15 12 12
664 688 20 13 10
389 643 56 26 26
474 549 19 10 5
658 692 65 12 8
372 473 76 61 61
322 532 56 34 19
583 608 43 10 9
642 649 95 89 89
109 360 9 3 3
80 326 50 48 48
193 629 70 69 69
19 368 94 86 81
354 423 100 81 75
429 655 45 19 15
351 458 87 71 66
195 303 65 59 53
449 678 21 13 9
487 492 100 97 97
687 693 65 41 22
37 49 72 71 71
103 316 49 26 24
159 595 85 26 6
694 700 11 7 7
632 685 42 26 19
43 168 8 6 5
43 318 58 58 58
309 540 25 22 21
427 672 42 32 28
586 677 62 15 8
328 689 65 63 63
48 533 74 41 24
631 677 60 30 14
15 598 64 27 25
241 679 21 6 3
26 401 9 8 8
250 457 24 23 23
163 304 93 30 16
285 521 65 18 13
532 575 47 31 30
268 452 86 66 55
516 682 82 56 49
25 330 53 29 23
591 670 70 35 21
137 356 93 64 40
394 646 15 15 15
273 324 59 50 43
374 584 88 76 72
657 694 8 8 8
86 611 75 61 49
548 685 47 21 17
350 455 93 27 23
248 469 5 2 1
399 521 57 10 9
380 445 3 3 3
603 686 34 15 7
163 434 92 54 19
137 577 98 64 59
109 680 99 7 1
132 645 1 0 0
125 392 81 58 55
636 639 49 9 6
28 354 19 3 1
419 474 74 46 33
472 596 60 56 53
117 612 91 60 56
687 689 100 81 73
687 696 38 38 38
507 525 77 56 56
136 641 45 17 10
664 678 20 12 10
87 245 39 8 8
21 245 56 41 39
490 611 68 19 13
451 509 3 2 1
221 672 72 66 62
688 691 92 72 55
399 578 6 4 4
376 560 61 24 7
424 641 23 7 1
615 672 70 7 3
335 649 3 0 0
63 528 28 23 19
571 628 20 14 13
227 478 25 21 21
636 657 5 5 5
654 698 8 6 4
275 515 82 69 60
356 683 46 27 8
368 530 48 43 42
304 482 83 61 41
110 124 88 64 45
507 650 17 17 17
352 434 63 27 25
635 681 52 50 50
198 364 53 52 52
166 233 12 11 11
271 694 23 16 13
324 540 1 0 0
610 689 7 6 5
654 667 93 79 77
342 344 75 49 38
63 146 50 18 1
19 554 43 27 22
185 555 73 42 27
483 545 44 19 16
383 646 97 29 17
13 336 88 71 66
211 404 83 22 16
360 652 35 9 7
414 657 23 9 0
475 692 98 71 71
436 595 96 84 78
13 326 78 75 74
612 613 97 92 88
696 699 29 0 0
12 278 8 4 1
171 688 62 39 22
77 444 35 23 13
665 679 48 11 5
510 528 43 43 43
658 663 43 33 28
167 645 99 85 76
642 697 65 17 9
126 596 32 30 29
92 324 11 5 5
70 568 10 5 0
549 615 67 37 21
28 412 74 55 51
618 665 62 19 10
660 677 24 23 23
617 628 52 19 18
617 640 44 15 2
180 352 27 19 12
343 677 47 45 43
282 674 84 63 43
335 672 97 93 92
67 467 16 5 5
231 674 10 9 9
147 528 60 14 0
503 658 98 66 57
487 626 31 19 16
311 552 54 46 45
440 484 1 1 1
24 505 26 9 9
264 370 99 24 24
550 643 43 12 10
118 404 17 6 5
695 700 100 85 71
417 524 62 36 26
474 536 0 0 0
18 551 92 33 25
115 475 78 53 40
632 646 46 15 12
334 557 68 44 36
478 647 99 54 31
654 659 44 35 31
690 692 32 27 24
215 503 46 40 35
460 510 25 7 4
170 372 20 13 8
274 374 14 14 14
671 688 12 12 12
293 522 67 12 9
441 455 39 23 11
235 570 13 13 13
617 672 89 57 51
514 554 70 56 51
121 143 57 21 18
551 592 32 29 26
520 571 21 18 16
657 669 84 81 81
316 370 46 44 43
140 207 99 69 63
582 689 84 22 11
667 675 74 10 4
568 645 4 1 0
546 628 6 5 5
615 685 66 10 0
266 354 75 57 56
490 594 70 32 9
265 407 30 22 21
686 700 61 39 19
64 454 57 9 0
35 195 96 58 37
576 669 43 27 23
521 576 58 33 12
596 655 87 54 53
18 504 77 71 65
33 548 68 51 39
135 601 60 47 35
242 685 65 47 34
403 501 51 42 39
519 678 40 29 26
421 454 1 0 0
308 618 26 13 6
536 672 58 51 48
329 560 86 45 29
679 687 53 50 50
91 673 55 54 53
560 592 3 2 2
333 595 19 16 15
411 429 44 25 25
52 239 19 17 16
247 592 18 15 13
180 556 61 53 53
685 686 47 31 23
626 680 80 37 36
330 623 100 40 1
639 698 66 35 28
7 569 37 36 35
262 377 17 15 14
687 695 95 43 30
466 571 8 7 7
505 549 27 19 14
90 655 62 28 23
130 272 7 1 1
321 397 47 38 37
30 355 85 45 15
90 341 77 56 54
430 635 21 20 20
387 446 62 12 2
545 608 41 30 23
537 618 64 42 37
678 698 47 27 24
250 261 9 5 2
515 650 76 65 65
672 687 54 11 7
615 646 11 6 1
132 235 62 47 46
574 640 42 28 14
392 650 19 9 2
101 102 22 22 22
588 616 29 28 28
405 615 41 24 24
637 665 89 70 69
456 578 98 82 77
532 565 26 16 11
667 671 72 24 1
310 371 39 33 27
254 356 73 57 55
38 249 8 0 0
141 362 64 26 24
142 338 19 12 7
125 236 63 62 61
561 649 87 63 48
230 301 94 61 35
568 660 39 22 14
624 656 60 30 25
121 608 34 10 8
658 685 23 16 11
692 693 84 76 72
1 71 12 9 9
690 698 58 40 24
231 406 91 33 27
78 255 9 6 5
371 545 18 16 15
122 176 81 67 54
671 680 6 3 0
278 528 44 25 6
433 520 61 47 46
112 220 59 31 28
308 482 0 0 0
341 652 58 30 25
360 460 85 51 22
497 688 26 19 14
163 517 70 62 62
323 633 81 36 26
275 559 76 59 59
550 566 59 55 53
360 695 27 17 17
272 386 38 36 34
26 377 36 20 6
182 463 3 2 1
458 622 90 75 72
547 633 89 39 36
565 578 41 30 23
204 299 59 39 20
30 612 37 19 14
587 685 33 19 13
42 251 85 41 38
606 691 80 25 22
541 557 52 31 21
643 648 90 68 57
45 540 86 44 29
186 399 50 44 43
94 452 31 24 22
421 587 83 46 22
671 693 97 37 37
697 699 40 9 8
397 585 29 18 12
455 656 41 36 36
451 700 58 47 42
220 678 98 52 52
302 438 92 14 5
279 301 54 52 51
498 695 85 28 25
309 350 42 24 20
654 686 0 0 0
310 668 21 13 13
438 652 7 1 0
75 494 8 7 7
4 109 64 19 17
469 586 23 22 22
539 624 83 45 38
563 670 52 46 43
226 292 56 52 50
660 683 50 48 48
678 681 26 12 8
45 502 74 26 11
249 634 21 20 20
623 643 67 57 54
589 700 29 12 11
685 688 81 6 2
647 682 54 45 42
207 468 56 54 52
51 263 86 51 37
253 619 92 55 31
127 526 12 12 12
279 310 86 30 16
598 637 39 25 20
602 634 49 41 36
24 306 25 22 19
415 484 36 35 35
517 585 55 38 35
244 447 95 91 88
319 687 5 3 3
326 630 37 33 30
404 675 7 2 2
21 574 63 8 7
57 637 96 19 17
553 586 81 29 21
593 680 8 5 5
20 82 58 46 42
286 581 30 19 14
45 524 66 32 25
37 149 98 57 52
664 679 80 77 74
413 579 12 4 0
443 624 52 15 4
648 649 60 51 44
298 443 98 11 4
584 605 84 70 64
389 434 96 70 52
578 613 79 33 32
170 445 33 18 10
123 393 40 39 39
630 638 92 31 19
97 545 85 77 73
390 572 46 16 6
109 381 77 35 21
641 700 76 27 12
493 527 86 60 47
150 524 56 42 29
677 684 69 31 29
567 684 43 18 15
151 278 15 7 6
87 606 81 42 31
231 625 38 29 21
263 413 49 19 10
151 558 49 40 31
166 249 13 8 8
495 614 45 30 29
430 659 56 39 27
205 568 16 12 11
494 673 21 11 2
105 520 29 19 18
279 428 8 7 6
231 483 10 2 0
258 425 80 16 4
535 581 34 17 0
316 361 72 42 41
468 530 3 2 2
303 441 42 25 25
671 696 0 0 0
12 261 24 13 2
445 642 98 93 93
317 447 13 7 7
489 657 23 2 0
295 615 22 21 21
343 640 25 10 0
534 688 37 23 13
50 130 72 45 39
365 619 94 73 69
640 696 71 65 65
228 556 71 65 65
265 553 35 20 6
473 558 77 52 49
438 530 0 0 0
616 624 53 49 48
53 375 65 37 34
474 670 32 25 25
545 564 22 11 11
10 519 77 58 53
348 365 40 40 40
125 649 20 14 11
471 588 8 5 4
646 699 86 67 64
323 372 30 26 24
65 511 43 37 37
66 599 57 47 43
118 619 8 0 0
558 693 54 44 39
632 692 78 67 67
642 678 89 56 32
1 304 37 10 3
289 364 1 0 0
639 643 100 59 31
49 638 65 24 18
412 693 90 35 21
479 664 31 7 5
229 354 9 5 4
231 595 48 34 30
443 623 2 0 0
14 478 15 13 11
394 424 60 54 49
41 614 74 56 49
96 428 13 9 6
283 523 58 45 40
579 622 70 47 38
260 463 55 29 5
151 486 13 2 2
280 532 98 79 68
691 693 79 55 32
322 555 63 40 33
344 570 5 1 1
11 164 33 13 9
365 620 75 37 2
303 586 29 21 17
145 662 83 73 73
632 649 8 6 5
19 303 63 33 32
170 652 62 29 4
616 657 74 44 19
453 548 93 78 77
364 690 97 41 29
528 654 60 51 46
555 629 22 15 14
311 545 24 11 5
251 514 33 23 15
504 576 53 34 23
42 523 22 14 11
139 516 93 80 80
250 478 13 8 3
239 640 33 6 0
480 621 91 21 5
549 609 58 56 55
321 670 63 19 16
259 617 28 23 18
423 520 13 11 11
243 602 27 8 0
573 675 53 32 17
325 655 89 60 36
503 569 22 12 11
378 491 54 47 46
472 690 92 83 77
692 695 78 55 41
479 574 47 27 13
165 278 85 21 3
616 633 12 10 9
471 485 22 13 5
538 601 7 7 7
94 103 85 73 68
490 643 90 73 64
146 315 79 69 68
514 685 51 35 35
621 651 1 1 1
351 382 99 90 89
587 652 15 10 5
569 615 68 53 49
307 637 19 16 14
558 667 21 13 5
114 165 26 20 18
654 662 22 20 18
630 671 21 8 5
292 448 81 15 12
315 570 58 42 36
243 555 39 22 16
225 329 83 57 41
139 617 43 40 39
546 689 29 20 14
548 588 94 68 51
221 627 82 37 21
101 216 69 20 11
201 600 51 34 33
333 681 91 79 69
389 554 46 27 26
683 688 48 28 28
95 171 61 18 9
447 632 11 10 9
70 267 33 14 3
191 318 83 47 14
620 662 31 17 17
332 376 23 18 16
249 692 54 41 41
520 700 25 10 5
424 537 36 15 4
41 663 96 73 71
299 677 64 22 21
581 648 15 6 0
283 619 39 24 24
60 461 52 37 35
13 452 98 81 75
662 674 67 7 6
407 482 55 46 37
381 496 72 26 3
446 700 41 23 10
184 448 60 37 27
454 658 3 1 1
29 303 98 95 95
638 679 54 23 8
372 686 82 75 68
668 698 97 81 72
327 341 91 59 34
82 116 69 33 27
118 247 79 29 16
309 641 36 25 24
90 437 96 75 57
629 696 31 21 16
182 301 34 29 29
275 464 94 52 49
679 697 65 29 21
427 433 41 17 6
658 686 15 8 8
563 684 94 55 16
604 688 2 2 2
648 653 50 37 25
167 461 19 7 7
419 609 90 43 21
558 618 89 78 74
52 234 30 18 6
155 596 91 83 80
492 642 37 15 15
115 232 70 20 6
147 425 79 52 33
364 426 69 52 48
531 629 89 65 52
348 641 87 5 1
10 363 82 45 15
190 483 36 31 27
137 234 48 26 19
310 359 72 66 61
536 620 83 76 71
203 310 47 40 39
156 162 59 40 30
128 367 57 52 52
598 654 33 30 30
12 484 69 61 56
431 698 10 8 8
305 390 47 40 36
574 684 71 22 17
575 691 73 37 20
8 669 20 15 12
447 634 17 13 12
81 641 32 26 25
336 520 2 1 0
582 640 14 6 6
537 697 79 67 67
666 686 6 5 4
12 434 56 37 31
490 527 9 7 6
229 341 1 1 1
47 658 91 83 78
333 627 42 27 21
407 623 33 19 19
435 587 34 32 32
666 699 97 56 32
662 681 53 29 26
226 639 89 75 66
193 674 91 68 53
537 615 93 63 46
240 298 64 35 7
384 630 88 74 73
45 247 2 1 1
431 589 87 53 47
160 626 90 56 44
206 292 42 18 12
500 627 98 78 59
380 606 37 18 10
658 695 46 36 27
565 651 92 46 46
262 425 56 22 19
110 511 82 49 28
83 382 73 66 59
37 168 10 2 0
53 523 16 11 10
262 398 4 0 0
352 560 43 8 8
158 291 79 72 67
317 630 11 3 3
394 562 55 43 31
2 80 56 9 2
314 369 100 13 13
407 518 71 43 25
493 540 27 18 15
577 579 41 25 25
624 672 7 4 1
413 572 86 36 1
434 509 92 87 83
567 571 15 8 5
238 494 68 45 45
154 605 98 57 35
574 620 34 24 21
422 542 76 70 67
598 683 53 43 36
276 598 5 4 3
430 539 13 7 2
247 429 56 42 39
595 597 59 25 21
30 652 60 50 50
76 219 48 48 48
409 610 24 24 24
273 404 87 32 23
83 577 75 60 45
52 697 99 89 84
594 661 16 15 14
377 481 31 25 24
435 510 76 40 11
545 551 52 50 49
353 538 74 49 46
145 509 21 20 19
132 317 48 27 17
649 671 76 56 45
407 452 25 11 1
172 501 68 55 44
305 669 24 18 14
601 610 17 17 17
580 597 56 39 29
145 485 86 27 19
178 396 78 37 22
335 556 72 24 4
22 331 58 26 19
610 636 35 27 27
555 634 55 31 24
84 404 34 13 8
462 605 86 47 18
618 681 60 20 18
304 353 65 62 62
195 502 81 81 81
90 334 6 2 2
491 614 30 30 30
662 671 12 4 0
116 295 21 11 7
312 404 45 30 24
35 360 68 17 14
591 673 51 42 40
657 684 77 54 42
74 159 3 3 3
347 438 95 90 89
236 499 76 55 50
238 576 15 11 11
242 319 46 42 38
159 193 15 13 12
203 530 35 6 1
688 693 44 9 7
53 398 43 29 23
212 606 58 53 53
577 591 95 47 17
627 639 52 52 52
305 668 88 85 84
403 668 76 50 34
548 565 21 17 15
698 700 7 6 6
612 639 9 3 0
21 331 88 42 15
372 629 6 2 0
346 578 90 34 17
188 342 53 52 52
92 189 7 3 2
567 606 12 1 1
230 501 30 23 22
340 637 40 19 5
487 544 91 47 4
447 458 28 10 10
685 698 17 16 16
560 649 38 19 19
143 428 9 4 0
333 647 15 9 6
398 473 65 63 61
313 440 58 52 49
694 697 1 1 1
326 398 76 70 68
412 666 93 80 78
387 403 29 25 25
409 560 71 50 34
401 671 2 1 1
163 170 24 9 9
102 615 15 14 14
524 669 2 2 2
607 674 84 69 62
235 596 26 24 23
178 686 96 20 11
546 559 56 48 47
66 172 98 84 81
65 498 25 24 23
663 691 34 11 8
61 314 17 14 12
357 617 85 70 64
464 650 59 19 13
590 687 42 22 8
319 590 49 26 11
540 642 50 46 45
39 163 84 68 68
43 630 83 64 64
426 653 86 64 59
274 503 16 11 9
40 345 7 4 4
499 693 82 79 79
612 625 34 16 6
643 697 56 17 0
70 414 3 2 2
456 584 73 18 4
357 637 42 40 39
393 599 14 7 3
129 593 87 63 55
557 674 37 33 30
44 673 99 20 18
673 686 78 70 66
355 600 64 26 16
644 687 40 28 19
171 498 52 24 23
79 149 96 87 84
663 688 81 80 80
199 542 87 30 21
58 329 58 39 22
505 518 15 10 7
2 569 57 34 16
398 671 67 27 11
339 574 75 37 29
443 632 45 34 26
688 700 42 27 15
132 638 18 13 10
309 375 65 29 2
388 663 3 0 0
494 502 68 16 0
415 452 80 58 43
436 504 89 27 2
464 523 66 40 27
132 150 24 12 3
443 511 24 20 20
397 673 70 27 25
157 386 76 30 30
527 589 3 2 1
232 534 80 47 40
314 613 58 23 13
79 303 36 23 15
385 697 11 9 9
455 552 45 25 19
33 284 48 13 5
450 657 19 16 14
277 494 49 41 38
668 692 78 31 30
511 523 9 8 8
206 388 39 18 6
633 653 23 13 8
27 65 21 15 14
236 382 35 21 21
583 594 84 52 45
631 647 40 37 35
101 162 58 38 21
648 659 64 2 2
492 636 39 35 35
27 183 23 5 2
156 611 36 28 21
465 691 96 86 77
649 695 97 67 47
509 683 44 34 29
588 694 14 7 6
209 444 70 58 58
556 568 73 62 62
318 696 65 39 18
10 552 84 75 75
139 183 14 9 5
357 455 9 5 5
427 643 43 29 27
483 673 71 24 22
175 246 61 51 42
591 621 71 16 15
27 459 67 51 51
623 682 10 4 3
221 427 13 3 1
263 477 12 9 8
473 671 91 33 13
651 697 58 38 29
639 661 22 19 19
292 433 31 7 7
698 699 6 2 2
263 364 83 20 8
112 309 19 9 7
432 477 36 36 36
638 641 14 9 5
308 555 52 32 15
380 491 47 36 34
615 665 67 34 12
345 676 88 53 46
276 375 56 50 49
340 468 86 78 74
547 637 93 52 51
306 491 46 22 14
86 364 81 53 49
468 541 21 18 15
626 665 62 37 36
287 569 17 9 4
65 365 94 62 56
359 403 89 60 51
514 690 61 60 59
313 390 75 44 14
562 673 32 24 24
578 649 69 28 23
654 672 76 63 56
241 410 44 31 29
551 670 33 22 19
532 634 92 73 64
356 475 66 15 12
487 575 84 42 10
60 438 70 62 62
144 677 15 12 12
682 687 77 64 57
517 591 84 57 32
86 275 85 29 3
13 694 41 5 3
363 651 32 23 20
386 498 65 46 37
402 425 96 64 48
668 680 84 79 77
61 167 84 28 3
388 547 8 6 4
512 659 69 62 61
250 365 36 15 8
457 647 19 16 15
647 676 45 22 22
423 698 78 42 39
642 652 63 30 0
620 681 34 18 5
276 534 20 12 4
96 499 49 31 24
592 668 41 29 29
650 681 67 45 32
478 529 98 63 49
553 664 35 5 4
643 693 33 12 5
402 604 42 36 36
629 652 62 27 19
248 423 53 27 26
112 522 89 80 77
212 509 44 20 19
121 228 89 71 60
501 631 22 18 16
414 466 68 42 18
158 451 60 37 28
137 366 26 17 16
273 577 50 21 18
608 696 18 16 14
314 422 46 34 33
588 649 42 16 10
417 625 38 15 14
182 507 51 46 43
213 578 36 36 36
456 473 67 65 63
585 660 5 1 0
199 379 68 44 33
531 688 69 69 69
81 182 4 1 1
121 134 45 25 14
594 693 44 35 35
640 688 82 68 61
112 236 59 56 55
398 593 14 4 4
318 348 30 18 11
154 424 82 79 78
603 633 85 80 80
68 313 96 70 51
175 177 66 23 23
219 405 86 51 37
431 600 50 35 35
215 562 8 7 6
689 697 70 32 25
192 449 24 24 24
250 598 71 26 9
127 457 17 13 13
232 317 28 25 23
688 698 2 0 0
537 656 41 13 12
345 379 5 4 3
112 303 18 14 11
245 501 35 13 8
150 422 72 16 3
499 550 53 35 34
511 687 35 35 35
190 356 57 39 39
527 647 39 14 14
608 665 14 6 5
573 699 21 19 18
687 691 67 30 3
370 484 100 56 19
259 317 43 27 12
301 423 37 11 2
364 469 70 34 21
219 462 52 27 4
214 553 3 2 2
638 672 35 13 13
194 612 40 26 25
657 660 96 35 35
310 525 50 38 34
481 551 37 16 11
201 517 76 34 22
254 629 45 42 41
568 598 9 5 2
247 644 40 31 31
540 693 19 6 3
378 546 98 7 4
61 445 68 32 11
346 505 12 6 0
403 497 10 6 4
672 690 3 2 2
8 322 82 62 59
392 691 36 17 3
40 500 22 5 0
681 698 66 51 41
572 658 30 24 20
379 570 3 2 1
151 554 38 27 20
687 688 12 1 0
218 241 65 60 57
189 204 41 36 35
480 689 70 23 12
667 691 1 0 0
120 555 10 10 10
125 444 76 66 63
570 583 63 55 52
340 610 76 76 76
556 580 36 34 32
454 496 80 75 75
418 641 27 18 16
235 400 43 42 41
513 641 26 18 17
354 621 52 23 21
24 634 43 30 25
695 697 78 36 25
684 700 29 3 2
508 682 30 22 14
488 693 30 25 22
661 663 74 32 2
408 592 64 42 28
194 225 71 58 53
440 571 80 64 64
46 160 67 48 48
512 682 19 8 5
536 551 36 16 10
194 635 65 33 26
138 272 89 33 1
250 643 0 0 0
110 230 81 70 69
306 601 24 18 16
374 463 91 15 4
206 488 14 10 8
275 428 57 57 57
665 691 1 1 1
261 291 43 27 14
103 523 7 5 5
199 470 73 65 64
441 532 87 50 46
175 364 83 58 40
467 662 6 3 1
380 620 5 3 2
260 277 85 85 85
46 262 55 21 6
158 171 75 45 26
670 686 7 6 5
621 674 12 10 9
375 581 15 11 7
100 619 67 33 33
362 635 46 16 9
664 697 100 26 18
659 678 0 0 0
275 603 29 26 26
495 669 61 47 33
482 516 74 56 42
27 381 67 58 50
242 613 60 22 7
384 653 25 22 19
363 452 37 18 15
489 624 59 57 55
609 635 6 5 5
211 334 69 24 3
648 660 39 29 22
625 675 46 35 31
461 526 28 13 6
32 403 93 75 62
276 509 53 26 23
99 118 86 69 63
202 499 65 36 9
54 251 78 76 75
263 419 61 27 4
417 643 32 31 31
639 684 61 19 15
55 158 3 2 1
24 602 33 24 21
21 468 84 77 72
456 467 51 43 43
589 669 83 68 60
404 495 11 3 3
403 643 3 2 2
382 675 54 20 6
268 603 14 5 5
514 637 7 6 5
431 474 61 24 5
175 689 88 70 66
644 675 28 15 12
562 672 15 11 8
462 514 63 39 37
465 591 78 58 58
273 364 20 17 17
188 474 54 27 18
75 136 89 60 56
89 283 23 20 19
673 683 8 4 1
135 145 52 37 24
415 589 69 24 10
632 695 21 6 1
609 658 40 18 16
248 661 9 3 3
301 430 77 45 21
62 592 18 3 0
178 533 27 27 27
644 688 30 3 3
41 633 92 86 82
363 689 33 24 24
81 411 42 30 18
626 627 49 11 4
441 683 70 62 57
424 458 64 50 48
4 45 77 60 43
674 692 49 33 32
590 613 78 46 17
337 635 86 85 84
71 608 6 2 2
142 379 33 32 31
400 633 10 6 6
197 319 48 32 16
581 669 36 35 34
351 355 94 12 3
590 670 82 56 34
500 519 51 26 8
416 560 0 0 0
584 640 18 8 5
247 504 98 41 40
102 126 22 22 22
641 644 50 37 29
428 439 92 45 38
519 694 85 70 56
261 273 72 21 14
666 692 63 12 9
520 671 1 0 0
135 168 20 11 5
556 593 84 42 31
15 477 74 37 6
122 499 53 5 3
670 697 66 37 35
227 619 31 17 12
570 640 72 33 27
13 576 13 8 4
151 240 48 35 26
606 630 75 35 1
225 537 70 39 38
191 200 44 23 15
159 470 38 21 4
443 526 75 63 63
468 593 35 17 8
252 663 49 47 47
699 700 10 5 5
103 339 20 17 15
169 404 79 75 75
601 668 30 11 11
289 382 27 15 14
393 412 70 39 17
393 480 25 18 18
78 247 78 12 8
63 133 60 35 25
309 338 97 48 2
478 636 37 29 26
232 469 28 13 3
201 540 4 4 4
208 414 96 34 29
522 551 10 6 3
583 631 80 33 9
536 683 83 60 51
544 673 23 10 9
487 639 57 54 51
552 561 86 81 78
598 636 55 29 24
189 277 10 8 7
504 546 1 0 0
134 180 7 3 3
287 313 58 58 58
77 262 59 51 43
213 685 44 21 13
511 543 67 45 32
50 401 72 33 6
334 538 99 32 30
77 573 3 0 0
338 518 25 23 22
246 522 62 28 9
82 600 45 38 37
630 698 27 24 23
529 536 22 18 17
186 246 28 27 27
457 465 8 5 3
297 607 94 37 16
172 497 76 58 49
243 308 26 16 13
189 279 99 97 96
452 620 76 57 40
72 402 15 1 0
582 624 5 3 2
658 694 45 29 14
16 20 48 24 3
270 403 13 4 3
2 248 19 4 2
664 681 24 17 14
419 570 11 6 3
407 610 2 1 1
430 541 54 43 43
270 591 7 3 2
161 414 6 4 3
355 699 47 46 45
163 603 93 55 47
339 402 15 14 14
22 223 96 78 75
18 679 72 22 17
59 525 26 3 1
119 393 74 35 12
299 342 81 42 8
332 629 13 5 2
367 458 39 10 6
161 479 46 39 36
499 547 59 49 45
266 678 20 6 4
683 696 23 18 17
481 644 15 10 9
196 279 64 27 16
124 207 86 84 82
643 676 9 1 0
673 680 83 42 25
641 695 77 61 60
638 656 87 64 49
585 616 3 2 2
131 263 20 5 4
12 658 77 54 35
12 564 25 21 21
571 593 25 13 5
632 638 74 24 0
680 700 89 16 16
577 602 25 17 12
391 601 65 39 37
244 259 21 11 10
424 693 94 72 65
564 627 5 2 2
343 627 98 57 42
228 330 13 8 4
382 387 66 22 17
602 652 19 10 6
475 540 10 10 10
139 503 27 21 17
24 84 61 15 13
341 399 90 71 63
405 473 33 17 7
367 571 92 84 80
373 495 73 29 18
481 523 90 24 22
150 388 88 49 36
580 653 61 14 10
37 555 46 45 45
329 427 56 55 55
322 606 42 9 6
176 412 26 25 24
179 436 68 46 41
603 625 44 43 42
14 533 25 4 0
685 687 96 95 95
689 698 53 45 45
379 537 5 4 3
473 604 3 2 1
23 660 77 38 25
472 493 89 59 40
343 660 34 23 15
579 692 80 52 35
41 145 18 6 4
413 659 75 53 41
431 488 10 7 5
265 455 24 23 23
598 689 1 1 1
67 456 44 38 32
650 655 53 51 49
63 503 41 24 22
326 549 74 41 37
418 644 93 68 56
611 696 0 0 0
91 302 48 31 30
293 525 100 52 46
271 393 58 21 20
405 616 26 17 14
402 456 47 39 34
130 306 18 4 4
495 498 85 81 80
240 510 53 17 13
93 375 31 22 21
184 383 35 16 0
593 613 85 32 3
4 175 33 28 26
134 323 34 14 4
227 642 38 13 8
497 527 84 22 13
441 615 7 3 3
117 280 89 34 27
648 695 97 84 81
161 432 3 3 3
565 673 87 8 0
341 503 9 5 5
359 376 0 0 0
87 522 54 27 25
272 539 64 54 54
445 696 62 40 37
411 624 91 49 36
636 648 100 82 65
690 697 14 6 0
329 456 17 14 14
167 644 47 26 15
642 645 0 0 0
476 677 8 3 2
447 459 38 8 6
263 336 12 10 8
460 638 96 62 39
61 367 32 25 18
613 699 5 4 4
77 492 81 43 38
453 484 18 15 15
543 643 53 9 4
7 88 14 14 14
661 693 67 21 13
581 587 66 64 63
71 188 61 37 23
282 535 56 54 53
229 285 80 39 33
123 403 4 2 1
142 438 95 31 13
458 515 28 23 21
61 285 26 21 20
381 537 23 14 6
550 683 48 24 24
255 638 12 12 12
364 461 69 54 45
2 674 56 26 8
482 676 98 88 85
19 64 50 24 15
302 466 14 12 11
313 359 50 24 0
645 683 67 55 44
267 380 90 44 30
262 467 98 81 66
624 680 88 36 29
74 638 43 30 30
541 677 48 47 47
74 647 53 29 6
685 693 34 18 9
38 157 28 13 7
8 56 89 63 63
160 272 84 68 67
386 632 23 8 1
341 581 15 7 1
244 409 21 13 10
138 469 47 43 40
655 656 9 5 4
555 673 84 22 11
93 390 38 21 13
574 635 46 42 41
503 532 44 8 5
645 669 12 5 1
551 638 1 0 0
199 297 25 7 6
458 618 4 3 2
468 658 6 4 3
271 329 33 18 15
187 492 90 77 70
36 50 57 23 8
621 650 60 43 41
163 482 15 9 8
34 360 52 37 24
537 580 51 24 21
580 614 61 27 16
364 656 41 27 27
167 688 76 43 32
20 298 29 23 18
603 630 36 26 17
291 589 58 49 41
629 640 67 67 67
462 683 64 38 24
642 679 64 58 55
499 677 45 23 21
477 584 74 50 46
43 387 100 39 36
243 651 13 6 2
113 397 32 5 0
308 537 82 61 47
68 127 2 1 1
658 678 61 3 3
374 544 79 16 9
336 459 58 49 40
362 581 68 10 0
124 455 60 36 30
572 673 58 22 20
305 541 98 87 82
315 592 52 49 49
393 442 15 3 2
294 564 37 8 7
591 625 41 33 33
381 549 13 13 13
332 697 62 33 20
369 584 86 41 35
447 575 34 33 33
690 700 38 34 30
39 172 66 45 38
476 553 99 56 33
129 274 7 3 1
127 272 93 71 53
645 690 44 36 34
460 620 96 23 8
588 681 65 56 55
228 534 66 16 5
311 363 23 22 22
72 538 17 11 8
675 687 17 15 15
375 481 84 30 29
558 615 81 81 81
357 400 86 28 22
458 658 44 42 41
124 645 33 29 28
453 613 61 25 12
40 453 61 42 38
304 386 82 49 23
515 537 12 11 11
171 404 56 40 35
77 157 10 2 1
35 223 33 20 14
553 583 43 21 20
431 547 8 5 3
472 656 21 21 21
134 374 45 14 4
137 449 77 70 68
606 687 97 58 45
616 651 76 29 15
236 462 97 70 60
98 496 4 4 4
225 610 52 13 4
306 383 70 58 57
524 555 13 6 5
641 649 98 94 91
254 525 53 49 47
278 312 16 13 11
657 676 3 3 3
595 673 45 6 1
235 623 100 93 89
130 687 22 15 15
582 630 52 26 12
332 512 82 62 42
248 503 79 48 41
29 194 3 2 1
594 648 79 45 45
432 688 14 2 1
43 250 19 12 10
302 481 27 9 5
121 462 63 46 35
370 672 69 48 36
662 667 19 9 5
234 688 81 76 76
151 521 50 42 39
133 177 40 39 39
633 686 67 58 51
590 661 47 12 7
345 584 52 49 46
201 375 23 13 9
388 556 85 51 45
578 697 74 58 58
555 644 21 3 3
119 528 45 32 22
410 465 100 43 34
368 571 60 59 59
461 557 46 23 7
254 480 57 39 28
527 605 46 29 22
119 287 40 17 15
261 700 40 21 19
36 264 22 2 0
442 699 40 19 6
110 216 78 66 65
427 521 56 48 40
366 616 99 19 12
626 696 54 32 30
640 693 98 34 32
363 591 50 34 23
387 405 53 46 44
544 609 66 61 58
320 415 34 26 21
621 639 47 15 5
466 479 21 19 17
366 493 71 48 39
114 531 21 17 13
190 671 1 0 0
327 578 1 0 0
366 638 38 27 20
469 520 4 0 0
287 564 0 0 0
600 634 50 43 41
592 606 9 8 7
468 473 13 12 12
349 614 40 19 2
290 570 52 30 28
614 684 63 11 3
137 516 73 35 18
662 680 98 80 68
501 671 69 15 4
517 520 37 19 12
518 599 84 51 33
362 393 3 1 0
358 687 49 25 25
72 565 91 54 41
632 654 98 78 62
547 603 2 1 1
74 535 81 43 21
590 598 37 23 10
182 493 54 35 29
526 624 27 18 11
8 315 33 11 0
464 686 78 65 61
200 365 48 46 45
348 575 11 2 2
573 688 71 45 32
301 345 100 38 31
571 579 40 15 4
548 668 1 1 1
538 540 83 53 52
66 187 44 42 41
526 677 57 52 51
396 626 58 14 13
187 251 78 66 59
416 660 34 6 3
549 695 90 89 88
442 589 58 30 14
107 486 98 68 68
119 695 74 73 73
140 577 26 13 3
222 699 19 16 16
489 597 22 21 21
575 622 67 48 32
287 498 1 1 1
15 72 57 54 54
161 476 2 2 2
250 467 13 11 9
104 356 64 36 26
530 563 21 6 4
94 266 40 34 33
466 553 84 77 71
333 696 78 75 75
532 650 1 1 1
187 310 83 45 33
159 316 80 57 57
209 666 81 33 13
634 685 24 12 7
23 327 48 29 26
252 370 30 13 2
9 257 6 4 4
607 663 4 1 1
256 577 58 49 41
439 501 59 52 50
633 678 90 67 45
157 618 32 26 23
28 181 74 48 38
72 188 48 36 31
267 513 34 17 13
518 519 48 18 9
302 423 30 25 20
252 468 16 14 14
479 635 70 34 28
2 430 79 28 8
363 519 46 4 3
260 484 49 34 26
265 432 23 4 0
321 496 58 57 57
488 537 54 19 5
336 361 45 37 34
213 621 10 10 10
465 634 87 46 46
544 621 30 20 20
155 186 91 15 11
280 310 41 17 16
291 367 67 42 41
47 64 18 17 17
269 339 15 13 12
598 611 3 0 0
244 470 80 80 80
185 345 65 38 24
58 564 7 4 4
564 663 0 0 0
139 349 6 2 2
510 615 90 21 17
127 389 76 38 7
292 565 68 35 4
273 536 37 33 32
627 670 76 60 46
432 435 1 1 1
5 198 44 32 27
10 385 55 31 22
227 618 72 36 10
369 685 83 29 1
82 482 92 42 24
649 679 15 7 0
683 695 11 2 1
383 592 45 15 3
596 681 85 70 69
596 668 27 22 22
458 541 95 57 39
546 630 87 73 72
386 682 8 3 3
550 676 21 14 11
571 607 1 1 1
48 602 61 41 30
600 672 22 18 16
154 169 1 0 0
417 568 19 17 15
355 683 83 43 21
38 68 58 17 3
36 661 28 27 26
74 485 39 31 31
577 605 60 56 56
21 88 9 7 7
436 665 16 13 11
408 548 90 42 41
66 128 2 1 1
65 101 47 23 19
419 559 70 29 13
445 469 31 11 6
135 360 45 30 27
271 516 65 61 58
426 634 27 20 19
467 698 36 23 23
471 524 55 12 5
502 590 43 31 31
126 352 84 35 12
160 578 6 4 2
45 111 23 22 22
496 610 16 6 6
221 405 68 25 21
375 461 22 13 8
1 214 84 50 49
50 670 60 27 17
534 649 47 42 39
488 581 89 23 23
421 488 9 7 7
117 267 42 37 35
86 107 68 56 46
218 505 41 31 31
444 502 62 31 3
493 700 42 26 23
678 694 25 4 0
574 700 94 49 45
607 616 51 27 24
564 674 100 28 0
122 299 97 76 60
540 617 76 74 74
680 686 76 72 72
261 331 95 80 72
574 638 26 11 5
284 530 80 71 63
505 565 44 41 40
273 510 1 1 1
246 282 44 26 26
592 667 79 44 27
568 696 38 37 37
258 439 51 48 47
207 479 9 4 0
118 432 100 44 34
603 681 50 38 36
63 198 52 7 0
625 630 91 35 18
456 563 69 47 36
111 362 8 8 8
628 643 94 89 85
445 537 74 54 48
674 698 81 70 62
415 584 53 15 5
663 665 56 54 54
485 577 64 45 35
598 669 46 37 34
60 599 31 9 8
253 666 95 46 21
203 508 46 22 17
44 657 65 52 41
19 89 58 47 47
550 675 72 46 43
606 619 3 3 3
418 626 13 10 9
317 671 50 35 21
369 535 2 1 1
135 189 36 20 14
336 550 49 33 27
36 298 77 34 30
190 562 94 73 70
92 464 93 25 21
383 513 56 43 33
144 280 17 7 0
259 389 51 47 44
153 258 66 34 24
217 412 91 56 55
281 495 81 42 36
472 625 21 11 6
28 676 85 17 17
636 663 77 56 44
368 666 89 56 47
522 698 97 43 33
169 689 66 46 29
566 674 80 76 75
470 700 37 24 22
585 680 42 19 13
165 536 87 68 66
660 681 64 42 33
264 364 26 10 3
562 645 79 68 66
287 430 73 67 61
206 428 28 23 23
58 377 77 67 63
605 649 2 0 0
486 538 72 13 3
668 672 25 25 25
220 516 59 25 2
318 528 3 3 3
481 500 69 41 17
199 333 8 8 8
528 553 89 20 5
342 510 68 20 6
260 612 19 5 4
170 188 10 1 1
364 672 5 5 5
595 651 88 57 30
590 666 65 36 27
147 264 60 51 50
77 649 40 31 27
205 565 61 37 33
407 532 22 12 4
373 594 77 66 62
398 415 64 36 28
607 639 4 2 1
202 689 70 39 9
227 492 84 36 33
398 691 63 45 43
261 520 9 8 8
432 690 99 74 66
212 314 5 4 4
208 520 86 78 70
149 689 6 4 2
175 573 35 28 25
331 660 0 0 0
427 658 1 0 0
293 409 83 22 17
525 562 91 71 61
151 231 29 21 21
465 519 78 53 52
409 427 48 38 37
130 211 5 1 0
328 676 58 51 45
388 494 4 1 1
666 690 75 39 14
159 334 33 20 18
354 634 18 17 17
134 322 49 12 1
194 652 70 45 41
66 454 93 86 83
437 532 44 30 25
150 245 14 11 11
374 467 65 50 40
694 695 52 45 43
534 660 39 29 28
14 638 87 80 75
469 667 73 30 17
586 644 39 24 13
420 522 32 28 27
228 692 94 92 91
290 347 51 31 17
137 160 73 55 42
288 672 16 4 2
143 189 82 64 47
581 628 78 40 31
147 626 68 49 44
641 662 31 28 28
347 637 51 44 39
164 632 28 16 9
148 152 8 7 7
224 627 57 32 11
341 681 57 42 35
511 684 86 65 61
610 649 29 16 16
11 473 62 24 11
602 639 100 80 80
202 575 46 28 17
408 531 49 32 24
289 434 41 8 5
433 692 96 79 76
168 484 38 31 31
571 676 78 75 74
50 601 7 5 4
480 563 45 10 10
10 507 0 0 0
335 575 11 8 8
158 176 26 14 6
251 439 80 35 33
525 651 24 18 16
106 650 74 54 38
136 347 44 32 32
302 622 74 30 18
650 689 50 41 34
236 459 83 41 11
22 412 93 39 4
433 445 38 29 20
663 672 95 52 45
429 535 89 70 65
401 530 57 17 2
23 590 55 16 10
519 534 77 53 41
370 501 53 47 47
180 331 15 15 15
399 617 24 8 7
528 623 84 58 52
358 383 47 44 41
657 677 81 45 31
159 164 67 25 10
422 618 67 14 9
506 613 47 44 42
86 500 5 4 3
394 645 0 0 0
31 307 52 46 45
395 670 6 5 5
113 478 23 16 13
263 639 31 29 29
412 579 93 14 9
269 311 24 16 16
36 210 44 22 20
365 577 83 25 21
95 259 18 12 7
420 551 74 74 74
220 287 20 12 5
403 680 91 42 34
437 578 31 28 26
257 559 28 14 1
440 622 94 93 93
170 350 55 21 21
383 580 80 34 30
115 642 78 41 22
94 172 40 18 11
645 650 72 33 10
161 169 67 63 60
110 192 26 19 16
461 521 43 30 19
213 673 92 25 1
614 630 65 54 43
641 643 43 3 1
505 619 1 1 1
558 649 21 7 4
420 550 33 29 25
478 569 83 82 82
693 697 29 12 6
91 244 91 44 37
463 522 76 49 23
273 308 44 38 36
629 643 96 62 31
388 497 40 31 28
488 521 44 21 20
568 612 50 47 46
382 693 88 23 9
567 580 43 31 29
14 126 2 2 2
158 603 19 11 5
592 663 58 22 20
519 670 6 3 1
339 342 20 15 11
429 670 50 15 12
496 602 35 13 13
245 491 37 28 24
283 466 85 68 54
97 426 44 42 41
31 648 19 7 5
590 664 28 5 2
495 673 17 12 12
364 622 57 57 57
367 468 85 28 28
581 650 86 42 36
375 520 42 30 28
170 449 57 33 12
613 678 70 25 12
554 618 9 6 5
460 531 5 3 2
253 287 100 75 75
109 420 18 6 4
545 573 79 16 15
553 655 70 29 26
19 410 68 64 64
91 251 48 30 12
16 508 72 60 60
198 403 40 33 32
406 662 51 22 5
141 578 53 8 0
276 342 50 33 21
5 635 45 30 18
378 487 36 34 33
398 629 45 34 34
236 669 91 80 77
591 655 59 34 29
170 632 39 15 6
520 579 89 32 22
63 522 23 1 0
453 515 78 61 53
252 347 65 61 57
458 619 60 5 4
69 487 9 5 5
400 622 42 42 42
216 596 76 41 8
578 677 37 22 11
46 642 25 22 19
612 617 58 34 10
619 670 30 14 13
372 593 6 4 3
592 630 62 44 32
455 700 70 64 64
221 398 64 42 37
456 474 100 45 5
191 434 29 17 10
96 644 64 38 26
161 280 86 46 20
112 292 58 57 57
230 642 43 41 41
301 559 47 46 45
658 675 80 62 57
295 398 49 43 41
148 431 39 37 36
287 289 75 59 48
534 560 19 11 7
301 528 50 26 18
116 294 95 76 60
60 452 37 33 30
243 655 30 26 26
413 583 40 20 3
284 590 75 19 8
363 410 12 12 12
639 696 81 64 61
221 297 81 28 0
263 384 98 27 19
53 267 98 69 54
37 541 73 19 6
429 558 79 48 30
6 576 26 23 23
338 448 65 27 19
639 647 21 21 21
300 622 95 65 59
646 663 18 15 14
447 617 88 65 62
13 403 89 41 37
685 699 14 13 13
72 492 24 6 5
226 636 98 71 47
257 522 16 2 1
522 572 30 11 1
363 420 45 39 35
628 675 41 8 5
179 214 47 42 38
165 473 29 27 26
206 616 40 13 10
387 549 85 78 78
502 544 57 39 35
675 689 19 19 19
57 408 36 35 35
425 591 30 21 20
77 223 15 9 3
493 515 94 21 19
474 535 44 27 27
374 631 37 32 28
504 564 16 10 6
564 612 33 18 16
43 548 63 19 10
270 679 33 24 24
546 554 68 56 52
217 267 65 34 34
221 549 74 32 24
46 459 48 13 5
381 683 63 35 10
74 419 26 10 5
279 340 71 43 34
480 528 57 21 10
257 542 35 18 16
559 671 28 23 20
33 197 49 30 12
18 634 19 13 11
430 685 63 22 21
261 277 69 17 17
111 456 6 3 1
144 533 94 60 34
412 609 70 30 1
693 698 85 26 14
696 697 33 29 27
248 338 92 57 45
320 637 75 33 30
150 648 100 86 85
364 652 87 40 4
211 297 52 4 0
593 683 14 8 5
336 476 75 65 56
419 668 30 7 4
529 589 12 6 2
239 273 50 8 4
347 475 87 46 24
270 339 54 32 20
396 579 26 22 20
418 670 4 2 1
103 696 33 23 16
268 305 39 14 13
649 661 43 33 29
694 699 77 41 6
104 122 31 10 0
516 595 76 73 73
389 530 93 80 69
436 536 71 29 13
124 404 5 5 5
374 478 12 10 10
397 669 75 26 6
430 599 33 30 30
287 485 18 11 11
243 350 5 4 4
501 691 45 28 25
79 388 71 68 65
519 562 5 5 5
435 618 58 27 22
208 456 91 80 77
310 699 38 11 1
502 567 52 21 6
598 629 77 41 21
56 266 98 67 39
437 682 2 1 1
570 687 1 1 1
467 490 12 4 0
185 635 11 11 11
302 472 55 42 32
572 594 36 22 14
297 548 17 14 14
608 691 50 17 1
78 481 60 14 13
2 246 33 30 28
392 442 60 47 36
583 592 34 27 24
159 445 60 45 45
656 680 35 29 27
407 485 97 90 87
95 530 23 15 8
334 513 80 62 60
127 623 94 68 68
555 572 87 47 25
594 608 75 1 0
644 695 10 8 7
169 680 31 16 6
636 661 3 3 3
660 693 44 27 11
213 601 20 7 0
411 696 21 9 1
418 690 75 57 54
552 575 85 28 25
246 690 2 0 0
509 546 35 32 30
597 700 35 33 33
589 610 97 64 61
197 262 13 11 9
267 548 45 44 43
130 489 59 27 26
64 303 58 36 28
694 698 95 86 86
287 575 31 25 25
618 689 80 18 2
195 512 79 27 19
269 336 22 3 3
448 611 97 71 53
307 641 39 28 17
8 684 51 12 6
665 669 67 30 6
468 533 86 81 80
559 573 43 42 42
57 613 95 81 71
200 596 27 21 16
4 277 81 38 32
617 623 80 79 78
316 350 71 33 1
327 700 82 36 19
689 696 89 4 4
176 372 74 33 17
317 451 65 45 29
185 304 56 46 36
446 575 55 14 3
226 241 60 23 18
132 454 73 34 30
482 636 34 28 28
6 675 18 2 2
522 576 76 4 0
165 232 18 15 15
342 381 77 42 23
105 513 12 8 4
225 321 39 26 25
654 657 57 17 5
113 247 18 13 10
198 379 10 9 8
313 674 74 66 64
399 412 8 7 7
187 397 31 11 0
310 368 44 38 38
147 384 92 28 18
333 408 38 15 2
156 293 97 84 77
691 692 44 15 6
371 518 56 50 48
692 694 59 22 18
430 543 38 32 27
506 592 58 57 57
265 598 3 0 0
112 413 80 19 16
523 578 16 13 10
471 649 35 27 26
210 305 35 29 28
28 179 48 40 37
120 579 51 33 24
37 174 15 8 6
257 289 89 28 27
443 499 54 23 7
673 681 23 22 21
598 645 26 7 2
253 431 34 31 31
443 448 79 74 73
362 666 65 44 42
499 567 24 21 21
582 584 61 8 7
54 406 58 29 17
627 667 92 85 85
1 37
2 139
3 0
4 75
5 29
6 17
7 1
8 82
9 1
10 66
11 69
12 79
13 73
14 21
15 72
16 27
17 0
18 73
19 58
20 36
21 106
22 75
23 59
24 55
25 14
26 15
27 34
28 95
29 15
30 60
31 10
32 15
33 59
34 14
35 83
36 75
37 65
38 43
39 22
40 27
41 36
42 31
43 76
44 65
45 100
46 59
47 21
48 72
49 54
50 118
51 23
52 20
53 72
54 23
55 6
56 44
57 53
58 32
59 12
60 50
61 81
62 8
63 98
64 101
65 40
66 28
67 11
68 90
69 1
70 20
71 21
72 54
73 26
74 75
75 17
76 3
77 60
78 62
79 21
80 29
81 17
82 89
83 22
84 42
85 25
86 84
87 52
88 1
89 32
90 64
91 57
92 62
93 37
94 35
95 39
96 34
97 7
98 9
99 43
100 18
101 60
102 11
103 43
104 101
105 9
106 18
107 64
108 25
109 105
110 72
111 3
112 68
113 23
114 8
115 87
116 59
117 54
118 98
119 56
120 60
121 105
122 111
123 4
124 39
125 40
126 36
127 98
128 5
129 19
130 51
131 68
132 92
133 17
134 120
135 91
136 41
137 135
138 48
139 20
140 47
141 49
142 44
143 44
144 43
145 60
146 35
147 108
148 2
149 30
150 93
151 48
152 24
153 22
154 33
155 51
156 34
157 42
158 64
159 113
160 56
161 42
162 33
163 121
164 57
165 58
166 15
167 96
168 17
169 38
170 113
171 137
172 64
173 17
174 39
175 88
176 92
177 71
178 63
179 23
180 20
181 30
182 33
183 70
184 44
185 53
186 69
187 82
188 51
189 49
190 48
191 57
192 5
193 23
194 50
195 78
196 54
197 45
198 73
199 61
200 28
201 42
202 73
203 43
204 28
205 15
206 105
207 27
208 50
209 58
210 16
211 90
212 14
213 92
214 29
215 8
216 69
217 75
218 25
219 93
220 74
221 144
222 27
223 33
224 23
225 144
226 56
227 79
228 81
229 21
230 41
231 57
232 106
233 0
234 30
235 15
236 84
237 28
238 13
239 42
240 58
241 44
242 64
243 38
244 57
245 97
246 52
247 133
248 68
249 13
250 66
251 86
252 19
253 83
254 28
255 9
256 15
257 71
258 62
259 37
260 54
261 116
262 68
263 161
264 64
265 32
266 86
267 100
268 30
269 16
270 64
271 48
272 121
273 121
274 29
275 82
276 83
277 72
278 69
279 98
280 97
281 34
282 47
283 57
284 108
285 54
286 7
287 65
288 7
289 65
290 28
291 49
292 119
293 96
294 71
295 11
296 3
297 129
298 126
299 125
300 38
301 143
302 156
303 79
304 144
305 38
306 44
307 44
308 61
309 111
310 137
311 21
312 12
313 90
314 78
315 37
316 82
317 103
318 86
319 47
320 44
321 49
322 90
323 47
324 20
325 26
326 30
327 68
328 16
329 82
330 66
331 76
332 50
333 48
334 98
335 80
336 58
337 11
338 101
339 77
340 58
341 110
342 138
343 67
344 38
345 110
346 95
347 68
348 80
349 30
350 97
351 105
352 75
353 44
354 61
355 136
356 131
357 77
358 14
359 52
360 103
361 23
362 84
363 98
364 216
365 120
366 112
367 76
368 95
369 118
370 154
371 11
372 68
373 49
374 123
375 112
376 85
377 27
378 126
379 23
380 78
381 131
382 117
383 121
384 100
385 21
386 88
387 105
388 134
389 95
390 107
391 15
392 100
393 104
394 78
395 4
396 54
397 104
398 101
399 67
400 44
401 107
402 42
403 136
404 137
405 104
406 101
407 105
408 87
409 66
410 42
411 66
412 227
413 142
414 74
415 119
416 53
417 32
418 38
419 161
420 18
421 32
422 88
423 77
424 56
425 122
426 28
427 52
428 56
429 91
430 131
431 68
432 177
433 56
434 129
435 139
436 113
437 33
438 94
439 78
440 12
441 66
442 68
443 137
444 53
445 125
446 93
447 60
448 105
449 32
450 22
451 52
452 94
453 86
454 95
455 101
456 135
457 8
458 193
459 92
460 121
461 140
462 132
463 137
464 147
465 139
466 52
467 96
468 103
469 85
470 62
471 59
472 100
473 108
474 137
475 94
476 50
477 58
478 86
479 62
480 130
481 179
482 93
483 61
484 92
485 72
486 81
487 95
488 93
489 30
490 101
491 94
492 95
493 126
494 84
495 84
496 62
497 81
498 83
499 173
500 114
501 147
502 160
503 101
504 133
505 31
506 49
507 14
508 50
509 64
510 177
511 84
512 67
513 43
514 72
515 71
516 102
517 119
518 102
519 136
520 88
521 110
522 201
523 81
524 91
525 96
526 72
527 92
528 183
529 95
530 99
531 37
532 163
533 71
534 105
535 70
536 84
537 172
538 110
539 72
540 66
541 134
542 71
543 54
544 103
545 115
546 95
547 89
548 119
549 89
550 92
551 72
552 99
553 194
554 57
555 186
556 97
557 103
558 90
559 96
560 110
561 34
562 75
563 104
564 106
565 157
566 6
567 87
568 35
569 44
570 79
571 56
572 157
573 96
574 172
575 196
576 109
577 176
578 156
579 211
580 131
581 214
582 93
583 118
584 151
585 40
586 120
587 47
588 49
589 174
590 217
591 173
592 158
593 138
594 176
595 155
596 136
597 43
598 182
599 81
600 82
601 58
602 104
603 80
604 9
605 89
606 156
607 90
608 106
609 85
610 72
611 175
612 109
613 283
614 107
615 201
616 234
617 163
618 220
619 121
620 149
621 162
622 143
623 144
624 155
625 118
626 164
627 159
628 109
629 149
630 236
631 68
632 179
633 155
634 111
635 99
636 148
637 176
638 227
639 195
640 187
641 184
642 184
643 296
644 139
645 119
646 117
647 178
648 162
649 230
650 149
651 112
652 216
653 101
654 101
655 120
656 117
657 186
658 273
659 113
660 146
661 101
662 118
663 163
664 166
665 161
666 256
667 212
668 87
669 129
670 206
671 295
672 210
673 329
674 247
675 187
676 119
677 184
678 238
679 146
680 270
681 165
682 52
683 222
684 233
685 284
686 171
687 269
688 280
689 316
690 198
691 281
692 256
693 367
694 176
695 216
696 240
697 310
698 243
699 182
700 335
