300 1000
163 282 50 31 20
91 150 75 53 48
232 261 80 61 53
122 258 6 2 1
44 283 18 6 3
179 223 57 27 27
167 237 42 25 25
295 300 49 46 46
76 213 88 77 75
199 254 64 17 4
151 173 52 42 41
8 136 36 12 11
229 271 42 31 22
136 292 99 93 89
50 248 64 63 62
295 299 61 41 28
104 211 19 5 5
43 125 66 52 45
81 112 1 0 0
178 244 52 51 51
117 259 56 12 12
174 236 77 38 37
106 136 51 44 43
246 291 4 2 1
211 291 92 75 74
188 279 13 2 1
122 194 96 78 65
177 269 79 39 28
145 191 14 5 3
185 224 66 51 43
81 109 83 46 15
237 243 92 60 52
174 186 28 15 11
65 201 7 5 4
57 244 24 13 11
70 74 39 24 22
188 276 40 28 27
205 298 88 47 38
282 300 60 21 2
234 292 69 45 40
242 298 71 12 6
106 169 50 26 20
32 101 69 66 65
66 137 8 0 0
292 294 47 41 38
60 225 91 79 78
9 50 96 69 68
130 218 72 61 52
272 287 10 10 10
117 188 59 18 17
50 159 31 18 5
39 226 84 46 8
256 282 86 53 36
202 256 40 29 24
284 288 93 43 30
199 245 19 1 0
225 242 82 75 74
164 283 36 12 9
160 262 74 10 8
232 292 93 45 30
171 269 69 43 22
216 288 25 6 6
249 299 31 28 26
237 252 58 51 48
180 283 48 41 37
191 276 94 48 35
40 80 9 1 1
185 282 48 28 25
249 261 18 16 15
257 291 73 48 24
197 206 32 16 8
197 254 33 22 20
298 299 82 63 54
138 265 19 4 2
297 299 86 64 49
276 287 21 14 14
50 180 12 4 3
31 271 53 24 21
115 286 8 7 7
233 237 74 58 46
6 286 52 50 50
35 125 99 97 97
79 95 15 12 12
39 76 68 14 14
220 250 17 15 15
112 118 14 14 14
149 228 11 7 6
250 274 90 41 28
45 181 50 40 33
239 244 32 13 11
67 267 8 8 8
134 274 93 19 18
163 191 17 13 10
213 281 17 3 2
46 237 54 26 18
74 260 80 54 52
228 247 18 17 16
27 269 73 42 36
73 185 15 8 6
10 54 49 12 10
200 241 67 37 36
199 206 93 65 57
219 299 20 12 9
196 204 25 25 25
151 163 65 12 12
182 258 62 58 54
177 297 21 17 17
223 249 96 88 81
201 215 8 8 8
275 288 30 3 3
40 287 27 14 14
147 256 55 24 0
209 232 67 36 12
130 267 97 92 87
296 297 0 0 0
111 195 52 42 42
235 255 76 15 6
130 176 34 34 34
293 298 35 12 2
80 293 75 40 12
144 210 63 35 19
60 111 46 33 33
24 97 96 83 78
163 258 53 31 10
118 178 76 46 43
43 287 47 26 18
89 280 19 19 19
162 289 40 19 9
164 271 72 30 23
215 299 29 28 28
275 292 98 78 71
168 176 95 59 54
291 293 79 67 65
262 289 64 54 51
152 297 87 38 13
123 125 64 24 10
171 254 78 31 20
131 152 86 46 10
259 268 4 2 2
107 295 75 43 39
107 222 85 71 65
63 82 3 3 3
95 247 21 13 10
202 240 93 70 59
33 150 44 43 43
34 98 35 31 30
147 216 12 5 1
261 283 98 52 18
277 298 33 28 28
250 269 41 25 25
35 47 5 4 3
156 195 20 12 6
67 127 13 9 7
67 97 46 32 32
3 216 11 3 1
128 286 59 42 25
77 81 51 48 46
1 164 71 48 46
17 133 10 0 0
270 285 55 29 3
239 249 58 19 10
85 244 87 79 79
138 298 52 17 11
103 155 6 4 4
207 221 49 46 46
204 269 36 22 21
256 278 99 72 69
125 170 70 49 30
103 123 92 48 33
187 288 66 50 36
213 255 46 21 5
188 244 42 18 16
2 293 36 5 0
177 250 30 19 15
22 86 17 6 2
141 267 9 8 8
97 114 2 1 0
94 214 54 28 22
187 244 56 43 43
79 286 86 38 23
285 289 10 4 1
238 257 96 82 68
217 227 25 15 14
59 116 20 4 3
55 103 62 46 30
167 198 58 33 26
81 166 12 10 9
33 203 76 18 15
173 179 86 77 71
272 299 65 46 27
221 254 99 4 2
292 296 68 67 66
189 260 62 38 26
173 201 70 61 59
208 216 95 89 84
94 271 89 75 64
36 208 65 26 6
31 202 54 31 22
112 170 91 55 50
168 275 22 13 5
82 163 1 0 0
260 295 36 27 22
102 161 62 50 47
201 288 48 37 31
279 293 20 6 0
84 247 76 23 13
208 293 60 20 20
72 80 46 33 31
284 287 15 14 13
136 274 19 15 15
57 278 76 20 12
124 231 41 21 2
246 260 61 49 49
159 168 81 68 56
233 264 8 8 8
211 275 29 7 5
211 279 39 14 6
29 192 24 7 2
251 254 91 51 44
238 297 83 83 83
38 271 68 53 53
90 206 68 49 48
117 134 29 24 21
129 215 58 36 27
277 283 14 9 5
125 265 17 4 0
172 210 37 20 18
138 281 25 11 5
195 237 18 15 13
112 273 98 80 71
172 234 46 44 44
56 98 49 16 6
57 168 87 87 87
267 278 44 23 22
23 182 22 17 15
60 117 67 39 25
234 236 14 12 11
161 234 41 14 12
49 200 79 63 57
47 299 32 28 24
154 204 50 34 23
47 287 42 40 39
33 143 36 24 16
240 254 52 7 3
183 258 100 47 8
94 140 72 64 62
104 280 61 57 57
203 206 3 3 3
189 294 1 0 0
296 298 11 4 3
64 251 20 12 9
37 241 64 21 21
183 261 91 52 49
11 213 98 50 19
169 238 2 1 0
228 278 62 55 53
21 203 39 15 0
192 195 82 27 15
298 300 13 4 0
170 260 11 7 7
9 219 78 14 6
186 277 2 0 0
44 174 51 23 22
240 280 68 43 39
211 244 23 22 22
117 200 82 30 5
185 264 67 19 19
3 134 2 1 1
159 255 66 57 57
148 215 43 4 4
56 104 36 6 4
111 242 37 13 13
66 268 14 7 7
191 238 2 1 1
205 243 85 49 22
229 280 96 46 39
137 218 15 14 13
236 285 95 21 9
166 237 79 25 9
150 179 63 41 29
86 205 3 2 1
289 296 65 47 46
129 221 28 11 2
89 273 35 15 1
289 291 24 8 5
45 215 92 36 36
2 13 67 52 50
231 267 24 24 24
47 149 94 91 91
251 255 15 10 7
80 107 3 1 1
148 268 72 16 16
254 293 87 72 68
31 201 89 66 48
107 243 71 5 1
118 247 30 15 14
184 241 33 25 21
135 227 82 47 28
141 252 40 37 36
1 255 60 44 32
67 113 91 61 54
160 246 81 37 28
274 285 54 24 23
75 222 79 65 55
143 192 32 13 11
241 262 60 48 46
115 202 78 51 30
131 177 53 10 1
245 276 88 67 48
76 265 41 2 0
127 151 35 32 31
100 288 17 11 5
82 142 41 25 25
63 121 54 27 21
127 164 33 31 31
280 290 17 16 16
107 231 84 32 30
264 288 4 4 4
72 212 39 39 39
178 251 45 33 33
284 296 30 30 30
32 209 43 36 33
101 128 64 55 55
11 138 16 14 13
20 225 97 67 49
11 209 58 7 4
81 258 96 61 43
69 189 10 4 1
109 213 56 17 16
57 152 46 21 13
102 198 44 14 0
1 222 35 4 1
132 286 77 45 38
184 266 20 6 1
292 293 33 5 4
32 216 90 31 18
99 213 63 55 50
28 75 32 17 13
62 133 87 61 61
152 256 54 44 42
290 292 91 82 80
100 132 54 22 20
28 121 12 4 2
127 259 50 22 17
117 138 100 92 89
122 300 78 52 50
192 193 31 5 4
106 110 52 25 13
270 283 19 8 0
13 33 33 23 21
254 283 64 47 43
286 290 73 44 38
8 159 54 23 16
191 256 88 33 29
104 168 37 27 20
167 208 11 10 9
99 204 56 55 55
36 257 59 46 46
266 279 1 1 1
161 207 83 53 28
123 287 4 2 2
245 275 6 5 5
104 298 38 24 24
138 231 19 15 15
124 243 84 33 16
84 274 70 68 68
22 99 41 32 23
201 289 65 16 6
251 268 3 3 3
130 153 98 25 17
213 267 71 38 11
255 274 1 0 0
250 266 3 3 3
11 183 89 51 30
180 282 12 11 10
185 208 20 10 7
143 201 4 4 4
199 237 72 55 42
262 273 4 3 3
131 271 41 34 28
62 188 29 17 13
273 288 91 64 53
62 176 31 14 13
124 256 53 32 31
65 271 40 25 20
30 266 82 27 22
96 158 74 69 69
104 139 45 27 23
285 299 4 3 3
256 289 64 63 63
101 113 48 27 19
117 217 49 30 24
172 185 71 54 48
47 294 75 73 71
110 267 61 57 55
87 217 100 66 34
278 287 92 76 68
275 278 38 32 32
261 267 18 5 4
277 294 1 0 0
116 292 34 34 34
249 256 14 8 6
237 280 38 17 16
53 86 100 84 73
198 278 10 1 0
91 250 61 29 29
232 241 0 0 0
32 113 87 39 22
51 106 25 13 8
17 106 89 61 59
236 300 78 68 63
201 266 8 7 7
291 299 80 54 34
118 278 95 85 83
173 261 6 2 1
229 293 99 35 2
278 296 98 57 32
36 127 53 43 40
72 200 32 32 32
205 294 37 13 5
245 298 89 81 74
294 295 52 36 35
284 299 95 67 65
61 267 75 62 59
124 152 87 81 78
197 264 36 5 4
211 273 16 8 2
85 269 68 50 48
61 132 2 1 1
254 272 87 44 21
28 128 45 37 35
155 260 70 50 42
71 212 54 29 26
72 193 52 44 40
39 220 72 45 41
148 249 86 62 59
94 96 30 19 12
130 212 81 66 52
58 244 97 37 15
116 193 84 38 10
63 83 9 9 9
59 138 76 74 73
199 269 45 19 8
169 206 21 18 16
174 256 72 52 39
214 258 87 76 74
102 222 46 10 7
247 287 63 33 29
69 138 26 5 5
129 213 94 62 40
242 285 33 26 20
148 201 94 63 55
162 251 35 30 29
21 213 26 19 15
53 133 51 16 10
214 274 55 4 4
267 300 21 17 16
174 297 42 22 15
113 234 28 17 11
169 287 19 18 18
233 293 56 19 11
44 205 73 59 57
24 41 92 88 84
127 212 41 39 37
85 182 75 44 22
20 32 1 1 1
279 295 83 82 82
104 257 86 43 35
162 300 89 69 62
167 249 1 1 1
129 265 98 30 14
118 196 63 33 27
260 265 53 38 38
269 284 94 42 39
249 291 90 21 2
272 292 90 74 72
284 291 75 57 43
296 300 25 19 18
35 175 56 44 43
174 207 75 32 16
235 258 22 14 9
90 193 44 26 20
260 298 64 49 43
134 181 0 0 0
218 248 73 14 5
36 80 33 16 16
215 237 0 0 0
269 296 18 5 1
179 190 62 48 42
176 256 100 89 89
177 223 3 2 2
95 168 75 73 73
70 259 45 5 4
146 249 52 26 5
25 61 55 13 11
121 142 19 5 1
126 217 62 29 18
278 284 30 17 8
246 290 54 19 1
269 297 24 11 6
284 285 96 29 16
9 281 46 22 22
155 182 31 30 30
64 287 70 27 23
6 173 67 53 48
16 244 62 45 40
187 240 74 53 53
257 285 83 57 48
275 299 22 7 2
84 232 57 42 36
36 62 61 44 35
94 298 39 32 29
268 282 57 53 52
200 299 38 31 24
273 300 43 23 10
241 285 22 13 13
71 131 49 27 19
4 225 26 26 26
282 291 15 12 11
101 195 66 36 34
64 95 83 42 40
74 263 91 87 87
143 163 92 33 9
153 200 49 19 17
293 295 20 16 16
38 57 52 52 52
254 279 36 8 0
213 225 59 56 56
157 248 63 60 60
156 284 61 30 4
110 138 49 30 17
101 225 51 40 33
99 105 60 59 58
258 265 57 54 54
142 223 36 20 19
280 284 11 11 11
49 229 19 12 12
259 299 69 64 62
147 285 67 55 49
36 291 53 28 15
240 272 95 83 73
226 234 3 2 1
172 186 25 13 13
34 214 54 15 3
131 251 48 48 48
130 257 17 10 6
263 269 51 24 2
256 294 79 79 79
70 279 88 36 32
93 169 12 8 7
287 292 88 33 21
3 110 59 51 50
94 134 72 70 68
170 283 53 42 40
151 188 92 84 77
233 258 26 17 9
137 208 33 7 7
177 221 17 15 14
2 106 40 20 19
168 220 8 6 5
285 286 75 16 5
147 298 2 0 0
85 275 59 38 25
44 98 85 61 45
184 238 13 0 0
289 300 62 45 36
211 268 73 71 70
151 286 3 2 2
217 253 99 20 3
95 204 68 41 28
4 125 37 32 31
102 116 43 13 9
225 271 97 27 11
40 104 85 72 68
156 222 32 5 0
151 246 2 2 2
130 200 18 17 17
273 287 85 59 48
65 206 19 11 4
278 291 96 21 18
149 259 78 76 75
32 205 33 29 27
16 112 54 40 29
83 277 32 28 27
207 263 70 34 28
250 265 21 15 14
56 112 0 0 0
197 230 92 71 59
257 282 97 55 25
197 221 74 35 23
299 300 34 19 8
132 152 14 8 4
14 45 100 19 3
289 290 93 34 32
253 300 51 35 29
114 118 80 52 39
17 101 5 3 1
81 163 58 17 4
111 123 74 53 43
230 299 7 3 3
33 122 72 5 2
182 300 85 25 20
110 228 43 41 41
60 98 31 15 9
265 284 19 17 16
74 124 70 51 34
75 149 48 43 43
20 168 75 23 4
237 260 71 71 71
257 276 86 63 55
29 90 32 20 8
91 199 10 5 3
175 177 24 14 6
150 190 52 31 15
31 122 68 31 20
45 196 100 88 76
95 286 44 28 26
161 250 18 18 18
146 219 40 31 27
174 232 38 26 22
115 126 28 19 15
54 152 73 32 29
283 300 44 31 25
229 260 74 46 46
168 277 93 71 49
277 289 21 14 13
81 176 69 63 62
97 221 14 5 3
183 216 55 55 55
48 164 26 17 11
117 254 77 59 54
15 51 34 34 34
249 262 20 14 14
133 278 26 20 14
172 243 45 31 18
68 274 22 11 9
153 201 60 23 10
74 188 13 11 10
42 187 3 1 0
217 233 56 30 24
236 273 81 81 81
28 70 100 92 92
8 219 63 34 34
118 290 36 31 31
83 209 31 10 5
12 172 62 38 18
197 275 2 2 2
55 130 9 2 0
108 267 51 51 51
283 287 1 0 0
79 120 68 51 46
293 294 15 11 10
91 278 87 36 26
63 280 2 1 1
172 233 91 29 29
153 162 4 1 1
202 296 79 64 49
290 297 49 32 25
243 257 55 12 0
117 175 41 37 35
35 49 89 84 82
269 294 82 66 52
180 202 25 16 9
225 262 34 23 16
252 262 28 11 5
193 255 59 6 5
281 285 48 21 3
266 299 24 2 2
291 300 30 24 18
11 68 14 14 14
166 181 43 19 14
89 238 82 31 6
44 201 4 2 1
124 211 62 43 38
215 234 23 18 16
212 279 85 66 48
93 258 9 9 9
271 300 30 28 26
155 172 33 32 32
289 292 35 25 20
208 256 65 27 17
265 294 55 17 9
22 163 51 24 22
81 253 6 5 5
256 291 89 85 84
34 83 18 17 17
138 256 21 13 11
164 229 17 4 2
122 241 39 22 7
250 254 51 30 30
191 294 16 16 16
215 265 4 1 1
206 210 99 79 78
130 194 11 8 8
191 292 71 68 68
138 295 32 27 25
286 289 34 10 7
150 299 24 16 9
134 139 92 92 92
29 119 40 33 26
259 282 99 96 94
245 256 67 28 20
265 275 36 35 35
64 229 87 52 47
123 221 63 41 26
129 246 12 8 8
68 85 47 15 10
66 234 40 28 27
154 224 32 4 2
251 300 38 2 2
245 293 27 24 22
163 180 94 14 13
165 254 53 10 5
228 280 1 1 1
39 176 2 2 2
126 152 82 50 33
60 151 23 10 2
13 59 32 21 20
5 258 41 18 5
21 145 79 14 7
69 245 4 2 2
53 214 42 38 37
91 167 44 21 5
75 182 36 33 30
153 240 19 11 7
266 296 6 4 4
190 209 10 6 3
232 239 37 28 22
267 292 23 16 11
119 169 30 28 28
158 263 9 7 6
283 291 52 47 45
175 239 99 38 26
216 252 88 9 6
67 91 94 86 83
251 298 44 27 13
196 272 54 52 50
235 278 54 52 50
132 237 63 54 49
71 265 22 9 3
17 291 60 57 57
10 126 43 41 40
256 273 52 34 20
27 299 64 18 9
64 192 91 70 70
227 250 47 14 12
241 258 40 5 4
54 199 85 72 66
182 198 65 4 4
285 292 4 1 0
91 245 22 13 12
282 290 30 25 22
180 215 10 9 9
142 216 52 23 20
153 274 32 23 23
75 193 30 3 2
7 162 9 8 8
4 118 52 30 21
206 242 32 20 18
170 179 26 20 17
115 265 16 12 9
46 88 31 19 15
58 291 8 3 1
134 277 57 44 41
86 100 93 77 75
34 270 23 12 10
247 273 86 52 50
277 280 10 9 8
189 190 54 40 36
149 269 49 37 30
176 242 42 28 26
29 104 32 20 18
127 285 71 22 12
201 278 60 38 31
153 247 62 23 4
139 248 47 30 14
207 279 54 39 34
100 266 33 20 20
104 249 56 49 49
97 280 99 15 13
106 111 85 69 69
280 283 74 25 23
129 258 60 44 42
199 300 76 61 56
83 97 26 22 20
201 240 42 36 33
68 245 57 18 4
74 208 93 70 69
287 293 38 16 14
94 99 65 38 17
219 220 8 4 4
85 215 20 13 9
70 85 41 27 17
213 279 50 26 4
48 268 0 0 0
133 217 2 2 2
63 145 24 14 5
221 292 11 8 7
74 288 75 52 42
233 247 81 32 27
231 252 88 85 85
72 273 92 15 9
9 132 93 19 6
160 179 54 40 30
229 267 24 23 23
117 123 61 33 26
267 279 65 8 4
186 261 43 22 15
122 138 8 3 2
238 279 15 3 2
159 251 99 56 44
131 290 7 7 7
110 210 42 26 21
39 120 35 34 33
251 297 77 12 8
155 187 67 52 52
276 277 40 28 22
23 160 57 45 39
87 168 12 8 6
71 228 100 95 93
264 271 91 32 4
134 212 21 14 8
189 195 45 6 3
228 298 82 57 42
295 296 91 53 39
24 288 60 39 38
82 186 65 40 24
15 234 6 4 4
9 244 73 69 68
66 238 29 11 10
24 184 72 63 59
30 142 80 48 29
64 96 15 4 3
82 128 27 19 17
225 235 50 44 44
191 196 77 66 61
113 199 32 21 19
141 269 58 33 27
235 237 84 51 36
47 158 38 21 14
260 282 51 42 34
9 111 48 32 25
115 209 14 14 14
124 189 53 17 13
286 299 65 25 23
126 136 2 2 2
144 245 83 24 9
75 277 16 6 2
188 216 12 7 4
25 40 26 15 8
226 239 71 62 61
93 121 89 43 32
88 237 14 6 5
130 289 32 31 31
277 279 43 21 12
34 227 44 30 22
277 290 58 41 41
93 167 51 36 28
15 296 69 42 33
83 223 18 12 8
129 292 19 15 15
203 255 24 22 22
217 285 28 20 12
176 224 91 70 50
188 274 50 25 15
50 279 18 7 7
11 103 35 19 3
264 273 66 26 12
215 266 44 8 4
205 215 47 29 26
233 241 97 85 80
224 235 38 26 25
165 178 22 11 5
166 226 57 25 21
269 272 49 33 33
242 246 42 23 23
246 281 11 8 6
128 242 73 50 32
152 229 86 62 56
79 215 98 37 27
88 179 53 18 12
223 289 92 24 10
259 276 66 35 19
120 253 36 25 19
22 77 87 57 48
198 279 36 24 22
41 271 52 0 0
235 287 43 17 15
65 224 36 20 13
72 84 88 41 17
72 281 64 40 26
101 260 42 15 9
73 154 51 43 39
30 238 32 10 0
65 157 69 27 9
235 273 86 40 1
278 293 33 9 5
126 279 74 71 71
23 106 73 65 61
185 199 94 68 57
159 173 24 7 1
151 270 0 0 0
155 192 44 25 11
296 297 2 1 1
228 287 57 39 30
138 212 33 13 4
40 215 44 33 33
59 157 14 11 9
30 110 84 30 16
216 221 24 9 5
201 216 56 48 48
213 245 7 3 0
54 263 51 41 32
22 179 30 19 19
114 275 11 2 2
56 171 44 34 24
262 291 19 12 11
102 243 70 27 22
27 275 22 17 17
95 129 49 40 37
272 282 95 31 11
185 198 54 52 52
171 217 80 68 63
180 226 51 31 30
206 250 79 68 59
76 102 89 81 78
49 52 54 36 23
203 253 95 83 76
171 298 64 29 22
176 232 7 6 6
155 291 90 78 71
201 280 83 39 35
38 231 81 72 70
288 297 95 72 54
235 282 15 2 2
259 270 34 30 27
234 287 92 76 75
234 269 53 14 1
5 215 72 47 43
75 85 60 41 38
24 71 72 22 22
248 276 7 3 1
102 156 18 11 5
138 194 81 75 69
142 248 98 51 50
166 168 21 16 14
165 242 33 24 17
159 178 13 12 11
89 142 83 26 16
151 256 64 46 44
213 283 18 18 18
214 300 50 14 10
142 234 22 12 6
108 193 37 11 5
22 67 33 11 0
277 295 70 34 31
109 277 87 81 79
176 186 29 14 5
150 294 20 14 14
164 177 40 15 15
21 160 39 33 27
169 178 25 16 16
120 219 83 64 48
280 300 56 40 37
206 296 13 11 11
145 256 49 3 3
4 252 81 53 34
39 298 95 93 92
79 206 12 3 2
243 264 75 64 63
136 261 70 46 29
103 132 58 43 34
69 144 56 29 8
238 291 97 71 55
210 240 81 51 42
171 277 68 23 8
183 260 11 11 11
154 168 42 40 40
95 109 81 36 17
247 293 83 67 67
92 102 1 0 0
27 106 45 30 26
207 225 93 46 25
40 128 3 3 3
55 163 94 22 3
52 195 72 32 8
268 273 2 2 2
26 119 78 74 74
2 229 58 55 52
247 286 89 54 54
7 259 57 19 16
140 196 20 15 14
99 293 50 41 36
16 178 89 4 4
141 210 28 25 22
224 250 10 7 6
285 291 25 15 9
29 67 10 3 3
57 66 44 38 32
76 297 58 47 47
1 41
2 42
3 9
4 42
5 32
6 10
7 21
8 43
9 126
10 19
11 114
12 22
13 20
14 48
15 19
16 60
17 25
18 0
19 0
20 59
21 65
22 75
23 18
24 56
25 31
26 2
27 60
28 24
29 39
30 104
31 76
32 73
33 96
34 48
35 11
36 83
37 19
38 13
39 85
40 31
41 30
42 1
43 24
44 49
45 96
46 27
47 21
48 7
49 33
50 37
51 8
52 47
53 36
54 56
55 68
56 44
57 61
58 44
59 17
60 56
61 28
62 41
63 26
64 88
65 60
66 27
67 53
68 49
69 40
70 75
71 68
72 110
73 10
74 75
75 62
76 64
77 22
78 0
79 84
80 53
81 96
82 35
83 22
84 81
85 102
86 29
87 35
88 32
89 92
90 34
91 92
92 0
93 41
94 73
95 95
96 18
97 73
98 55
99 47
100 39
101 62
102 103
103 75
104 97
105 1
106 95
107 89
108 15
109 88
110 89
111 62
112 48
113 76
114 25
115 34
116 62
117 160
118 85
119 10
120 38
121 62
122 103
123 105
124 120
125 70
126 56
127 59
128 52
129 120
130 88
131 82
132 106
133 47
134 63
135 26
136 44
137 17
138 108
139 27
140 8
141 21
142 129
143 63
144 85
145 72
146 30
147 43
148 74
149 17
150 60
151 60
152 167
153 122
154 37
155 48
156 56
157 34
158 15
159 87
160 85
161 48
162 35
163 232
164 85
165 40
166 69
167 56
168 115
169 28
170 52
171 123
172 99
173 40
174 112
175 55
176 77
177 85
178 79
179 91
180 65
181 24
182 109
183 96
184 27
185 88
186 60
187 40
188 83
189 73
190 41
191 78
192 97
193 123
194 23
195 115
196 40
197 75
198 81
199 134
200 93
201 160
202 88
203 61
204 40
205 96
206 84
207 121
208 114
209 74
210 77
211 61
212 71
213 190
214 96
215 156
216 140
217 151
218 45
219 88
220 19
221 130
222 72
223 77
224 66
225 134
226 73
227 60
228 46
229 151
230 18
231 60
232 100
233 134
234 97
235 139
236 72
237 164
238 115
239 77
240 111
241 99
242 106
243 201
244 95
245 137
246 76
247 160
248 81
249 129
250 103
251 137
252 84
253 75
254 273
255 108
256 249
257 172
258 171
259 115
260 119
261 117
262 67
263 59
264 118
265 131
266 78
267 107
268 33
269 255
270 46
271 190
272 123
273 233
274 149
275 82
276 111
277 139
278 237
279 193
280 161
281 75
282 180
283 140
284 176
285 271
286 177
287 183
288 150
289 187
290 111
291 256
292 149
293 244
294 76
295 106
296 122
297 147
298 212
299 223
300 232
