30 50
20 29 29 7 3
9 10 51 28 26
3 14 46 26 21
6 26 7 4 2
25 27 3 3 3
16 19 7 5 4
8 11 15 15 15
24 30 85 76 74
5 9 86 77 72
1 15 79 66 55
2 24 33 12 5
14 17 35 13 6
28 30 58 36 29
15 22 20 15 10
16 20 23 12 10
6 7 61 46 46
19 29 12 11 11
3 5 87 76 75
11 22 48 36 28
4 24 73 39 35
24 29 43 29 18
20 22 85 78 74
11 18 72 68 64
23 24 27 25 23
27 28 77 60 45
21 27 17 17 17
1 20 42 41 41
26 28 99 74 65
10 12 41 28 16
27 29 61 46 31
20 24 25 18 13
3 30 95 89 86
21 30 53 29 22
29 30 38 32 31
5 24 79 61 48
11 26 14 10 10
15 27 0 0 0
18 27 78 37 24
18 26 60 54 53
1 26 46 32 29
27 30 30 14 10
1 23 77 74 73
15 20 2 2 2
17 18 21 20 20
18 30 21 7 6
23 28 6 2 2
16 21 100 97 97
14 18 26 9 9
13 17 16 6 1
8 27 99 96 96
1 24
2 13
3 23
4 21
5 28
6 9
7 6
8 1
9 17
10 26
11 16
12 12
13 7
14 35
15 17
16 8
17 23
18 49
19 2
20 29
21 18
22 20
23 5
24 73
25 0
26 34
27 68
28 49
29 43
30 58
