600 2000
245 348 48 41 38
201 279 96 45 3
154 532 93 30 12
417 438 85 59 46
426 529 9 8 8
540 589 40 23 23
128 260 22 11 2
93 386 97 43 37
430 533 45 22 16
365 437 46 22 13
534 557 74 19 10
528 557 43 33 28
451 492 93 37 34
9 588 95 12 6
502 568 22 15 15
159 573 71 27 23
570 592 66 47 43
82 316 63 22 5
486 499 73 69 68
455 595 89 30 28
20 458 70 26 4
167 407 36 28 24
214 309 21 20 19
39 223 35 13 4
265 538 94 35 19
537 584 22 5 0
252 321 73 46 20
358 487 0 0 0
564 592 16 9 8
108 190 56 30 19
175 218 74 60 49
572 584 58 43 42
81 196 79 68 64
291 576 36 26 20
352 442 17 4 0
338 389 40 36 32
18 535 63 61 61
459 483 0 0 0
147 562 11 4 3
394 565 30 30 30
194 286 20 6 0
598 599 24 23 22
437 487 93 70 69
69 150 38 36 35
554 571 11 8 8
259 399 98 53 12
92 258 43 19 15
70 323 93 71 54
576 599 85 50 34
589 596 99 64 35
271 475 51 21 13
6 139 15 13 13
113 384 37 26 25
440 508 91 54 53
370 553 73 68 68
271 528 46 18 7
449 563 84 67 60
307 314 8 7 7
326 412 83 39 37
554 588 0 0 0
348 434 3 1 1
392 422 55 26 14
275 491 94 64 49
202 419 38 21 10
495 596 93 3 3
361 439 56 51 49
309 443 87 74 71
213 467 91 64 63
367 556 56 9 6
560 565 61 57 54
247 545 69 22 11
499 512 30 23 21
197 482 72 67 62
343 413 96 66 51
7 560 67 42 41
163 319 96 32 15
252 573 68 45 35
50 88 96 36 29
437 516 53 18 14
248 573 82 58 44
3 296 79 38 38
573 594 84 55 54
258 371 39 10 8
559 560 38 17 2
47 110 77 29 17
344 362 14 7 0
514 589 6 2 1
338 471 2 1 1
67 372 3 3 3
344 414 25 22 22
299 375 98 34 0
289 345 31 27 24
199 404 5 4 3
314 519 55 46 44
540 554 12 11 10
107 492 34 34 34
551 558 23 15 10
183 329 73 53 38
185 255 3 2 2
151 175 82 38 16
1 585 70 34 10
341 551 89 57 36
234 340 9 8 8
333 486 49 35 35
462 562 32 30 29
349 504 90 61 56
495 506 40 22 6
124 153 26 14 14
340 482 27 5 1
312 518 19 9 7
181 288 14 12 11
317 506 92 51 19
511 552 2 1 0
18 415 14 1 1
7 314 33 8 7
208 585 15 8 7
458 544 6 5 5
370 529 34 31 29
56 257 79 60 44
464 472 18 9 5
442 555 5 0 0
170 255 65 61 60
490 523 48 39 39
6 462 0 0 0
273 392 33 20 17
335 551 80 64 48
91 477 59 29 24
60 164 68 13 2
85 391 49 29 28
211 589 39 22 22
282 586 36 31 27
97 260 51 27 12
40 351 26 21 21
305 549 31 27 25
385 516 43 29 29
430 585 8 3 3
16 160 29 13 11
250 542 75 65 65
572 599 100 20 7
519 562 24 18 15
396 585 13 7 3
83 384 0 0 0
445 532 36 34 33
267 294 4 1 1
506 509 77 29 4
557 564 6 6 6
203 364 75 39 5
150 487 79 21 15
389 562 68 54 41
294 556 30 16 16
129 426 64 64 64
187 435 47 23 15
477 530 2 0 0
121 543 56 29 20
588 594 40 28 27
29 523 33 18 15
430 508 74 43 34
110 299 18 14 14
273 419 27 26 26
390 595 30 23 22
343 423 94 69 64
421 508 23 1 0
183 496 65 41 21
267 595 6 3 1
440 511 74 64 63
522 566 34 23 15
577 590 94 10 8
170 472 37 21 19
105 449 4 3 2
240 457 14 8 7
163 451 39 38 38
480 498 56 55 55
35 233 36 10 0
365 405 54 29 25
289 549 51 29 12
415 506 69 57 56
374 503 90 87 87
434 477 24 23 23
209 269 12 9 7
213 410 59 26 12
469 573 94 59 55
236 520 27 1 1
373 391 91 64 60
456 585 66 61 57
170 492 74 57 42
67 321 94 47 0
508 554 100 40 37
205 262 82 63 63
394 452 19 18 18
125 211 12 3 1
118 537 25 5 4
203 229 40 7 3
73 583 11 7 7
252 343 72 51 43
585 598 46 27 16
392 420 16 14 14
599 600 28 26 24
321 428 71 49 28
528 553 12 7 4
211 552 3 2 2
182 487 89 32 25
398 424 16 11 11
21 322 74 30 0
564 593 88 87 87
461 509 82 16 8
397 568 78 70 65
99 194 84 21 20
383 573 69 68 68
150 363 55 28 11
177 526 8 1 1
152 287 70 5 0
278 469 91 48 25
413 532 18 16 16
174 546 46 26 15
164 287 17 8 0
443 596 88 81 79
295 546 51 34 23
124 258 0 0 0
44 61 45 29 21
315 542 41 35 33
99 594 19 11 11
125 319 45 27 15
235 471 73 72 72
64 369 49 18 17
595 597 76 18 7
543 551 3 2 2
267 379 31 18 15
145 192 84 50 34
57 507 10 6 5
216 496 38 29 25
577 582 49 25 7
100 532 24 20 18
369 433 43 25 11
585 595 95 90 85
111 386 41 28 22
381 570 61 53 45
342 533 95 61 49
252 433 68 15 15
524 538 52 9 3
125 365 28 16 9
291 362 13 11 10
271 470 61 21 18
211 536 24 21 20
163 408 82 72 66
501 549 92 61 49
318 401 17 5 0
449 507 3 3 3
312 582 52 46 46
432 540 7 4 4
429 592 22 10 8
352 582 88 74 72
85 259 10 8 8
119 318 15 4 0
376 428 39 37 36
121 361 3 3 3
510 550 91 72 72
132 525 47 32 32
581 598 33 20 16
212 484 51 48 48
512 544 5 3 3
260 552 32 27 25
402 543 3 1 0
128 525 70 46 43
554 597 71 59 49
195 575 35 35 35
553 568 96 27 18
28 446 68 43 42
367 483 88 88 88
534 538 24 16 12
457 501 48 46 44
19 559 62 27 27
342 491 47 37 33
63 491 25 22 20
69 222 75 24 7
199 234 14 9 8
50 581 38 24 18
100 466 99 72 65
314 458 33 20 18
574 580 19 14 10
135 367 0 0 0
54 458 79 24 1
589 593 8 6 4
422 596 74 26 8
553 556 75 46 38
218 236 64 13 4
114 369 31 20 16
245 343 68 9 4
11 343 94 47 29
10 552 5 3 3
31 387 33 18 4
13 280 38 34 33
24 554 11 6 1
469 479 7 6 5
465 551 47 22 22
513 599 11 9 9
220 478 20 14 13
387 431 32 19 17
185 453 58 53 50
376 402 20 19 19
545 554 98 82 71
555 599 65 45 41
509 525 78 34 11
117 394 93 72 59
444 576 8 3 3
597 598 51 28 9
323 413 35 28 27
512 599 14 5 4
589 595 71 45 44
342 374 83 14 7
574 600 18 8 7
574 595 9 9 9
486 541 32 15 7
437 545 44 30 21
521 552 0 0 0
318 366 42 22 21
57 252 92 84 81
443 516 54 48 43
49 162 81 55 37
499 573 27 14 8
116 493 94 86 83
78 458 1 1 1
67 244 69 13 6
163 201 8 5 3
501 514 92 44 20
337 416 8 0 0
23 97 76 63 57
577 592 21 17 17
51 248 29 12 2
546 558 65 40 34
274 547 38 34 34
437 512 9 4 0
209 488 5 1 0
138 322 28 21 19
181 398 7 4 2
332 429 47 15 10
170 293 31 12 11
210 337 44 27 20
233 446 86 66 46
227 417 78 38 12
401 599 4 3 3
305 343 71 62 60
187 277 54 49 48
218 445 25 16 13
209 409 13 6 5
72 446 63 12 2
106 229 53 41 38
230 276 44 27 24
330 332 6 6 6
356 474 20 7 5
578 590 52 44 39
408 410 2 2 2
208 289 57 51 45
327 449 24 22 22
307 389 73 71 70
484 489 91 85 84
323 541 47 42 39
270 469 52 25 25
234 269 40 19 2
305 394 52 46 41
403 590 83 82 81
583 584 31 17 4
430 559 38 24 18
140 347 95 45 13
195 503 16 7 7
206 400 9 8 8
26 406 79 6 2
262 320 68 47 41
200 600 8 3 3
504 537 10 5 2
462 552 23 15 14
465 503 1 1 1
3 469 49 40 31
254 309 56 14 0
84 124 45 11 2
598 600 50 29 13
15 575 59 28 10
198 360 4 3 2
165 459 3 2 2
530 565 58 43 29
574 591 94 40 33
505 517 78 27 9
278 397 87 70 61
157 163 30 21 21
474 553 29 27 26
353 354 9 8 8
105 245 27 26 26
312 451 87 86 86
150 173 17 15 13
457 585 55 42 37
403 415 25 17 14
406 565 11 7 7
581 600 99 88 88
170 331 36 35 35
452 486 73 36 20
461 578 83 5 4
291 571 45 4 0
174 278 56 19 11
63 313 5 2 2
588 592 0 0 0
517 551 100 61 42
284 380 40 31 29
438 539 11 10 9
210 246 69 14 10
570 589 78 34 31
558 575 72 27 4
258 320 46 37 33
539 560 10 7 6
195 547 21 20 19
511 580 97 44 39
263 372 26 15 15
50 404 53 37 24
242 548 60 38 35
53 382 5 3 3
522 577 3 2 2
398 423 3 2 2
1 160 14 6 5
421 431 57 16 6
532 559 15 6 3
395 405 42 26 23
63 162 60 23 22
48 579 66 48 44
424 438 62 20 2
586 598 1 1 1
241 281 62 31 14
242 275 27 19 11
85 429 72 53 52
289 600 87 41 10
112 377 55 37 35
386 537 15 3 0
351 514 4 3 2
590 594 85 76 70
180 596 80 13 3
289 433 93 56 41
498 502 19 9 2
254 282 9 2 1
568 574 79 49 36
430 472 25 19 18
421 489 34 14 11
80 520 86 16 7
112 484 28 26 26
50 349 62 58 57
369 399 71 57 47
376 412 7 6 6
534 576 66 57 55
11 298 59 38 36
289 591 52 36 26
499 558 35 14 4
519 541 11 5 3
413 575 46 44 43
470 544 67 20 20
382 550 14 14 14
312 476 78 71 64
225 379 64 10 9
134 522 72 42 37
451 511 86 36 7
145 465 65 62 62
278 555 57 42 42
450 556 67 63 60
538 545 98 93 88
559 588 84 66 60
320 510 2 1 1
407 497 89 33 4
584 599 89 69 57
73 390 16 16 16
101 259 81 68 56
583 600 6 5 5
83 593 25 19 16
113 564 46 15 4
18 346 4 4 4
397 567 42 17 7
412 439 59 51 45
48 304 3 0 0
522 540 60 23 16
73 234 57 22 7
569 582 53 8 8
411 599 96 68 49
89 300 38 28 21
474 599 46 32 28
286 531 98 60 35
178 301 10 9 9
308 331 78 67 65
25 163 8 8 8
95 378 72 50 41
302 384 57 6 3
319 433 48 26 24
351 402 77 59 49
488 536 29 16 10
205 317 22 14 7
198 216 78 48 25
69 410 57 27 25
570 594 29 28 28
93 361 29 28 28
524 594 78 72 68
530 538 76 43 33
83 294 95 70 67
53 146 70 68 67
161 182 92 51 47
364 586 12 3 3
449 520 49 34 26
122 282 0 0 0
407 455 3 0 0
132 487 60 60 60
51 269 68 51 46
316 435 99 17 13
416 445 6 4 2
179 313 31 22 21
540 577 32 23 19
587 596 36 20 9
479 577 67 57 56
116 506 17 11 9
153 568 55 35 22
470 557 32 20 13
171 210 7 3 1
230 401 47 42 40
376 584 50 38 32
174 268 60 45 45
490 533 37 19 9
565 587 77 31 21
377 460 90 72 67
75 583 64 26 14
118 576 12 8 7
366 551 78 78 78
173 331 22 14 13
62 571 12 8 6
336 568 82 55 41
471 503 41 29 29
430 518 5 3 3
495 562 4 2 1
268 364 9 4 2
263 290 23 16 9
246 523 33 19 8
379 439 87 39 25
233 265 93 68 65
459 568 36 26 19
195 436 55 49 44
446 515 31 29 28
101 495 76 46 37
88 98 19 17 15
554 594 24 23 23
290 413 7 6 6
509 553 1 1 1
343 404 86 57 50
354 556 33 9 9
236 301 95 44 43
198 589 21 8 4
473 566 38 37 37
454 586 65 27 21
379 537 23 23 23
284 501 56 16 13
384 558 14 6 4
434 474 38 27 18
466 495 56 53 50
175 358 55 48 45
450 537 57 50 48
580 598 98 74 54
392 587 70 41 22
525 565 47 35 30
163 199 18 5 2
368 489 7 3 0
434 578 20 8 0
307 488 62 33 25
361 392 38 14 11
477 508 0 0 0
205 367 51 14 0
23 107 82 50 42
5 400 64 52 47
524 577 67 59 55
244 381 93 60 58
503 548 22 5 1
306 410 40 33 29
526 543 92 54 39
80 221 50 16 5
588 593 7 5 3
427 598 86 84 83
581 599 43 39 37
214 335 99 84 83
318 491 60 42 35
400 422 94 75 66
224 425 59 27 14
126 360 5 3 2
324 509 8 8 8
377 557 61 56 56
168 313 38 18 0
102 435 66 63 62
595 598 98 70 66
250 550 48 39 36
389 505 87 42 24
479 499 71 68 66
357 512 55 15 13
14 267 43 7 4
117 399 69 33 10
514 573 19 17 15
359 597 5 5 5
537 583 64 29 6
532 594 12 11 10
252 461 32 15 14
3 403 69 59 52
261 377 9 4 2
20 27 83 42 24
38 326 98 88 84
58 475 48 23 6
48 574 80 60 40
442 525 7 4 4
228 325 23 20 18
153 532 69 42 34
180 400 66 48 43
142 395 74 41 12
289 468 28 25 25
166 419 21 19 18
477 492 87 55 28
187 425 54 48 48
136 482 26 10 0
19 223 47 18 15
210 386 5 5 5
146 348 10 8 8
138 532 44 31 24
534 553 19 11 5
484 595 27 13 12
485 584 17 7 5
451 468 36 24 24
396 499 66 33 19
193 397 65 41 28
465 477 56 48 41
284 379 84 65 59
527 541 37 29 23
86 411 79 24 12
96 429 100 96 92
179 235 12 9 9
38 391 13 8 6
167 420 95 43 36
568 586 91 48 44
391 475 45 41 40
521 526 53 52 52
346 448 86 11 2
40 405 3 3 3
3 39 55 32 28
439 441 26 7 5
541 551 66 47 44
434 525 34 16 13
536 538 94 30 4
458 513 95 90 88
106 585 43 11 9
86 98 7 3 1
8 228 82 46 40
91 266 77 51 39
265 447 77 65 59
524 585 2 1 1
18 279 58 34 33
147 169 58 47 39
150 570 5 2 1
513 534 49 40 31
59 410 57 32 7
409 573 61 36 22
446 476 78 45 38
5 573 11 11 11
300 333 3 2 1
271 463 19 8 0
400 535 4 4 4
593 598 3 1 0
331 334 1 1 1
103 367 58 40 33
63 207 83 32 28
332 462 7 5 5
517 594 94 24 24
542 547 95 45 11
209 378 20 8 5
33 243 66 59 57
499 557 4 2 0
483 512 56 35 33
311 508 19 16 15
455 564 51 24 24
256 483 74 64 61
158 197 56 28 6
59 173 64 36 29
500 513 59 48 47
487 522 16 13 11
200 245 30 28 28
529 556 57 30 21
277 300 47 40 39
225 333 38 31 26
353 467 27 9 7
540 599 97 74 71
492 504 41 23 7
419 491 53 18 11
193 197 38 29 22
302 559 86 66 49
493 573 77 56 53
247 355 52 44 40
23 488 81 65 58
543 580 62 36 25
178 398 93 23 13
368 454 34 8 6
411 490 21 14 10
151 502 10 10 10
482 559 5 4 4
136 325 73 37 26
419 585 41 29 17
332 457 78 70 63
353 522 93 93 93
578 580 63 52 45
467 585 12 11 10
334 429 53 32 26
535 547 8 6 5
596 597 38 29 25
345 541 97 90 87
319 380 76 58 53
368 425 52 39 38
209 219 25 15 8
192 391 57 43 43
492 518 21 5 0
562 593 86 34 0
205 507 83 19 7
273 282 95 63 59
5 481 40 15 8
447 580 62 38 33
12 117 3 3 3
439 559 38 4 2
185 508 25 22 21
24 46 54 21 9
32 275 30 28 27
405 520 84 60 36
468 498 15 6 1
126 385 41 31 25
169 286 5 3 2
100 233 60 21 19
539 562 43 34 31
394 416 51 7 0
286 391 26 12 10
22 359 25 15 15
289 301 72 48 46
486 524 9 7 7
173 427 61 33 11
557 558 0 0 0
530 576 75 71 69
408 492 61 38 16
22 133 37 15 12
100 329 59 49 48
530 539 5 5 5
562 595 100 40 14
448 545 71 3 2
389 587 20 13 6
589 598 73 41 9
490 578 85 16 3
356 418 65 51 39
4 294 22 7 2
183 219 63 24 19
442 560 83 57 37
353 520 43 19 12
232 249 37 29 25
64 538 71 21 3
136 249 67 17 12
205 451 78 63 55
442 551 74 19 19
105 162 75 30 9
550 595 9 6 6
200 522 20 7 3
178 183 93 39 18
34 165 6 6 6
167 274 7 3 1
271 392 57 15 15
93 592 92 63 50
71 179 38 25 20
349 461 73 71 71
443 597 80 71 67
177 432 64 18 9
159 451 62 59 59
238 593 48 44 44
548 575 52 48 47
41 156 83 51 24
475 503 90 89 88
295 426 5 2 0
153 468 1 0 0
417 515 68 23 22
161 540 95 88 83
268 307 14 7 6
417 563 44 10 2
444 581 72 61 54
208 235 81 30 6
308 319 22 18 17
202 225 5 4 3
225 358 60 45 44
189 316 35 30 30
109 588 56 50 44
436 450 10 5 0
582 583 55 50 50
389 396 5 5 5
256 261 10 5 4
40 93 32 20 12
265 535 43 39 37
134 135 41 24 23
360 569 96 66 47
267 354 50 24 13
129 349 42 23 16
420 512 62 35 16
461 464 18 11 4
392 404 76 16 3
363 427 65 30 27
216 280 93 88 88
462 550 88 33 18
557 575 48 42 40
350 498 22 12 12
367 395 96 59 28
297 308 19 14 14
485 574 53 20 15
580 589 76 18 1
364 450 37 6 2
389 423 51 26 5
117 490 92 57 50
558 581 68 43 42
92 413 41 16 4
158 183 84 76 72
228 380 16 12 10
89 461 79 39 5
452 538 35 31 29
212 273 87 45 22
47 82 84 41 26
258 343 59 48 45
1 292 3 3 3
559 578 98 90 89
469 600 61 40 21
244 286 66 23 22
30 256 86 50 22
262 576 28 20 18
108 295 11 4 4
186 531 51 25 12
542 594 16 9 5
468 582 83 27 1
231 389 44 44 44
531 549 89 86 85
476 553 78 66 62
228 486 66 63 61
295 371 28 15 5
363 396 82 79 79
515 526 5 1 1
316 388 30 5 4
2 310 18 17 17
554 599 50 25 19
174 532 63 51 43
109 422 53 30 19
589 590 8 8 8
526 556 2 2 2
224 556 59 34 34
288 431 44 19 3
437 465 96 54 53
249 483 97 64 32
106 266 45 39 34
289 405 48 28 25
539 559 2 0 0
437 471 46 35 32
288 316 71 33 32
34 365 28 27 27
458 582 58 41 26
208 496 90 47 14
415 584 89 64 41
535 576 57 23 18
159 368 10 9 9
275 349 85 82 79
367 576 24 16 15
557 562 87 50 39
416 582 37 20 17
174 341 100 28 25
410 562 29 29 29
531 545 61 59 59
102 144 13 12 12
585 597 31 26 23
44 202 95 81 74
145 356 37 31 30
72 494 73 19 18
588 595 64 47 40
554 577 2 1 1
414 535 15 5 5
114 321 70 47 39
385 439 41 28 21
455 535 45 19 0
315 422 69 56 50
110 148 67 44 40
567 584 14 12 11
35 52 19 10 10
173 291 27 22 18
477 507 19 8 7
144 530 51 41 35
49 459 12 12 12
339 374 86 56 47
383 460 90 70 61
56 217 34 11 0
206 419 10 6 5
81 91 25 20 16
428 486 70 36 11
560 568 0 0 0
60 385 74 31 1
22 128 92 86 83
164 251 55 31 9
577 580 38 18 5
215 580 99 68 60
441 554 94 66 51
314 336 77 54 51
461 485 16 13 11
446 573 47 30 25
365 576 79 46 41
77 410 3 0 0
118 484 88 30 13
144 573 77 52 41
241 293 7 2 2
435 466 78 32 23
483 518 91 77 74
100 171 53 32 26
525 572 75 71 67
119 316 21 14 9
257 502 22 20 19
578 596 32 9 3
186 563 78 58 52
258 381 20 19 19
9 535 85 58 54
386 484 100 72 58
75 514 80 31 7
253 278 9 0 0
453 484 27 1 0
525 568 86 57 49
293 473 62 48 42
2 344 22 10 9
215 225 64 64 64
135 359 50 38 33
28 512 19 12 8
3 460 71 39 31
154 574 28 13 6
48 209 20 6 2
426 564 39 16 10
254 332 82 82 82
484 576 20 14 9
424 489 10 3 1
73 388 46 32 32
400 457 51 45 41
45 449 56 39 28
62 486 90 69 67
555 595 13 2 0
116 405 50 43 42
556 598 65 58 55
412 425 33 24 16
210 566 52 43 36
31 372 62 40 18
458 468 8 8 8
576 581 39 22 13
200 513 66 61 61
192 507 93 64 38
287 389 44 35 35
11 437 67 62 61
338 452 43 11 5
212 459 15 9 9
189 459 12 7 6
393 579 51 29 25
293 377 8 3 3
232 421 13 9 5
400 407 94 32 14
500 577 86 66 50
115 539 63 30 0
361 379 88 77 74
349 553 37 23 11
304 364 46 42 39
292 464 33 29 28
415 432 52 10 1
553 554 83 41 1
229 423 81 48 39
576 585 78 16 7
232 318 92 49 22
182 383 98 68 43
466 545 0 0 0
287 327 66 60 58
482 539 57 56 56
289 338 82 38 10
194 244 9 3 2
361 521 2 2 2
106 496 19 18 18
69 369 44 19 17
302 486 79 68 68
92 141 83 68 60
45 145 69 63 58
74 388 41 28 20
24 275 95 21 5
552 572 84 29 28
549 560 48 42 40
160 212 80 62 59
36 331 61 48 39
238 475 71 29 3
71 352 89 63 37
478 537 84 67 56
525 589 75 63 63
583 589 83 35 28
243 527 14 11 10
441 595 51 12 1
231 280 93 62 47
237 401 14 14 14
160 439 84 55 49
562 581 31 19 7
78 121 82 80 78
241 484 37 35 33
363 409 61 23 18
524 579 5 5 5
539 567 99 29 5
447 504 81 71 68
380 429 15 13 13
248 411 72 36 35
182 197 98 57 50
95 400 17 11 8
98 259 75 37 32
482 524 27 14 7
434 444 34 24 24
184 441 24 8 3
223 519 74 40 34
339 524 37 27 27
286 448 63 40 33
346 565 13 7 6
453 535 35 28 26
126 192 49 35 30
97 507 52 44 43
131 452 12 6 2
530 531 6 5 5
257 305 56 35 26
27 93 46 37 37
112 206 31 14 3
26 486 85 41 16
204 282 84 4 0
243 276 14 3 1
536 579 34 31 31
102 600 22 5 2
302 327 45 21 5
330 491 94 41 12
236 314 34 32 32
566 583 59 35 34
468 600 86 60 47
1 115 22 19 19
259 413 16 11 10
494 496 1 1 1
536 581 25 24 24
411 517 25 16 16
481 526 90 47 30
222 383 71 71 71
295 376 99 71 46
312 365 21 19 17
481 516 21 16 15
432 572 76 68 64
450 542 68 29 17
437 522 90 71 57
381 495 67 24 1
131 473 58 56 56
198 259 61 59 58
159 545 41 30 23
478 492 86 40 20
437 472 2 1 0
578 594 98 86 77
432 581 16 13 11
595 600 12 1 1
568 570 13 8 8
223 275 78 77 77
50 176 11 9 8
152 496 84 17 17
465 492 99 69 44
133 434 58 39 28
51 190 67 66 66
430 580 35 33 33
554 561 15 7 1
554 562 85 65 56
348 413 88 33 10
47 401 28 12 6
221 575 24 16 11
551 564 66 31 17
564 572 55 11 10
242 299 82 54 44
529 560 34 26 25
165 502 33 16 8
303 405 61 39 23
301 528 7 4 2
124 318 8 4 2
541 584 16 10 7
479 496 27 12 6
38 573 91 78 77
11 452 0 0 0
225 234 84 46 43
18 513 24 12 9
168 440 46 38 34
140 432 79 36 17
190 303 49 42 35
334 361 25 11 4
490 577 16 3 1
305 419 29 15 14
558 580 17 16 16
509 516 20 15 11
10 585 86 69 58
264 596 51 22 16
383 489 79 70 70
29 186 93 91 91
223 302 12 9 9
46 56 39 18 10
268 356 49 28 27
349 418 59 55 52
35 373 41 24 13
378 469 29 12 3
368 380 55 43 37
501 518 47 33 31
358 545 40 19 4
112 342 100 79 63
172 538 38 30 27
467 575 80 20 8
590 591 53 27 12
359 484 21 10 10
441 531 83 19 18
393 440 78 49 45
414 520 72 64 63
410 508 74 52 39
164 429 61 32 29
491 550 69 37 6
421 428 11 5 4
58 418 61 51 42
77 353 3 2 2
120 148 97 48 19
176 472 1 0 0
511 570 16 15 15
288 517 67 37 22
540 543 74 24 13
120 512 57 29 9
75 442 27 25 23
200 439 63 53 51
213 595 41 11 6
309 589 20 18 17
145 337 11 9 9
264 490 71 66 65
218 561 58 47 46
131 386 48 34 29
472 567 84 33 33
218 419 40 26 23
213 217 0 0 0
577 593 22 18 16
116 435 42 35 31
78 114 30 8 6
328 489 62 46 36
540 565 94 71 70
244 279 52 50 49
30 579 10 3 3
276 322 3 2 1
159 472 31 25 22
183 548 35 20 17
168 409 76 60 44
266 592 94 75 72
2 403 44 9 8
128 329 26 15 4
47 316 24 0 0
549 557 78 3 1
565 600 49 3 2
133 346 61 39 36
35 599 85 49 21
330 443 43 17 4
184 422 30 7 6
503 540 12 4 2
150 597 69 53 44
526 533 29 12 0
379 405 36 21 12
472 478 17 5 5
175 504 47 20 2
505 583 18 11 10
502 508 0 0 0
405 410 19 6 4
11 45 81 72 64
167 233 65 28 10
241 570 68 65 65
97 322 100 48 47
146 405 8 2 2
177 303 99 76 71
127 503 53 24 22
332 405 73 33 11
295 315 43 37 35
6 535 82 75 72
323 411 25 9 7
492 559 87 51 43
21 294 8 7 7
473 488 40 18 7
138 384 5 0 0
48 125 90 49 22
530 569 67 52 42
414 480 48 26 18
14 235 51 41 37
277 385 57 14 12
306 398 91 83 80
144 493 61 32 20
471 476 28 6 3
59 349 35 34 34
41 597 13 7 3
542 590 58 56 55
368 578 36 17 10
234 459 31 18 18
485 593 10 10 10
523 591 28 19 15
43 554 6 3 3
291 432 4 2 0
354 475 27 20 18
445 571 46 18 2
364 528 30 8 0
166 279 27 18 9
364 562 37 24 18
66 492 45 31 17
313 456 1 1 1
131 429 61 59 57
436 454 3 1 0
319 544 9 8 7
394 537 4 2 1
381 573 83 55 41
293 568 59 50 50
24 310 15 7 3
67 490 51 49 49
540 547 8 7 7
522 584 52 12 10
329 497 34 26 25
441 574 92 16 6
328 483 13 6 6
199 322 31 14 5
339 405 54 30 15
402 458 82 72 70
29 586 45 32 19
24 76 95 16 4
179 332 87 44 25
443 460 94 94 94
134 298 53 23 23
40 477 41 28 17
160 395 9 6 6
96 350 98 56 56
100 396 98 28 28
451 575 99 57 44
77 339 5 4 3
363 365 22 6 5
357 406 39 31 24
332 334 83 26 12
129 394 29 27 27
44 51 54 53 53
359 478 54 36 36
244 353 66 24 24
295 528 91 43 39
468 524 62 57 54
570 590 37 27 25
473 556 23 11 11
167 507 13 8 6
91 237 89 65 42
199 379 54 44 39
32 400 9 5 5
246 587 33 22 19
207 584 43 22 4
546 580 63 21 15
522 595 24 23 23
583 587 42 41 41
232 453 70 30 16
195 293 41 28 22
550 579 19 11 9
161 277 10 7 5
406 500 17 15 14
442 579 44 38 33
148 338 93 55 31
282 421 81 70 61
295 503 23 17 17
363 390 11 10 9
161 332 41 10 3
547 584 86 51 35
291 339 84 69 55
441 573 44 44 44
269 506 3 3 3
402 501 3 1 1
288 484 32 31 31
340 495 94 28 15
199 329 69 21 8
439 579 86 75 75
427 476 24 24 24
274 403 2 1 0
82 247 40 37 34
136 374 44 9 4
166 266 27 20 18
515 516 100 85 81
94 598 99 36 3
29 436 20 10 4
470 506 86 6 2
43 192 2 1 1
529 549 56 55 54
9 89 19 8 6
346 390 73 49 40
314 577 66 62 62
481 570 28 23 18
293 307 23 3 2
64 451 17 3 0
34 206 43 34 32
374 499 20 6 4
148 195 92 86 83
433 521 56 21 6
504 519 49 36 31
266 539 73 58 58
444 455 66 51 41
282 467 14 13 12
525 597 49 34 26
517 554 66 53 47
498 576 65 37 34
412 522 41 39 38
474 591 28 25 24
170 213 70 45 44
33 535 44 39 39
351 488 74 52 51
163 454 42 7 7
323 486 75 72 69
207 529 89 66 47
356 362 44 30 17
479 521 32 13 3
266 390 54 25 22
545 589 3 2 1
198 406 88 79 70
324 493 46 42 42
156 501 57 27 9
570 595 75 32 17
187 341 91 34 32
52 368 72 72 72
465 585 66 45 31
29 90 1 0 0
512 532 29 13 5
338 374 13 10 10
82 505 56 9 8
338 454 58 43 41
529 579 7 3 0
257 382 11 3 2
406 508 63 21 9
541 567 15 6 4
409 580 99 80 68
367 379 74 67 63
49 555 93 62 34
362 513 0 0 0
478 501 78 53 51
180 214 48 19 19
340 366 21 18 17
231 357 30 30 30
220 278 35 27 22
19 21 77 34 6
262 546 33 25 23
66 243 15 9 9
87 599 42 23 15
372 484 43 13 0
189 276 95 94 94
202 204 15 11 11
464 518 75 63 58
481 559 23 13 8
468 543 82 69 60
3 117 25 24 23
421 535 17 11 6
78 173 11 3 2
101 523 71 52 52
86 505 48 42 37
415 554 63 62 62
523 558 39 31 30
484 525 60 10 9
138 410 94 91 91
464 508 29 28 27
378 421 32 27 27
102 591 39 36 35
190 496 76 74 73
155 240 16 8 4
557 599 95 81 78
23 357 48 26 17
565 589 94 61 61
258 389 40 20 16
190 596 51 36 31
456 510 49 47 47
481 532 15 13 11
523 524 5 3 2
325 329 62 35 22
483 519 50 42 39
234 294 62 33 31
177 528 57 48 39
29 198 63 50 47
572 579 47 24 5
29 291 1 1 1
205 538 90 86 85
271 480 36 21 12
223 558 1 1 1
503 598 31 30 29
22 375 84 50 49
354 555 51 48 48
579 600 100 97 97
360 539 15 9 4
37 466 36 25 24
568 576 98 79 66
58 195 7 7 7
424 469 59 45 45
246 509 8 6 6
218 471 83 49 48
7 58 19 7 3
299 560 95 39 28
63 406 60 55 53
317 547 22 21 21
12 118 27 5 1
310 352 94 66 59
543 584 4 0 0
448 585 3 3 3
21 479 16 14 13
497 505 92 65 54
69 265 7 4 2
493 534 84 43 28
42 221 10 5 5
549 593 96 47 14
374 477 63 28 24
353 464 77 67 59
420 597 69 30 10
522 560 27 15 14
56 586 91 38 5
482 490 98 33 7
52 232 70 68 66
209 502 15 9 9
76 148 66 19 7
526 581 87 45 27
415 596 63 23 2
123 435 97 92 89
575 600 61 40 22
194 574 75 28 20
215 348 60 34 17
584 598 6 4 4
472 527 93 36 2
411 446 19 16 15
141 481 92 49 35
104 216 65 30 9
395 578 17 5 0
148 491 51 29 22
202 457 89 52 45
441 496 86 79 74
356 522 96 13 1
396 595 31 21 19
59 282 55 29 17
591 599 79 32 4
374 546 15 1 0
357 362 87 68 64
90 166 39 25 25
342 481 11 7 4
547 582 60 41 37
380 600 38 4 2
493 598 8 7 7
329 405 80 7 2
198 559 24 19 18
93 198 35 27 22
592 599 65 33 9
262 527 9 5 3
122 291 2 1 1
172 268 89 46 12
516 589 47 35 25
224 328 67 48 30
24 34 13 12 12
101 418 15 2 0
178 246 34 7 3
166 300 68 50 34
505 590 46 45 45
295 437 47 8 2
220 504 17 9 3
414 474 7 4 4
567 579 64 27 6
443 477 4 3 3
32 199 81 81 81
542 565 85 23 14
197 198 75 23 22
158 395 37 19 1
313 595 34 20 8
160 428 87 64 53
404 471 17 2 0
184 420 57 53 50
25 317 20 12 8
360 365 25 20 18
571 592 66 20 5
414 421 6 5 4
116 144 80 74 70
397 463 45 24 21
190 552 49 29 16
79 360 99 50 5
233 355 6 5 5
292 308 56 18 2
416 580 15 9 9
201 379 59 39 25
134 307 87 70 65
17 34 20 19 19
232 508 45 42 39
382 398 55 49 49
493 584 57 52 48
373 418 66 61 61
340 580 22 21 21
267 564 11 3 2
351 526 61 42 41
158 387 26 25 24
387 522 26 23 23
232 502 71 38 15
241 262 86 76 75
184 507 15 15 15
520 577 10 9 8
249 373 69 47 41
221 441 31 20 14
304 398 87 75 69
433 548 10 8 7
191 239 76 68 67
316 473 12 6 2
164 392 90 66 48
354 421 77 63 56
194 468 10 5 2
562 563 43 28 20
392 598 12 5 2
385 596 10 3 3
383 534 73 58 57
370 416 17 7 3
405 423 4 3 3
471 473 81 72 68
97 475 77 68 66
521 575 35 31 30
357 593 71 59 51
1 317 85 59 58
496 577 38 11 6
484 502 65 29 28
192 227 60 58 58
363 528 4 2 1
468 587 9 3 2
403 483 28 17 12
275 417 59 48 45
172 574 93 76 59
553 573 96 35 19
55 353 5 2 2
64 66 93 54 44
67 107 57 35 23
542 550 83 63 52
74 427 97 39 31
294 350 0 0 0
432 542 78 63 54
135 208 39 28 26
262 522 77 45 29
192 265 71 19 9
447 596 27 12 5
427 434 1 0 0
427 589 74 24 12
542 564 50 50 50
406 529 40 19 4
271 296 42 33 30
131 522 37 12 1
492 512 92 35 21
92 378 68 48 37
274 578 99 62 43
333 482 10 7 6
288 540 63 62 61
135 551 75 26 23
35 283 57 18 12
573 579 45 3 0
132 296 65 38 11
360 388 97 43 37
569 573 81 67 62
55 529 48 12 2
59 119 93 48 48
190 235 13 6 1
496 555 72 21 12
419 483 6 1 0
101 427 71 61 55
518 530 44 37 34
497 597 18 12 8
46 592 86 48 33
515 590 44 27 21
557 574 81 72 72
467 501 46 22 13
583 597 87 17 0
384 593 4 4 4
431 558 39 22 11
203 365 71 41 37
436 459 17 4 3
103 308 77 46 33
507 596 52 37 29
551 553 27 20 17
319 322 6 4 2
285 472 61 46 44
46 73 90 28 13
166 470 68 24 14
429 488 57 46 39
550 593 89 60 52
3 46 14 8 8
175 430 87 79 77
128 590 34 29 25
93 348 34 33 33
160 584 31 15 1
375 563 37 19 19
471 551 95 64 58
204 236 74 8 2
90 118 69 66 64
164 484 52 47 44
153 587 18 6 1
252 412 31 24 20
558 592 85 25 7
523 569 39 19 13
279 594 56 36 21
496 566 34 12 6
36 474 16 13 11
312 435 52 46 46
299 509 80 59 44
344 568 81 65 56
189 585 13 9 7
86 107 72 58 58
345 494 49 28 8
344 368 91 53 39
126 141 67 8 8
266 406 45 12 10
208 369 64 40 18
352 368 17 17 17
471 487 43 8 8
112 576 77 66 57
57 448 20 10 7
21 437 43 35 34
177 465 62 20 1
321 551 62 44 35
587 593 16 2 0
421 494 57 45 34
85 586 14 4 1
418 481 3 3 3
202 220 55 49 45
231 261 63 54 48
265 568 57 55 55
204 491 57 35 30
56 576 70 62 61
337 443 2 2 2
21 507 100 56 41
103 176 74 19 17
214 551 93 63 47
201 505 45 28 11
489 563 24 18 14
108 581 47 34 29
296 433 50 42 34
539 598 1 1 1
178 596 83 83 83
98 375 61 16 2
329 374 56 24 2
340 382 54 54 54
462 567 69 64 61
436 484 23 11 2
590 593 28 13 2
230 345 3 2 2
475 521 75 68 63
118 122 99 86 85
35 308 38 33 32
27 330 52 28 24
441 509 7 3 3
198 276 4 4 4
147 156 47 12 1
22 221 69 43 43
22 324 62 17 17
344 594 7 3 1
582 584 76 66 65
14 592 51 25 20
102 546 96 95 95
387 513 16 16 16
194 348 10 4 4
155 336 20 16 12
412 414 67 33 25
481 538 95 23 4
97 332 16 9 4
191 422 12 6 2
428 479 93 79 77
583 591 21 18 18
202 465 30 14 11
494 549 23 22 21
126 489 2 1 1
415 435 31 12 11
472 573 3 2 1
558 591 40 40 40
354 599 62 38 29
511 531 12 12 12
308 574 94 63 40
220 459 44 30 25
370 571 100 53 29
264 300 63 52 51
335 389 34 17 0
301 483 56 36 17
526 527 70 31 31
290 460 11 7 6
240 597 89 68 48
98 109 41 34 33
112 125 77 39 4
338 542 1 1 1
146 219 46 35 26
234 252 97 62 56
155 436 59 20 16
166 420 64 30 23
191 599 20 11 11
336 571 88 16 8
397 398 60 44 35
55 472 91 29 26
52 402 55 18 7
562 588 36 17 10
541 556 76 69 63
257 471 96 62 46
168 179 53 37 31
413 549 41 19 13
331 393 75 67 67
335 467 37 26 24
337 543 13 11 10
149 249 56 37 28
370 538 67 25 15
75 301 13 9 6
340 369 84 42 33
44 564 32 7 6
383 421 33 17 12
368 507 85 74 64
188 231 8 4 4
361 459 61 31 5
429 585 33 20 9
356 595 4 3 3
50 277 11 9 9
488 571 26 19 15
552 598 46 16 3
520 566 84 64 58
161 578 31 26 26
231 591 42 37 34
219 318 82 65 50
346 463 16 16 16
121 233 46 37 31
146 155 41 36 36
186 496 29 10 9
31 570 96 35 33
92 150 55 38 30
3 108 36 11 8
190 325 93 52 46
464 574 24 16 11
229 474 20 19 19
1 71 89 87 86
154 240 38 5 3
399 538 86 15 9
596 598 34 12 9
291 569 52 23 7
486 547 49 45 41
95 509 95 77 67
592 596 50 9 6
510 600 24 18 17
187 499 0 0 0
593 595 3 2 2
176 381 79 67 60
576 591 56 36 24
126 212 45 31 25
199 360 31 20 14
243 423 73 54 48
324 554 1 1 1
492 556 54 24 24
68 357 93 44 39
128 281 45 35 34
29 204 30 14 5
284 305 44 35 28
421 568 23 6 0
319 595 76 56 45
180 553 3 1 1
352 530 95 43 27
376 573 40 39 38
436 489 7 0 0
297 522 28 27 27
455 597 50 26 19
300 500 21 7 4
560 566 85 32 26
90 397 51 29 22
428 478 14 6 3
195 377 36 30 26
289 464 65 39 34
33 75 51 31 20
96 512 62 31 28
214 416 58 56 55
143 325 9 6 6
246 507 46 31 25
383 520 81 62 43
586 595 47 21 21
543 549 34 11 1
302 405 99 73 53
482 506 16 9 3
343 567 38 22 19
227 310 63 20 19
34 534 100 72 48
114 592 30 25 25
48 222 92 89 86
101 321 6 5 5
408 495 44 29 25
95 498 66 58 56
46 541 88 24 5
261 539 83 35 5
7 195 10 8 7
390 456 52 28 15
206 541 19 4 2
511 523 43 21 21
105 376 93 33 2
544 591 60 2 2
584 600 68 61 61
578 584 30 17 17
108 157 49 39 38
12 148 64 33 2
291 489 40 22 16
418 428 13 13 13
336 496 94 66 49
428 553 19 16 15
171 310 19 10 9
309 503 90 39 33
9 600 12 10 8
203 561 62 30 23
307 446 35 28 25
499 560 12 9 6
146 434 88 85 83
535 555 45 12 0
278 325 99 78 67
382 489 99 83 83
198 579 32 18 12
552 595 21 21 21
529 537 33 23 14
476 547 39 7 0
470 503 24 22 20
565 588 55 25 6
166 184 78 68 67
568 575 2 1 1
566 569 76 55 46
403 529 73 30 23
321 370 80 15 4
251 575 1 0 0
278 495 69 8 4
245 259 20 9 1
557 578 58 55 53
332 414 27 11 7
13 316 51 38 28
132 134 82 52 23
299 348 26 12 8
196 564 75 48 46
268 562 78 25 25
176 553 95 52 14
93 486 18 15 14
453 476 7 4 4
110 270 7 7 7
505 546 69 20 3
221 336 6 6 6
67 556 38 36 36
240 318 86 56 34
577 585 34 18 5
440 449 80 25 13
104 410 47 27 9
295 327 92 80 69
409 416 37 27 27
32 209 75 31 23
339 590 35 20 8
464 480 32 25 22
97 117 42 12 1
351 447 94 52 48
429 482 38 30 25
487 495 7 4 1
385 433 14 7 3
523 531 100 36 33
268 465 7 6 6
465 515 22 16 15
266 523 95 55 20
38 570 43 34 32
53 436 67 48 45
21 66 44 8 7
191 350 0 0 0
571 587 44 33 22
335 505 75 32 21
78 548 23 4 0
572 598 92 76 75
590 595 6 2 0
54 521 34 23 13
132 497 76 65 65
483 527 44 30 25
380 501 45 6 1
3 327 35 22 14
460 508 37 25 23
99 112 71 34 11
547 593 28 27 27
544 580 97 92 87
365 454 55 17 10
88 316 31 14 9
117 172 1 0 0
441 541 40 39 39
322 445 40 36 35
20 585 70 35 33
98 425 19 19 19
407 413 7 7 7
362 506 93 59 54
369 454 14 12 12
435 550 97 85 78
351 505 43 13 3
161 491 9 1 1
139 494 49 37 27
343 368 99 75 64
397 523 29 19 12
560 578 47 38 29
571 594 49 13 13
493 568 7 5 3
372 567 73 33 27
25 525 53 22 16
61 407 20 8 4
80 555 2 2 2
32 195 73 37 6
190 527 28 19 13
378 573 11 1 1
214 315 80 55 34
193 534 37 37 37
559 600 81 51 48
302 489 99 98 98
159 183 70 49 37
32 507 30 28 27
487 493 11 5 4
277 363 55 19 7
378 584 25 19 19
188 577 5 4 4
399 416 0 0 0
409 595 69 64 64
389 464 72 55 53
92 350 54 32 15
388 599 28 26 25
77 574 28 12 9
241 321 85 64 60
557 573 79 76 75
438 471 57 41 29
298 301 46 21 7
423 576 93 49 6
412 472 3 2 1
501 507 28 17 8
105 193 71 38 6
147 405 100 78 74
302 501 88 51 40
121 488 92 87 86
597 599 43 14 9
585 592 6 3 2
468 508 40 39 39
312 436 70 25 8
116 368 45 35 34
317 556 76 33 19
277 306 81 52 36
446 554 85 83 81
43 472 87 78 78
178 346 52 6 4
572 583 31 15 12
30 486 89 87 87
5 487 1 1 1
359 432 72 47 31
416 425 75 55 52
132 586 73 64 59
352 419 63 61 59
168 185 73 29 10
508 513 75 43 30
463 567 34 33 33
323 527 22 4 3
489 580 14 9 6
494 550 74 60 55
355 533 25 7 4
453 589 99 37 32
378 536 37 19 18
383 503 86 10 4
440 450 65 62 59
399 546 29 18 7
75 590 100 96 92
326 501 14 12 11
141 152 40 34 32
230 274 41 32 23
235 458 82 70 64
13 86 23 8 0
448 482 14 6 0
426 553 92 65 51
117 578 73 12 3
367 513 11 10 10
45 571 74 43 31
357 447 37 15 12
195 210 45 27 15
322 524 100 54 29
482 497 95 68 67
311 391 71 56 54
534 600 58 52 51
345 514 92 78 76
432 499 38 22 21
52 298 89 76 63
16 291 52 25 2
554 573 25 19 18
332 358 68 67 66
35 358 93 50 17
339 359 50 43 40
113 147 52 16 8
551 565 55 25 24
286 532 89 48 43
321 381 88 50 36
102 545 35 29 24
163 293 74 22 19
201 336 61 26 0
450 578 99 76 63
251 444 34 24 20
428 538 46 33 33
417 574 35 9 6
492 495 45 43 42
422 482 59 21 6
312 519 85 49 29
338 348 72 67 67
176 413 80 56 49
385 493 5 5 5
147 553 73 32 27
242 472 43 28 13
151 597 69 54 46
283 503 96 81 80
182 512 45 29 27
533 597 100 56 37
71 78 10 4 3
448 518 16 8 5
286 515 100 27 17
4 187 62 60 58
477 487 20 15 10
470 517 37 36 36
7 309 6 5 4
63 486 72 72 72
96 596 95 63 33
1 52
2 27
3 99
4 11
5 24
6 5
7 36
8 23
9 67
10 15
11 55
12 43
13 24
14 42
15 24
16 33
17 0
18 24
19 65
20 81
21 127
22 78
23 57
24 118
25 25
26 72
27 47
28 17
29 50
30 36
31 66
32 66
33 22
34 32
35 130
36 13
37 6
38 23
39 28
40 24
41 34
42 2
43 5
44 33
45 52
46 146
47 82
48 77
49 51
50 58
51 24
52 44
53 14
54 50
55 54
56 96
57 14
58 37
59 85
60 70
61 20
62 14
63 55
64 86
65 0
66 58
67 96
68 30
69 70
70 19
71 40
72 51
73 75
74 43
75 88
76 76
77 12
78 34
79 46
80 60
81 12
82 90
83 17
84 21
85 27
86 61
87 13
88 52
89 52
90 23
91 65
92 94
93 71
94 47
95 38
96 74
97 91
98 64
99 70
100 99
101 56
102 21
103 63
104 46
105 108
106 31
107 46
108 50
109 27
110 43
111 9
112 118
113 48
114 36
115 32
116 28
117 122
118 72
119 31
120 63
121 31
122 7
123 4
124 32
125 99
126 59
127 13
128 47
129 14
130 0
131 36
132 77
133 39
134 81
135 49
136 85
137 0
138 18
139 12
140 71
141 78
142 31
143 1
144 52
145 35
146 20
147 92
148 164
149 13
150 81
151 45
152 70
153 48
154 67
155 33
156 78
157 10
158 49
159 53
160 74
161 55
162 76
163 109
164 104
165 12
166 88
167 69
168 83
169 11
170 52
171 20
172 60
173 58
174 93
175 79
176 96
177 86
178 119
179 56
180 68
181 3
182 113
183 131
184 30
185 37
186 45
187 50
188 2
189 8
190 86
191 15
192 105
193 58
194 83
195 79
196 23
197 86
198 99
199 75
200 20
201 111
202 62
203 89
204 102
205 91
206 30
207 64
208 112
209 65
210 69
211 19
212 58
213 70
214 69
215 40
216 65
217 16
218 81
219 55
220 32
221 52
222 40
223 51
224 54
225 64
226 0
227 58
228 27
229 44
230 24
231 37
232 105
233 108
234 109
235 61
236 104
237 23
238 36
239 4
240 72
241 46
242 55
243 28
244 94
245 47
246 77
247 36
248 50
249 94
250 10
251 31
252 123
253 4
254 32
255 2
256 42
257 63
258 55
259 89
260 33
261 52
262 68
263 12
264 27
265 100
266 116
267 53
268 89
269 32
270 13
271 112
272 0
273 59
274 42
275 84
276 17
277 76
278 126
279 85
280 27
281 29
282 104
283 26
284 46
285 8
286 150
287 48
288 66
289 180
290 9
291 108
292 29
293 73
294 47
295 121
296 62
297 3
298 59
299 130
300 45
301 81
302 125
303 41
304 14
305 44
306 33
307 49
308 88
309 73
310 51
311 10
312 80
313 38
314 42
315 40
316 153
317 95
318 118
319 100
320 21
321 203
322 120
323 49
324 25
325 87
326 30
327 47
328 35
329 157
330 74
331 27
332 165
333 15
334 60
335 72
336 135
337 18
338 102
339 77
340 80
341 97
342 88
343 165
344 57
345 37
346 103
347 41
348 83
349 54
350 44
351 81
352 98
353 56
354 63
355 16
356 102
357 105
358 71
359 51
360 119
361 62
362 56
363 100
364 87
365 112
366 12
367 106
368 104
369 117
370 115
371 26
372 70
373 45
374 149
375 104
376 86
377 35
378 72
379 129
380 71
381 115
382 16
383 120
384 39
385 98
386 81
387 24
388 64
389 123
390 53
391 56
392 147
393 34
394 51
395 102
396 67
397 102
398 71
399 126
400 85
401 22
402 46
403 66
404 81
405 232
406 113
407 97
408 39
409 83
410 116
411 94
412 69
413 118
414 60
415 113
416 70
417 120
418 36
419 71
420 107
421 122
422 137
423 118
424 43
425 52
426 39
427 110
428 96
429 99
430 56
431 68
432 139
433 122
434 56
435 127
436 102
437 141
438 63
439 105
440 85
441 164
442 70
443 43
444 35
445 34
446 106
447 77
448 119
449 72
450 75
451 121
452 49
453 80
454 88
455 95
456 24
457 49
458 114
459 64
460 55
461 128
462 43
463 21
464 71
465 130
466 53
467 90
468 98
469 114
470 135
471 128
472 167
473 46
474 34
475 94
476 67
477 94
478 86
479 42
480 32
481 143
482 147
483 106
484 180
485 27
486 139
487 105
488 87
489 74
490 144
491 169
492 265
493 78
494 80
495 199
496 213
497 88
498 41
499 79
500 33
501 204
502 77
503 128
504 83
505 212
506 166
507 156
508 164
509 145
510 13
511 89
512 176
513 53
514 85
515 99
516 59
517 138
518 51
519 77
520 143
521 59
522 198
523 149
524 91
525 164
526 136
527 101
528 83
529 128
530 100
531 114
532 130
533 105
534 126
535 110
536 65
537 90
538 300
539 143
540 107
541 105
542 144
543 128
544 63
545 122
546 123
547 106
548 45
549 158
550 138
551 264
552 82
553 273
554 181
555 112
556 159
557 136
558 144
559 156
560 150
561 32
562 227
563 73
564 128
565 198
566 100
567 158
568 206
569 116
570 122
571 206
572 157
573 281
574 250
575 158
576 251
577 164
578 257
579 133
580 226
581 115
582 146
583 170
584 199
585 225
586 136
587 111
588 123
589 302
590 133
591 167
592 222
593 147
594 128
595 301
596 340
597 283
598 239
599 323
600 225
