200 500
36 90 70 50 41
29 78 35 33 32
116 197 4 0 0
143 179 80 80 80
101 102 78 49 31
21 64 66 50 36
85 108 98 97 97
38 126 5 5 5
184 192 55 35 16
4 178 55 24 14
51 125 21 19 19
171 182 54 14 6
106 127 54 32 15
53 125 12 8 8
88 121 59 32 27
76 99 100 60 46
18 124 64 36 11
77 191 53 26 18
22 56 41 27 21
72 111 24 18 18
169 188 52 48 48
4 83 2 2 2
97 116 15 10 6
65 156 3 2 1
104 182 37 3 1
144 153 81 24 0
18 83 9 2 0
34 156 48 27 24
96 118 65 9 1
194 200 60 45 38
167 183 2 1 1
5 53 39 28 24
18 86 50 49 49
50 65 55 32 23
72 73 51 38 38
80 162 64 2 1
173 198 97 78 67
12 192 61 55 52
88 93 53 49 46
125 140 16 8 1
23 103 94 65 44
99 111 94 86 83
136 138 78 17 13
47 120 89 50 13
122 136 11 8 7
46 181 50 15 11
179 182 71 60 52
32 95 64 38 38
151 165 31 26 24
93 186 7 0 0
3 93 78 56 56
10 119 13 9 6
158 165 82 77 77
90 132 46 40 40
69 143 23 17 17
22 199 57 44 43
129 187 29 13 13
18 158 77 55 39
198 199 29 27 25
106 186 72 17 17
117 142 96 39 12
179 194 18 10 4
119 138 23 14 13
192 198 49 27 20
147 200 6 2 2
41 113 6 2 1
86 197 6 1 1
192 195 53 53 53
76 168 37 22 11
22 196 38 38 38
178 179 34 22 15
196 197 36 23 22
152 191 11 8 6
100 154 1 1 1
187 191 72 60 57
159 188 43 27 24
48 164 33 20 16
1 132 34 13 13
103 133 61 18 2
113 139 25 10 4
192 200 77 20 11
138 164 92 23 7
181 190 36 17 3
164 170 96 96 96
170 191 82 65 60
45 187 56 40 25
140 158 39 13 9
173 200 28 25 25
138 161 88 65 59
183 186 74 50 48
131 161 31 14 8
114 195 88 77 68
99 134 17 15 13
61 176 38 31 26
21 98 95 50 28
132 147 8 4 2
58 61 8 5 2
23 110 44 28 12
113 192 88 37 15
189 199 36 27 23
95 154 17 8 0
169 198 61 29 27
41 70 54 49 48
19 35 2 0 0
107 110 46 26 20
51 150 39 22 19
150 161 50 8 6
30 92 41 34 29
120 155 45 8 1
107 118 12 9 7
185 189 44 41 41
16 83 34 32 30
73 76 24 20 17
40 173 69 30 14
128 184 62 47 43
34 107 54 26 19
27 104 77 49 31
26 197 30 14 8
47 65 4 1 1
46 47 87 39 30
97 159 9 5 1
23 45 90 14 1
41 172 100 92 87
32 130 89 64 52
144 185 51 40 40
199 200 77 44 20
48 124 51 10 9
10 12 91 88 87
181 195 65 34 5
95 185 22 18 14
137 188 38 29 23
24 79 76 45 36
49 127 56 44 44
185 188 28 27 27
124 197 36 25 21
141 193 1 0 0
150 154 67 59 59
136 181 68 42 34
195 198 92 42 40
157 186 77 42 18
105 130 55 33 25
164 180 21 12 5
51 192 74 44 44
151 184 42 38 38
120 132 20 18 16
104 141 29 7 0
107 139 74 25 20
160 175 83 71 62
7 60 49 27 18
5 82 59 21 15
153 166 85 36 1
76 117 22 11 10
31 182 97 77 67
132 162 74 38 35
191 197 34 30 30
164 185 56 52 50
7 23 9 9 9
187 189 72 43 24
141 159 26 17 16
171 196 59 29 5
15 21 7 5 5
152 168 15 5 4
114 186 80 21 0
58 167 77 35 19
182 196 40 14 12
11 101 74 16 3
140 188 17 9 3
101 177 99 91 87
158 195 47 37 32
168 184 77 28 4
153 179 77 12 6
148 192 87 34 28
140 143 10 6 5
1 112 31 21 12
182 189 80 73 67
121 156 67 51 41
58 200 100 54 46
185 193 98 70 54
156 195 24 14 12
31 174 19 18 17
31 167 54 40 40
71 157 15 3 1
1 160 93 64 58
163 182 51 29 28
3 186 63 39 17
46 140 96 57 20
133 171 29 17 17
71 178 37 1 0
32 136 1 0 0
51 115 13 6 6
185 195 5 3 1
148 170 76 52 36
168 194 17 6 0
169 179 2 1 1
147 174 21 13 9
43 62 11 7 4
130 176 58 54 53
109 164 26 24 23
42 98 57 27 6
38 149 53 41 40
70 109 38 26 23
135 196 52 14 2
37 58 34 10 9
197 198 47 31 27
65 127 7 1 0
180 199 32 13 1
115 133 38 12 4
62 195 88 58 49
147 179 86 62 61
186 195 81 78 75
34 174 10 5 5
181 186 82 46 21
153 162 45 16 12
84 151 14 12 12
121 153 80 74 72
138 141 43 16 6
51 163 44 24 22
12 199 61 42 27
171 181 90 64 48
1 119 5 4 4
106 130 13 10 7
133 169 57 56 56
38 166 77 46 16
76 138 24 16 14
66 162 46 37 33
118 147 44 16 7
32 69 19 16 16
17 23 89 53 49
104 181 65 46 41
6 159 56 9 9
99 171 17 15 14
127 151 94 88 86
146 156 19 5 4
34 127 5 4 4
138 176 27 19 16
112 132 71 56 46
143 166 15 15 15
189 190 28 21 16
151 157 28 9 0
198 200 62 3 1
118 127 72 51 46
17 143 1 0 0
181 192 55 38 35
158 174 39 14 3
74 80 37 13 3
170 179 98 56 46
159 162 54 32 10
167 190 24 10 10
52 77 31 20 19
136 140 36 19 6
50 80 89 45 39
4 62 24 7 4
73 124 57 44 43
27 187 80 80 80
118 125 16 9 8
84 168 77 59 51
146 186 43 43 43
178 193 69 44 35
3 127 83 52 51
138 194 81 44 42
18 194 70 55 54
122 175 40 26 21
100 144 86 21 10
140 185 87 76 70
50 113 85 75 65
102 166 90 72 67
19 93 9 5 2
38 145 49 42 36
86 161 54 50 50
191 196 77 56 39
188 196 79 78 77
47 180 24 5 0
163 193 46 24 13
29 84 50 19 9
168 177 82 29 9
86 171 56 50 45
121 134 61 41 27
159 183 30 19 11
91 114 30 11 5
77 164 22 15 15
146 184 63 58 54
33 109 8 7 7
54 158 71 35 35
85 145 65 18 4
139 153 87 53 37
111 168 31 13 8
10 97 98 97 97
164 194 27 17 10
28 181 24 11 11
110 148 82 81 80
77 122 59 34 17
101 155 30 24 19
107 167 18 3 2
162 177 18 8 5
31 171 43 11 11
34 141 4 1 1
33 104 62 51 50
171 198 75 70 67
87 105 78 69 65
155 191 7 6 6
83 108 27 9 6
101 138 25 22 20
27 173 17 16 15
56 101 85 59 56
23 114 40 17 12
53 79 44 17 10
3 53 47 40 40
86 130 20 6 2
184 199 22 10 1
87 112 18 10 5
138 144 64 50 50
67 118 60 28 19
139 162 30 21 17
87 140 89 72 70
40 127 61 44 29
84 192 19 14 10
102 182 43 28 16
172 191 88 85 84
157 159 48 48 48
129 178 69 52 39
131 196 96 39 36
172 182 36 8 8
93 139 25 23 21
25 99 49 15 14
56 168 42 15 8
38 46 84 77 71
141 176 72 43 14
3 25 62 32 5
99 153 28 15 9
66 185 100 47 36
176 185 33 20 15
175 196 5 3 3
165 167 64 19 6
142 176 100 70 43
66 158 68 64 64
52 159 30 16 15
22 157 17 10 5
177 196 32 29 29
88 162 1 0 0
127 150 69 51 51
76 96 63 60 58
116 154 90 59 40
145 163 93 84 76
44 108 38 8 6
36 40 52 40 35
35 51 71 66 63
101 124 59 11 9
105 198 96 53 37
41 192 64 55 54
3 114 48 27 26
71 99 78 72 71
59 153 65 39 22
172 195 37 27 22
82 138 36 14 7
71 116 63 57 55
113 193 40 25 24
19 46 20 19 19
65 141 56 47 42
25 186 3 3 3
104 132 94 42 40
66 146 16 10 5
120 134 54 43 41
35 85 41 28 27
97 199 22 20 20
64 93 99 53 50
114 116 83 72 64
30 147 81 70 61
36 54 65 46 42
47 132 62 34 16
67 79 22 19 16
49 179 81 73 66
68 138 97 85 79
126 169 78 17 7
53 197 55 11 6
10 148 55 36 30
151 154 73 55 49
39 113 31 9 4
60 153 100 5 4
62 194 87 30 14
173 192 3 3 3
27 134 31 20 11
189 198 35 18 14
116 195 66 30 16
37 89 24 22 20
101 166 34 18 9
8 191 23 18 18
137 190 29 25 23
2 27 13 7 7
89 93 86 40 39
88 90 27 20 15
53 92 68 49 38
146 159 27 26 26
62 70 37 34 31
7 34 38 24 11
20 199 43 20 12
186 197 51 46 43
68 119 24 23 23
14 42 55 50 48
102 115 96 62 51
16 65 54 12 0
37 185 42 41 40
183 189 36 17 9
92 126 92 88 84
53 73 73 25 23
121 170 97 78 77
136 192 15 6 0
143 200 82 76 73
187 194 38 27 25
162 176 14 7 1
129 160 89 48 7
80 195 9 6 6
122 167 38 27 18
31 70 87 21 19
130 184 29 28 28
40 181 13 10 8
29 147 41 25 16
85 98 44 13 12
134 159 95 40 20
122 140 99 40 34
108 152 95 78 70
91 159 70 19 17
102 145 50 5 1
133 147 93 43 33
15 185 99 83 79
36 108 46 45 45
181 182 26 18 12
79 196 14 8 4
110 181 92 59 55
146 170 43 43 43
180 188 36 32 31
57 134 29 27 26
35 72 91 64 45
189 193 72 32 0
146 167 55 54 53
5 32 4 2 2
172 185 12 4 2
127 199 19 11 7
54 114 5 3 2
130 141 87 30 28
119 197 64 52 42
100 179 36 23 17
47 112 65 49 37
66 173 68 10 3
60 90 54 17 16
117 166 48 43 41
11 169 7 5 5
58 132 56 48 43
20 51 39 32 27
47 82 34 34 34
158 160 53 51 49
59 120 74 74 74
2 71 12 7 7
103 193 72 54 47
53 134 67 52 52
147 197 40 32 24
83 140 29 23 19
134 169 51 22 0
44 75 21 7 6
146 179 83 70 57
87 152 85 58 41
128 179 83 64 50
67 158 40 29 26
3 60 72 46 36
118 142 7 1 0
144 198 95 52 32
68 131 2 1 0
10 131 28 21 15
26 127 10 6 6
81 169 94 33 20
45 145 47 43 39
142 151 96 52 36
72 140 18 9 2
76 101 93 72 66
43 163 17 12 7
30 155 57 21 20
7 61 95 38 14
161 167 14 12 11
65 161 66 33 0
146 182 48 12 6
54 140 63 9 0
14 161 2 0 0
146 161 35 22 12
7 54 79 64 61
103 144 5 5 5
141 200 23 11 1
159 184 48 33 27
30 130 32 23 20
98 163 48 45 44
76 102 63 51 44
187 188 88 61 60
51 59 56 27 27
18 22 9 5 5
148 178 75 39 15
18 40 72 63 58
155 175 57 29 26
155 200 39 34 31
59 67 44 16 12
170 172 54 27 20
18 157 23 22 22
87 109 62 31 28
1 39
2 5
3 111
4 29
5 30
6 21
7 78
8 3
9 0
10 26
11 34
12 23
13 0
14 4
15 10
16 30
17 19
18 69
19 5
20 21
21 49
22 25
23 120
24 19
25 45
26 12
27 37
28 6
29 34
30 39
31 66
32 34
33 6
34 49
35 34
36 35
37 15
38 49
39 13
40 61
41 16
42 29
43 8
44 26
45 59
46 91
47 118
48 31
49 13
50 50
51 69
52 13
53 104
54 74
55 0
56 40
57 1
58 77
59 53
60 108
61 46
62 75
63 0
64 40
65 91
66 71
67 45
68 10
69 4
70 44
71 33
72 40
73 44
74 17
75 7
76 80
77 47
78 1
79 44
80 80
81 39
82 39
83 22
84 38
85 54
86 20
87 62
88 24
89 23
90 42
91 39
92 25
93 77
94 0
95 28
96 34
97 9
98 76
99 65
100 49
101 140
102 103
103 66
104 101
105 49
106 50
107 67
108 43
109 26
110 49
111 19
112 42
113 80
114 102
115 43
116 69
117 52
118 91
119 21
120 65
121 60
122 75
123 0
124 83
125 14
126 40
127 96
128 25
129 63
130 86
131 44
132 101
133 84
134 109
135 22
136 71
137 10
138 177
139 68
140 180
141 116
142 103
143 10
144 127
145 74
146 63
147 101
148 92
149 5
150 47
151 66
152 41
153 242
154 49
155 68
156 39
157 57
158 93
159 151
160 71
161 98
162 113
163 53
164 72
165 35
166 99
167 95
168 140
169 117
170 86
171 108
172 52
173 72
174 26
175 33
176 87
177 50
178 110
179 141
180 38
181 193
182 154
183 36
184 94
185 100
186 167
187 74
188 43
189 104
190 33
191 65
192 183
193 111
194 106
195 139
196 128
197 89
198 193
199 111
200 153
