50 1000
1 39 80 80 80
34 49 99 74 55
36 48 32 29 29
32 44 3 0 0
35 42 64 47 31
46 47 6 4 2
20 36 99 48 15
30 50 99 81 77
45 48 22 6 4
42 50 84 73 73
31 42 96 43 37
36 44 39 25 15
36 46 93 89 86
21 46 60 21 7
36 40 31 21 17
34 37 41 31 22
28 41 89 73 71
43 45 48 30 20
18 28 91 56 34
21 29 39 29 27
25 29 66 36 12
11 37 26 24 24
49 50 63 42 23
44 48 83 83 83
47 48 75 57 44
20 35 7 7 7
46 50 18 13 13
11 38 97 51 44
18 47 4 4 4
36 45 69 36 8
45 49 45 37 36
27 31 77 26 11
19 38 51 23 17
10 45 83 26 26
21 44 38 10 3
7 48 63 46 46
30 48 74 26 20
1 14 64 41 34
4 15 18 15 15
19 49 32 31 31
34 47 56 56 56
23 32 78 44 24
46 49 87 46 22
28 46 26 16 13
38 45 33 14 7
23 38 70 60 56
8 21 55 44 39
39 47 75 73 71
33 36 28 18 10
16 48 26 11 7
8 25 2 1 1
25 37 0 0 0
33 39 84 75 67
19 47 45 36 28
1 7 59 28 20
39 49 90 76 71
18 48 92 37 18
27 37 67 56 48
11 21 40 36 33
3 46 65 30 15
10 12 94 22 15
46 48 49 48 48
27 32 93 23 22
48 49 20 9 2
25 48 94 76 75
16 35 23 16 14
3 35 59 40 37
9 46 6 1 0
11 17 42 26 20
32 47 25 13 3
1 23 24 10 10
22 38 61 27 16
28 30 83 51 49
37 40 69 27 22
47 49 99 31 27
11 50 40 7 0
31 48 14 7 7
39 48 44 43 43
11 22 19 9 5
17 35 14 8 4
3 29 93 92 92
6 11 55 50 49
29 30 88 9 8
3 6 5 2 1
30 34 43 33 23
27 49 69 68 68
34 46 12 6 4
33 47 47 42 40
36 39 73 27 12
40 42 81 77 76
26 27 30 16 15
21 31 78 56 39
44 46 87 56 51
9 34 46 32 32
15 22 6 5 4
2 42 86 55 55
25 39 80 72 70
32 43 67 38 37
41 46 96 63 56
30 47 80 37 21
20 24 5 4 4
27 33 26 11 5
27 39 63 44 37
42 46 84 74 64
38 43 37 30 25
6 27 75 65 64
44 45 77 57 44
5 11 60 30 2
32 33 9 7 7
33 44 43 24 5
11 33 2 1 1
37 46 84 53 31
30 40 87 78 74
19 25 47 18 17
3 27 91 76 71
43 50 7 3 3
45 50 69 40 27
15 36 37 29 26
14 46 16 9 3
28 44 48 29 18
35 48 16 0 0
40 41 31 31 31
26 37 34 20 17
37 42 93 63 40
10 30 3 0 0
14 49 71 61 58
19 41 4 1 1
20 22 65 57 53
22 32 94 61 56
23 41 6 1 0
29 35 90 51 46
3 41 51 36 29
1 26 72 49 49
27 43 87 81 76
16 30 56 39 32
30 45 21 21 21
8 44 55 47 47
20 28 58 48 41
39 42 44 39 39
16 32 90 72 64
23 39 16 12 11
29 46 84 69 63
17 32 94 46 46
25 45 44 37 36
30 46 67 66 66
30 39 35 11 2
33 45 83 66 65
5 27 41 40 39
25 38 96 93 92
22 41 41 29 24
35 50 97 56 49
7 15 42 38 37
8 24 27 10 7
13 16 97 42 36
18 34 45 42 39
9 38 55 34 21
15 35 77 76 76
41 43 24 19 17
20 39 90 35 2
26 48 58 28 19
11 27 52 37 28
21 49 19 16 14
44 49 4 2 2
48 50 59 20 2
17 23 4 3 3
3 17 28 20 14
19 21 97 69 61
5 18 95 46 35
13 25 44 41 41
26 43 56 39 38
31 39 49 36 30
24 27 10 1 1
23 24 86 38 36
19 34 4 2 0
3 42 51 39 28
8 26 54 17 2
16 19 85 66 58
20 25 40 36 34
34 42 6 2 0
12 14 98 67 61
26 38 44 10 8
16 18 3 2 2
34 40 63 39 22
16 31 6 4 4
8 20 37 30 24
12 40 19 13 13
38 41 48 41 34
1 25 80 77 77
4 38 66 36 23
33 48 0 0 0
2 27 28 20 15
10 23 49 34 33
12 18 1 0 0
30 44 95 70 61
42 48 43 29 25
21 42 52 43 37
18 24 76 45 19
4 30 0 0 0
23 49 75 67 61
6 42 17 10 5
5 45 9 4 0
7 22 5 3 3
22 44 32 17 13
36 38 42 24 17
40 45 71 58 48
18 37 49 30 30
1 30 1 0 0
20 41 33 18 16
12 45 44 37 32
45 46 49 48 48
15 16 63 47 44
22 35 80 50 36
29 41 77 40 40
35 41 52 7 6
41 49 89 25 2
42 49 92 56 45
34 39 11 5 5
38 50 46 28 13
3 23 77 35 9
30 32 4 2 0
15 42 78 71 67
41 44 45 40 35
5 34 92 16 9
3 31 85 26 11
44 50 11 4 3
23 50 58 33 8
7 13 55 50 48
22 33 6 4 3
38 47 60 43 28
23 43 36 16 9
2 43 95 77 69
37 49 37 35 34
30 42 71 41 36
28 32 5 3 1
42 45 31 31 31
23 31 90 78 66
25 33 42 21 12
42 43 38 24 19
27 48 45 26 11
42 47 55 27 26
30 35 53 29 6
16 22 35 27 27
9 32 78 28 7
24 28 7 0 0
10 32 63 24 2
20 23 99 15 14
25 42 39 35 32
17 44 13 8 7
2 15 16 10 9
47 50 21 12 8
3 18 29 17 13
12 37 11 11 11
21 40 100 74 68
2 23 14 14 14
24 44 22 13 7
28 31 47 33 21
36 41 3 3 3
24 47 39 29 23
24 33 78 40 28
32 41 51 12 6
3 34 13 7 6
21 25 92 81 79
12 25 5 3 2
16 20 96 60 27
14 23 17 16 16
11 41 95 86 77
22 31 75 11 9
39 43 81 47 38
1 48 38 25 13
13 18 83 62 52
5 10 39 30 29
8 27 82 41 27
32 40 63 50 49
18 23 32 12 2
23 47 97 60 47
22 43 74 15 7
29 32 55 37 36
2 20 6 6 6
1 45 28 26 26
36 37 9 9 9
23 44 13 9 8
19 33 16 12 11
24 46 55 30 14
27 29 19 7 6
5 35 17 10 10
4 32 36 16 10
6 26 55 49 46
23 33 69 65 63
16 37 35 19 5
38 44 5 4 3
15 29 33 24 23
32 38 27 18 13
3 15 3 2 2
39 46 26 10 8
17 45 25 19 18
41 42 35 18 8
38 49 91 41 27
28 48 70 64 58
29 38 0 0 0
5 39 79 75 72
18 30 44 41 40
35 36 26 23 21
2 9 14 12 10
43 47 49 16 8
14 22 53 42 37
2 12 96 94 94
13 42 19 18 18
5 14 64 47 39
40 49 42 40 40
24 30 39 27 15
31 45 77 35 2
35 49 72 60 58
35 46 7 1 1
2 47 39 35 34
38 48 100 84 75
4 10 67 34 34
43 46 54 30 26
10 26 36 25 24
13 28 82 38 10
31 37 81 38 12
9 35 74 43 23
22 50 30 10 8
30 36 56 31 7
17 48 15 12 9
13 47 61 23 17
8 30 47 5 5
14 26 49 4 2
7 23 53 27 23
9 42 19 14 12
32 39 47 38 34
28 35 63 31 24
20 48 82 74 73
11 19 35 21 10
26 29 21 11 10
45 47 56 32 16
12 33 6 4 4
38 46 26 26 26
28 45 83 78 73
44 47 24 22 20
4 7 1 0 0
6 15 84 70 67
14 44 29 25 25
7 49 16 7 3
8 49 23 6 0
20 37 89 46 28
5 50 12 7 6
33 43 80 26 9
37 45 62 58 58
31 50 63 32 31
29 50 89 88 88
18 19 4 3 2
11 42 23 2 0
11 24 78 35 34
9 37 46 22 7
30 49 12 2 2
9 45 46 14 4
8 46 85 53 40
11 39 53 30 12
35 40 97 45 43
33 38 61 34 13
9 12 15 14 14
11 13 64 30 25
13 17 88 51 31
21 35 45 32 19
26 40 41 16 10
26 36 12 12 12
16 24 79 39 29
35 38 18 14 11
35 45 16 5 2
12 29 44 31 19
25 37 0 0 0
36 43 32 19 14
1 38 63 47 40
27 38 60 51 49
34 50 84 26 22
2 41 5 4 4
1 46 9 2 2
4 46 38 31 25
31 41 56 21 9
9 27 44 36 32
9 21 52 50 49
9 36 29 10 7
22 45 58 49 49
35 43 93 62 61
10 25 61 38 34
16 40 83 69 56
33 34 70 24 1
40 47 22 22 22
36 42 13 7 7
34 43 100 22 7
14 41 22 16 12
21 32 31 9 0
21 41 38 33 30
19 50 24 22 21
11 44 23 21 19
25 40 83 43 43
6 23 27 17 16
8 31 45 36 30
25 41 98 46 39
6 36 59 47 46
39 44 46 31 22
33 48 59 14 4
5 33 31 24 20
23 29 66 27 8
25 47 0 0 0
13 30 54 26 11
27 46 93 75 57
27 41 83 55 39
25 32 3 3 3
2 26 22 9 3
23 37 89 56 51
37 44 26 19 16
6 45 30 20 12
6 35 23 13 13
4 22 93 41 15
35 39 68 36 23
41 50 51 40 33
29 33 70 62 59
4 35 29 18 17
24 25 77 71 71
6 10 40 19 17
43 44 40 18 16
20 50 15 10 10
25 30 29 10 1
6 47 12 7 3
27 40 23 18 18
10 41 72 40 21
6 24 6 3 3
39 41 60 48 42
25 35 49 45 42
14 28 96 83 71
14 40 79 42 28
1 31 12 9 6
2 8 63 54 46
43 49 27 26 26
10 37 67 24 18
32 45 14 13 13
35 44 19 5 0
14 47 88 72 57
17 34 27 14 10
19 23 99 65 36
34 38 60 39 21
21 39 8 4 0
17 36 72 37 28
24 31 9 4 2
37 48 41 20 11
33 50 95 38 2
8 33 59 2 2
20 32 71 63 63
4 26 20 15 10
40 50 8 6 6
41 47 96 27 2
3 47 60 25 23
25 43 2 2 2
7 21 85 61 51
20 27 89 88 88
38 40 21 16 16
32 49 62 23 17
8 16 2 1 1
9 39 76 31 10
36 50 13 8 8
4 21 3 1 0
12 28 77 64 60
42 44 70 47 26
10 24 74 41 19
4 23 19 18 17
11 30 37 19 18
3 28 47 44 43
25 26 57 22 21
14 33 15 9 6
17 49 24 21 19
28 42 12 3 1
20 33 35 17 4
28 38 51 34 21
14 15 57 29 9
21 27 10 5 2
9 44 1 1 1
15 40 57 43 40
33 42 57 17 0
6 9 69 58 54
11 28 14 9 8
29 36 46 24 3
16 45 88 81 76
27 50 65 21 7
40 44 73 6 1
15 18 1 0 0
7 46 39 28 20
26 44 57 17 12
14 43 67 58 54
9 50 85 38 38
33 35 47 27 26
15 38 64 36 17
29 49 36 18 2
4 49 95 65 42
15 37 9 9 9
14 45 74 23 12
12 47 77 66 58
12 16 27 14 5
25 34 71 15 2
28 33 29 18 13
16 28 77 34 33
5 47 61 36 32
2 40 34 12 7
2 18 14 9 7
19 22 89 66 55
3 38 22 6 6
1 29 66 57 57
8 39 73 30 3
31 34 42 2 1
30 37 83 82 82
43 48 38 26 14
10 13 10 7 6
36 47 57 57 57
9 40 36 26 21
1 13 85 16 9
33 49 51 19 18
37 43 48 43 41
12 34 5 4 4
4 33 7 4 3
8 15 71 57 54
2 10 54 25 22
12 46 26 15 11
7 20 38 33 28
41 48 24 14 7
5 42 82 46 10
20 29 11 1 0
9 33 77 73 71
38 42 5 5 5
18 49 47 39 38
29 48 11 4 4
12 27 15 7 3
11 34 84 28 23
13 15 6 2 0
7 39 80 74 70
24 37 56 7 2
3 44 89 35 31
34 35 88 67 67
1 50 81 30 6
6 22 81 58 37
13 36 34 9 4
26 50 51 51 51
18 46 78 38 23
2 14 100 40 31
32 48 44 37 31
19 36 19 10 4
18 29 3 3 3
32 36 22 4 1
25 28 98 42 35
11 36 56 49 46
21 50 49 37 34
16 29 32 23 14
15 44 3 1 0
28 49 50 29 12
28 40 91 45 13
11 49 98 94 94
40 48 89 81 76
9 15 88 33 12
13 33 47 38 30
33 37 1 1 1
15 45 100 15 0
10 16 78 47 27
4 31 84 43 24
27 35 75 50 26
1 12 57 41 36
18 42 36 19 11
14 18 59 48 40
29 47 51 41 36
4 6 99 33 18
2 28 24 2 1
3 21 3 0 0
30 38 95 81 80
17 31 69 25 21
2 32 99 88 77
20 26 84 65 55
34 48 91 32 9
12 31 49 40 35
8 14 66 59 55
26 42 95 34 8
16 47 67 64 63
19 45 89 71 61
2 44 22 16 12
19 30 18 11 10
22 42 15 14 14
18 50 31 23 23
16 41 33 20 10
10 46 78 16 10
31 33 57 35 18
25 46 10 2 2
22 29 33 28 27
22 30 40 34 33
24 39 19 14 14
7 42 10 5 3
9 26 23 8 3
30 31 33 28 25
22 40 30 16 13
40 46 49 25 1
8 40 70 48 48
16 17 24 14 13
23 36 20 12 10
2 6 2 1 1
19 42 31 29 28
3 45 48 9 7
8 36 76 48 25
15 48 89 64 52
41 45 60 31 9
3 22 3 0 0
27 30 86 56 53
32 46 62 27 13
15 41 2 0 0
17 21 14 9 4
12 13 100 58 22
5 28 95 71 54
18 21 37 30 27
31 44 54 31 16
24 32 30 9 3
1 42 57 28 27
24 45 43 33 30
24 26 87 81 78
22 39 12 9 9
4 41 4 1 0
3 20 56 34 25
13 21 48 18 18
10 49 87 22 5
17 26 80 63 57
14 19 51 34 33
20 43 54 51 50
6 13 57 50 44
8 43 83 78 75
6 41 57 24 22
5 38 0 0 0
15 30 32 15 9
7 41 65 52 52
12 22 63 59 56
15 31 55 25 17
34 44 76 33 11
2 22 46 20 13
17 38 97 27 6
24 49 58 41 35
24 43 8 4 3
15 43 51 49 48
24 38 59 16 16
9 30 2 1 1
8 32 43 40 39
1 5 3 2 2
40 43 82 51 23
19 48 58 50 49
2 21 51 45 39
9 18 8 7 6
8 50 66 49 46
19 40 72 66 66
1 37 30 25 22
26 45 5 3 3
1 49 46 19 3
37 39 30 22 14
34 36 35 17 0
5 32 1 0 0
38 39 5 1 0
2 16 16 12 12
8 42 80 60 58
29 37 6 4 4
39 50 87 83 82
10 40 96 35 29
7 25 35 30 25
17 29 36 25 22
1 18 3 2 1
4 39 47 25 23
7 50 88 29 2
29 34 56 24 5
15 28 55 39 27
8 48 61 38 25
13 40 74 57 47
26 32 60 26 2
20 34 37 24 15
26 39 57 50 43
4 40 8 4 4
22 24 16 10 10
6 16 99 18 5
6 50 88 49 16
27 44 6 4 2
5 13 39 30 25
16 44 52 19 19
39 45 98 50 17
4 48 94 68 55
12 36 2 2 2
20 30 97 59 47
8 9 84 22 14
25 36 96 96 96
18 32 91 61 55
17 22 8 8 8
1 28 70 30 29
3 5 67 16 7
29 44 33 19 7
2 11 12 9 9
37 47 80 55 49
13 19 24 14 9
26 33 25 9 9
16 27 54 28 12
36 49 99 52 15
22 36 67 40 28
11 12 38 29 29
3 4 87 26 24
23 26 23 17 15
9 10 68 4 4
12 35 87 42 0
17 37 92 88 87
10 38 68 59 59
14 17 48 15 1
8 11 70 35 25
8 37 2 1 0
23 27 59 28 2
22 49 3 3 3
11 35 81 71 68
18 39 36 16 2
30 33 41 34 29
32 35 35 15 9
7 9 9 4 1
13 50 6 2 1
24 41 39 24 15
4 43 7 4 4
26 49 61 59 57
4 27 92 33 21
2 39 29 25 21
4 19 12 11 11
29 45 8 6 4
5 30 60 57 57
23 25 13 13 13
10 20 55 5 3
14 36 62 61 60
18 44 47 41 39
29 38 54 36 30
20 42 5 1 0
28 39 14 9 6
12 44 55 54 54
7 12 69 29 25
27 47 72 10 4
5 23 17 13 10
28 50 98 97 97
35 47 72 42 38
6 29 1 0 0
14 38 98 54 47
17 50 45 27 25
21 30 96 50 24
22 26 35 14 6
19 43 70 27 21
15 47 35 31 29
8 28 51 50 50
17 41 41 6 1
2 13 63 57 53
10 39 90 23 10
11 26 32 10 0
13 26 23 14 5
18 20 100 59 35
12 21 89 64 62
26 31 98 78 67
4 8 72 10 9
5 12 63 47 40
17 47 93 78 78
20 47 46 22 16
3 8 52 6 0
31 38 16 15 15
24 29 54 39 25
13 29 87 87 87
15 49 81 56 37
11 25 30 10 8
14 27 78 58 42
4 20 40 0 0
21 43 87 84 83
1 34 91 60 57
2 7 71 70 70
3 32 15 14 14
3 48 64 35 31
28 34 83 23 11
25 47 94 73 69
16 39 85 82 82
1 27 29 23 18
8 18 15 6 2
18 43 57 40 33
2 5 11 10 10
10 19 64 57 53
35 37 1 1 1
8 45 35 8 4
20 45 43 26 25
32 37 50 44 39
14 20 62 52 47
13 37 93 19 8
16 25 91 42 22
10 15 68 30 18
15 24 59 36 31
6 49 51 38 26
9 23 65 17 4
17 28 25 25 25
4 44 49 21 7
28 43 97 79 71
5 43 27 5 3
7 38 46 43 41
17 43 34 17 14
2 50 81 19 8
22 48 28 18 15
7 44 41 40 40
31 46 2 1 1
10 11 11 3 1
29 31 32 22 12
26 30 11 8 6
7 10 14 5 1
13 27 0 0 0
23 48 44 39 39
30 41 43 15 9
27 42 4 3 2
9 20 86 76 76
1 33 43 36 32
3 16 53 13 5
30 43 45 17 7
15 46 65 20 12
26 28 33 33 33
3 13 30 17 16
3 39 42 20 17
25 31 96 94 93
34 41 40 11 8
14 16 30 30 30
17 20 59 47 35
23 28 1 1 1
29 43 0 0 0
10 22 20 8 5
14 42 55 9 9
15 21 0 0 0
12 26 15 5 2
19 31 7 5 3
15 32 33 16 1
3 11 29 17 17
19 46 58 19 14
18 26 1 0 0
11 45 72 62 55
6 44 28 28 28
16 38 91 52 51
21 36 67 61 59
8 35 6 3 1
26 34 8 3 2
5 19 26 13 8
2 24 63 35 11
14 32 17 16 16
21 33 10 7 5
9 14 92 19 18
9 41 51 37 30
7 30 21 19 18
18 33 53 24 11
3 50 57 22 21
2 19 74 36 12
10 18 78 39 39
6 20 27 17 11
8 23 99 39 8
15 27 66 33 15
21 38 58 34 11
12 48 24 13 12
16 23 53 24 7
3 36 91 78 67
31 47 33 22 12
5 20 69 59 52
7 40 26 6 5
20 31 77 63 54
21 28 50 42 38
16 36 70 65 63
15 20 92 55 29
14 25 24 9 4
13 39 21 16 13
5 41 9 3 2
12 32 11 7 5
11 20 8 7 6
5 37 73 70 67
13 43 46 24 12
13 49 6 4 4
4 50 12 3 0
18 36 8 8 8
37 41 20 18 18
7 17 40 13 10
6 40 18 9 7
3 49 35 21 16
28 29 73 49 32
17 27 15 15 15
23 35 2 1 0
7 32 0 0 0
10 29 19 15 11
25 27 80 32 20
37 50 36 26 25
1 15 25 18 14
8 41 1 1 1
1 47 74 37 14
13 24 4 2 1
6 32 8 8 8
21 22 9 4 4
2 30 95 19 13
9 25 68 46 42
5 6 79 26 5
7 37 97 92 92
9 24 52 48 45
20 21 77 50 48
1 35 80 55 45
16 42 24 16 8
2 29 57 54 53
14 24 97 56 43
1 20 5 2 1
1 21 63 54 45
6 34 23 12 5
11 43 33 32 32
4 12 49 13 7
31 49 34 29 24
28 37 62 61 60
7 31 35 26 24
29 39 68 44 33
6 39 64 37 14
6 21 96 94 92
22 37 39 30 24
13 27 8 7 7
4 24 24 8 5
15 34 50 29 22
4 30 15 9 8
5 25 84 83 83
4 45 69 22 19
5 7 66 62 61
19 37 56 38 20
29 42 84 55 37
27 36 27 13 13
6 37 76 50 30
4 29 9 4 3
22 34 41 11 6
7 16 61 16 10
12 49 93 89 85
10 43 9 6 6
4 36 99 68 65
31 40 72 29 13
10 48 31 15 8
4 13 28 17 9
4 28 72 70 70
24 40 63 10 10
4 16 22 16 16
16 43 71 8 5
11 46 48 21 2
19 26 19 9 4
10 42 12 1 1
7 36 54 5 2
6 28 22 9 3
17 33 87 82 82
5 21 6 2 1
12 19 65 55 48
27 28 52 42 38
26 41 27 26 26
23 45 28 9 0
14 35 25 11 4
14 34 64 40 34
1 24 95 61 56
25 49 80 50 38
11 29 90 16 4
7 19 88 65 48
5 38 35 35 35
26 47 29 2 0
23 42 83 47 22
25 37 76 68 66
8 13 67 54 43
4 18 34 29 27
8 34 75 61 50
12 17 88 85 84
34 45 68 65 64
14 30 70 30 2
24 48 10 3 3
10 27 65 59 56
11 32 94 68 66
17 42 6 6 6
1 22 72 50 39
21 37 16 12 12
11 15 37 24 17
28 47 39 35 33
14 21 1 1 1
16 26 37 9 1
21 47 95 36 36
10 34 21 5 0
14 31 85 18 7
8 19 48 32 31
15 25 19 14 10
19 39 96 18 3
2 36 46 30 29
2 31 37 26 19
9 17 22 19 18
13 22 47 5 0
17 46 15 3 0
5 49 2 2 2
24 34 44 21 6
32 42 61 35 35
19 32 97 17 6
2 37 79 62 47
15 33 12 12 12
3 7 52 19 11
16 49 74 52 31
9 22 74 43 25
32 34 0 0 0
17 24 59 29 23
12 43 6 4 4
12 24 27 24 24
5 15 26 22 18
16 34 40 36 36
22 25 44 36 33
22 27 58 45 45
1 380
2 357
3 479
4 475
5 345
6 382
7 314
8 522
9 475
10 601
11 416
12 338
13 468
14 544
15 459
16 580
17 349
18 384
19 446
20 543
21 392
22 469
23 546
24 514
25 422
26 441
27 577
28 506
29 472
30 584
31 595
32 548
33 478
34 656
35 488
36 489
37 482
38 527
39 573
40 519
41 517
42 538
43 514
44 421
45 559
46 505
47 564
48 488
49 612
50 589
