500 1500
225 415 41 28 19
303 476 50 2 2
152 466 70 17 17
387 497 83 45 34
214 334 24 18 17
40 236 85 44 19
132 405 44 39 37
217 348 39 20 3
480 498 11 10 10
292 419 15 1 1
441 467 81 75 72
89 190 91 75 74
346 389 86 58 38
430 447 84 75 74
276 457 76 58 43
337 450 53 44 36
331 483 32 19 19
352 363 1 1 1
348 480 20 15 14
115 146 36 28 23
272 354 75 36 5
90 151 93 60 29
99 113 78 8 6
152 434 8 6 4
384 424 83 68 62
345 450 14 8 6
232 245 99 32 3
25 315 63 21 5
213 403 77 51 47
335 427 78 29 20
257 468 2 1 1
457 494 52 41 41
40 394 32 2 2
49 290 65 46 29
104 170 95 79 71
8 74 100 53 32
207 435 8 7 7
264 482 51 16 10
340 413 40 21 6
187 229 66 63 62
55 268 42 17 1
121 167 76 64 58
229 325 43 36 36
173 290 21 6 4
121 391 18 18 18
95 199 60 46 44
308 399 3 2 1
342 470 64 33 12
144 195 93 34 27
152 436 92 88 88
78 164 17 4 3
451 500 23 9 2
327 485 90 45 44
114 458 13 3 1
459 489 99 50 50
358 380 59 39 20
90 126 17 9 2
335 500 47 27 20
468 492 90 35 1
102 149 23 5 2
86 148 62 21 19
60 426 87 51 33
80 352 91 42 0
80 493 40 21 8
52 368 91 23 1
399 498 90 74 59
64 468 98 68 57
311 478 48 43 43
273 395 36 19 13
112 207 77 70 69
116 195 66 48 41
334 355 41 28 27
218 428 69 21 12
150 460 56 56 56
215 310 16 7 2
247 270 85 33 23
132 355 20 12 9
143 349 38 34 32
36 198 10 9 9
112 220 4 4 4
151 215 93 64 55
111 339 0 0 0
341 438 28 20 20
37 324 64 19 11
209 213 86 77 70
422 495 82 48 28
375 460 29 14 9
19 75 83 52 23
319 371 47 20 19
111 413 55 18 17
312 391 12 4 0
18 89 28 24 20
150 188 96 75 57
246 333 39 38 38
308 458 19 10 9
165 313 15 14 14
152 488 18 15 13
129 261 17 8 7
200 211 98 46 25
101 327 19 2 0
7 274 58 51 50
7 84 61 37 15
400 459 79 54 53
323 352 30 10 3
444 454 15 8 5
255 492 85 29 21
40 115 14 7 6
60 299 30 14 2
80 191 8 4 4
39 103 33 25 18
55 193 28 2 1
28 485 27 27 27
286 420 57 16 14
83 377 41 21 19
289 447 60 53 53
102 231 33 23 16
433 448 45 35 33
226 306 86 68 64
306 420 88 7 1
270 402 99 56 51
341 491 21 6 1
209 259 36 32 29
300 397 94 83 76
366 450 88 82 80
106 440 20 19 19
390 434 75 56 54
310 396 57 33 26
314 315 43 31 27
486 495 75 5 1
332 392 1 0 0
144 371 6 5 5
370 399 84 68 66
340 439 16 12 12
443 459 21 5 2
179 465 97 69 49
430 454 91 31 8
134 287 86 62 59
464 494 89 12 0
138 438 33 14 0
215 228 30 12 6
336 445 79 74 74
146 274 10 7 7
10 48 47 36 33
78 291 57 37 19
242 339 93 66 45
236 482 74 34 4
36 431 59 56 56
72 194 30 16 13
18 248 11 7 7
301 486 48 42 41
264 376 46 31 18
359 368 14 6 4
348 433 47 33 25
481 497 50 18 11
97 109 52 23 0
102 391 6 0 0
162 392 54 11 1
392 414 15 2 1
172 298 60 26 22
239 421 94 65 53
122 272 46 28 10
422 445 78 41 34
159 472 3 1 1
144 336 69 35 29
212 363 30 25 21
483 495 55 32 12
319 426 95 40 12
371 430 6 3 1
269 423 57 38 35
291 408 69 30 17
406 441 48 41 37
347 448 97 86 86
443 451 89 34 29
397 490 56 42 35
259 369 59 23 0
197 200 93 75 60
295 347 20 14 12
60 388 29 7 0
157 231 7 4 4
399 440 34 34 34
153 300 51 36 27
493 497 41 19 1
305 357 25 16 8
308 436 9 8 8
453 468 55 37 37
434 468 79 28 27
335 368 77 31 25
35 169 90 76 65
32 425 23 6 6
383 396 41 24 18
357 452 11 4 3
260 497 82 49 45
382 406 28 4 3
129 308 84 44 33
303 429 16 6 4
301 315 52 30 17
233 360 80 79 79
88 258 38 37 37
235 480 6 6 6
475 488 41 33 30
93 238 16 9 3
398 467 81 56 31
210 294 27 20 15
113 448 7 4 4
285 467 84 43 30
127 408 35 33 32
206 482 13 9 8
258 435 11 3 2
147 148 72 19 7
191 314 93 38 23
194 485 24 15 13
228 442 51 33 16
35 284 58 35 17
381 396 13 11 11
34 59 72 55 40
83 221 11 1 1
26 498 46 26 20
223 460 9 1 0
275 402 46 40 37
3 194 79 43 9
265 410 97 27 21
65 146 100 41 10
212 474 86 48 45
474 491 14 8 6
179 274 61 27 13
497 500 55 27 23
100 417 99 41 25
416 500 21 18 17
350 418 49 38 28
453 484 52 42 37
54 92 67 37 29
344 354 15 12 12
101 465 22 16 14
433 437 94 67 54
374 471 50 33 25
198 310 11 11 11
415 435 5 2 1
400 489 33 33 33
470 473 78 28 17
248 313 75 36 30
253 447 18 12 10
420 476 92 65 57
152 326 96 72 53
394 399 9 2 2
199 451 36 10 3
446 457 53 42 42
267 456 24 21 21
89 195 80 27 26
355 464 92 92 92
319 491 53 2 2
141 364 65 37 19
205 466 52 20 18
421 472 95 67 54
204 276 43 23 22
293 405 28 28 28
419 424 69 55 42
345 366 34 28 23
229 429 71 55 55
367 461 39 24 24
422 440 48 6 1
351 403 45 37 35
344 353 57 31 22
283 461 85 52 49
191 470 12 5 3
210 357 57 52 52
195 207 6 4 2
187 313 0 0 0
146 263 94 23 18
60 236 81 56 42
187 269 13 11 10
384 408 17 14 14
426 494 7 5 5
158 169 32 31 30
355 449 29 13 3
202 483 88 74 72
470 494 21 11 10
239 464 98 90 87
54 237 50 19 15
109 182 76 52 28
339 377 56 30 25
354 375 35 19 10
427 460 86 53 41
17 81 11 5 1
56 402 81 35 0
418 496 10 6 4
471 482 39 31 28
255 359 39 4 1
238 307 43 42 42
134 475 61 51 43
331 435 50 35 21
39 197 42 2 0
331 419 22 19 19
194 241 2 2 2
391 396 17 16 16
284 317 73 23 21
342 451 97 71 69
333 340 88 61 51
45 483 81 34 17
42 90 49 37 34
390 478 36 33 32
349 387 11 7 3
443 452 96 78 78
101 347 3 1 0
337 360 28 27 27
170 275 65 32 13
210 463 8 5 4
218 455 62 25 25
203 265 18 9 1
159 439 88 68 56
18 369 89 63 62
34 64 74 70 67
138 375 70 23 16
60 62 20 19 18
357 390 8 4 3
283 290 32 22 18
475 483 37 35 35
434 445 96 86 80
214 422 1 1 1
206 471 53 10 6
141 203 35 35 35
175 244 76 69 67
157 353 100 86 76
103 372 57 12 9
118 494 1 1 1
427 500 79 50 25
60 116 33 18 6
418 498 74 47 36
402 431 78 43 27
23 365 18 13 10
277 456 56 34 23
334 438 68 65 65
482 493 53 34 32
415 496 26 14 8
342 447 46 22 2
221 247 82 57 51
270 382 92 76 76
46 301 61 22 3
344 435 11 8 7
104 123 87 62 61
38 57 74 31 26
481 498 16 12 12
369 466 76 53 50
346 430 55 45 35
103 321 71 70 69
241 290 74 67 66
177 447 7 3 2
351 451 19 15 14
150 359 89 42 31
313 373 28 8 1
168 438 37 20 20
153 433 21 9 7
107 262 93 32 15
302 452 9 6 6
123 141 0 0 0
44 466 33 19 15
295 416 58 46 46
17 123 5 2 0
294 333 42 20 19
98 308 59 55 52
434 480 89 75 70
281 420 18 9 2
328 492 32 25 25
405 442 74 44 30
386 477 87 72 59
457 479 93 36 31
241 350 22 21 20
390 398 88 68 52
394 437 62 35 33
439 496 10 6 3
124 486 27 21 17
335 388 83 65 63
27 280 57 51 50
124 364 74 16 8
451 498 40 22 22
341 443 70 52 41
92 416 19 8 8
282 464 83 57 46
1 37 71 30 24
342 473 57 21 9
210 466 20 13 13
2 84 23 5 3
268 289 45 22 16
390 393 4 3 2
344 484 52 42 42
285 447 68 55 52
35 432 10 8 6
8 210 58 47 43
283 381 2 1 1
482 496 65 11 1
327 371 4 4 4
492 495 70 69 68
38 209 75 74 74
473 480 92 76 74
407 418 41 28 16
297 423 99 51 29
19 305 11 6 3
114 342 43 21 5
377 395 31 31 31
31 155 64 41 29
408 439 59 56 56
20 404 99 50 43
201 386 87 69 57
393 406 6 5 5
125 172 16 2 1
212 288 17 11 8
384 456 89 79 72
400 477 36 18 9
112 348 24 19 19
198 486 99 76 64
467 487 56 7 0
52 399 50 35 32
24 197 96 82 78
161 388 26 15 15
59 143 25 25 25
135 152 90 32 29
380 418 74 74 74
27 74 19 10 10
61 306 35 21 18
478 485 10 3 0
68 200 79 62 52
227 446 40 26 25
165 198 0 0 0
33 168 28 7 4
462 499 5 5 5
264 411 55 13 2
83 344 65 26 10
223 411 34 23 23
28 68 37 12 2
235 249 8 4 1
99 224 24 14 14
154 245 99 83 78
331 411 86 82 82
87 429 37 13 9
255 285 47 43 43
430 451 3 2 2
17 427 52 24 10
424 432 100 72 61
64 443 2 1 1
330 485 55 42 35
156 362 4 2 1
134 417 39 15 13
74 493 90 55 47
114 129 66 29 19
356 429 85 76 69
499 500 27 20 18
190 482 39 1 0
27 42 34 15 1
55 442 90 82 76
59 299 29 3 0
392 420 51 37 37
445 487 62 5 1
38 352 25 21 21
34 53 59 36 16
93 230 38 16 5
231 443 58 21 10
278 370 20 15 11
444 467 71 26 22
282 298 42 38 36
237 342 52 44 38
132 391 23 18 18
219 442 36 20 18
196 283 57 25 0
194 274 59 47 40
497 498 46 23 20
404 407 74 33 12
491 495 45 17 8
106 240 25 17 16
127 300 97 34 11
480 481 97 72 71
162 414 5 5 5
189 433 54 29 20
37 220 53 23 15
364 377 46 29 15
12 386 4 3 2
167 273 90 51 49
43 360 77 42 42
106 351 75 50 27
93 499 94 43 40
460 491 19 16 15
198 212 76 32 25
375 471 71 41 41
414 430 1 0 0
402 440 29 14 0
149 458 28 25 25
397 451 80 56 45
5 326 61 50 44
27 181 6 3 1
369 396 6 4 3
107 239 86 31 1
127 187 18 10 10
396 479 82 69 63
448 456 18 6 3
12 221 34 23 22
413 489 13 10 10
478 482 21 21 21
383 397 58 15 9
393 441 86 71 70
116 212 9 6 3
119 377 25 21 21
273 477 67 62 58
213 358 12 4 3
455 466 26 25 25
141 227 99 80 72
340 391 18 7 0
23 203 93 56 44
367 397 88 79 73
96 413 27 17 9
284 387 48 30 29
453 460 87 86 86
255 396 64 30 27
241 441 14 6 0
215 449 50 22 17
27 402 65 50 36
46 320 78 31 23
110 318 75 71 71
394 446 98 25 20
8 108 98 83 82
389 400 49 35 25
282 348 22 21 21
342 407 63 15 9
192 280 71 43 32
368 397 7 7 7
353 376 20 15 15
34 407 75 53 34
194 427 57 30 27
162 386 85 36 2
380 469 9 5 1
178 251 85 55 53
20 291 24 14 9
15 447 44 29 28
445 475 49 34 34
142 360 69 61 60
464 492 21 16 13
138 498 10 3 2
451 478 100 77 74
342 392 18 11 8
320 385 13 9 5
380 480 16 15 15
302 402 2 2 2
171 189 32 7 6
416 482 66 38 33
458 487 68 40 37
410 449 92 84 84
269 289 8 5 5
143 188 18 9 7
109 310 60 51 44
343 489 94 52 25
49 410 1 0 0
157 379 56 52 48
254 480 77 17 9
63 189 68 50 49
460 480 23 18 16
407 417 9 8 8
61 458 49 45 44
395 495 42 28 16
56 381 91 53 20
192 362 12 5 5
326 346 38 34 30
187 231 42 41 41
341 458 29 5 0
211 272 70 57 53
212 401 85 35 24
451 452 10 3 1
49 340 35 8 7
336 421 81 46 30
276 364 28 5 3
219 461 60 19 8
494 499 18 8 0
48 180 32 16 5
165 343 78 44 12
377 453 51 26 6
116 365 47 47 47
427 452 27 16 10
400 434 74 34 31
328 488 34 32 32
311 423 12 9 9
392 499 91 91 91
133 163 82 57 43
196 414 81 67 61
261 436 18 12 12
11 366 18 18 18
236 427 79 71 67
421 461 86 77 74
94 157 52 37 22
23 73 1 1 1
307 383 24 16 10
296 463 91 76 74
158 335 26 17 17
364 457 93 86 84
485 493 48 41 34
71 100 47 45 45
421 463 86 77 77
8 185 19 15 11
158 323 96 61 57
335 461 53 51 50
130 145 79 38 26
402 407 95 80 67
207 396 22 14 11
151 483 52 26 26
51 310 0 0 0
327 400 2 0 0
22 233 8 1 0
309 420 29 7 0
274 281 49 25 12
268 316 31 26 21
444 450 27 20 17
5 210 1 1 1
32 183 54 35 23
417 477 32 18 14
175 246 15 14 14
226 472 14 8 3
349 401 37 30 30
276 342 86 39 23
16 497 76 47 34
139 147 75 36 26
268 295 41 24 24
378 468 32 20 11
80 381 93 9 2
349 400 45 16 14
463 468 14 8 8
97 461 81 80 80
333 455 23 9 7
359 366 53 24 17
34 246 47 38 38
156 408 24 7 5
240 494 44 1 1
84 336 76 63 61
42 218 12 11 10
320 472 67 61 61
16 336 63 62 62
395 453 80 71 71
196 223 51 48 48
268 435 91 84 83
209 472 66 50 50
184 385 15 4 0
319 448 75 74 73
469 477 52 43 42
137 415 20 16 14
418 452 48 23 14
170 213 83 58 51
274 334 5 4 3
448 470 24 19 18
301 372 34 19 14
113 118 16 11 9
324 392 37 30 25
346 484 54 17 12
34 222 44 35 30
184 303 92 89 87
40 88 62 45 37
397 435 44 13 8
430 471 19 10 1
59 272 55 25 18
270 342 22 12 8
481 482 50 34 31
236 397 0 0 0
310 377 83 22 4
18 73 93 67 48
295 304 0 0 0
388 414 29 3 0
444 468 7 5 5
15 276 48 31 18
452 459 24 9 5
71 223 19 8 7
443 449 16 7 7
215 331 57 25 21
289 361 19 14 10
310 441 64 50 39
484 492 39 34 32
477 488 18 8 7
393 471 63 34 24
297 302 64 16 10
205 415 22 17 16
183 486 26 11 6
472 486 33 13 12
497 499 79 25 13
200 293 87 56 47
379 448 84 43 4
36 394 66 53 51
273 452 32 31 30
358 422 69 34 23
36 420 58 30 12
303 403 49 31 27
176 322 9 7 5
104 105 25 25 25
373 494 55 52 49
190 315 68 25 16
67 222 3 1 1
383 499 80 66 52
306 359 11 8 7
438 441 14 12 10
314 413 28 26 25
194 293 72 52 51
193 265 58 24 23
425 468 47 15 1
311 481 53 29 23
343 374 82 61 48
350 477 89 52 31
426 485 14 11 9
476 487 56 48 42
223 324 53 8 6
468 496 79 58 57
468 480 19 4 4
61 376 96 31 20
218 332 58 28 22
166 451 90 44 32
97 312 98 87 81
255 264 1 0 0
82 223 80 45 22
343 477 78 32 7
124 133 100 78 77
121 196 37 32 31
73 124 35 16 1
415 443 9 3 1
179 208 32 17 15
326 360 96 95 95
203 407 45 40 36
118 486 43 34 30
453 479 37 30 24
222 500 12 4 2
39 271 34 30 29
288 311 95 90 89
460 479 94 58 24
57 264 3 1 0
423 464 38 34 31
297 493 67 7 6
393 455 84 70 66
54 267 84 56 36
388 478 40 25 16
234 491 98 82 77
200 450 39 2 2
461 496 93 83 75
450 483 49 25 15
158 237 44 28 26
145 460 45 44 44
483 498 60 42 36
396 488 65 38 34
202 359 65 52 45
153 168 43 21 21
353 458 52 9 1
266 319 11 4 4
171 191 74 65 62
168 478 59 44 44
133 341 39 25 25
287 428 48 38 32
78 126 15 6 3
367 447 21 3 0
172 247 74 73 72
469 489 33 13 4
112 211 90 12 6
438 486 34 16 2
131 234 45 12 7
300 362 11 10 10
300 381 62 40 21
418 439 41 28 28
10 212 8 7 6
223 227 75 46 40
194 319 49 18 15
492 497 98 45 32
74 311 72 60 54
355 402 65 13 3
8 238 20 15 15
74 88 15 12 9
484 496 19 11 9
134 494 34 5 2
50 178 80 16 14
58 169 88 24 20
318 400 5 1 1
154 160 24 13 9
194 425 40 34 32
72 317 68 26 6
139 287 40 36 35
411 445 94 92 91
71 475 51 30 13
463 470 2 0 0
56 85 47 41 35
386 388 89 62 48
20 74 56 54 52
437 459 97 30 16
312 382 43 27 16
139 383 61 36 18
223 318 88 74 70
426 500 15 8 5
218 228 36 14 4
163 376 44 40 40
321 467 100 76 58
181 489 41 31 31
127 332 17 14 11
69 463 12 11 10
398 459 41 32 29
42 450 80 36 30
1 394 72 26 17
83 308 26 14 6
265 378 76 22 22
367 391 85 13 4
300 442 97 90 89
488 494 100 48 44
205 311 83 83 83
175 194 8 5 2
243 320 90 42 7
94 205 37 27 19
354 377 79 5 4
471 480 65 63 61
103 338 18 4 0
460 488 34 5 4
215 338 13 11 11
25 467 47 20 19
303 494 41 14 0
379 500 12 9 8
136 392 14 6 6
291 327 32 25 23
143 377 61 41 39
330 457 68 61 59
290 337 62 24 24
419 468 5 3 2
78 130 23 17 14
401 499 65 50 46
281 412 91 73 66
376 433 39 28 27
395 491 47 32 21
78 196 40 25 22
96 231 81 57 53
292 483 89 82 81
370 432 29 19 12
384 466 7 4 3
28 184 93 19 5
54 65 52 5 1
244 304 94 9 8
206 277 72 47 35
332 439 92 42 19
386 450 77 61 53
487 492 32 26 22
465 487 29 27 25
447 448 69 18 11
64 70 58 29 17
140 232 59 39 26
375 486 14 6 6
146 419 64 29 11
197 295 77 34 33
115 441 29 6 5
121 273 7 7 7
423 480 95 47 36
498 499 13 7 3
468 470 55 20 12
170 272 89 83 77
422 460 24 10 5
490 499 98 9 9
384 391 96 22 17
212 299 47 31 21
367 442 70 28 10
270 477 45 26 22
474 475 13 4 4
432 461 81 23 22
124 375 78 69 60
152 349 86 21 2
466 500 84 60 60
479 500 90 71 62
87 325 82 40 8
266 312 28 9 9
318 443 68 45 37
85 482 56 44 36
282 324 88 46 43
422 452 61 29 12
385 485 93 34 28
330 351 40 37 35
384 421 59 32 17
305 314 31 19 17
199 477 22 9 6
42 290 16 15 15
388 497 2 2 2
492 493 18 15 12
473 478 62 24 0
306 324 56 39 38
449 478 82 59 51
194 497 67 45 29
401 422 49 31 20
400 425 23 15 13
138 444 25 17 10
25 264 4 2 2
354 466 76 56 51
493 500 0 0 0
289 366 69 26 15
221 493 50 48 46
45 228 46 26 12
225 352 19 9 3
365 463 95 81 71
445 453 93 17 17
443 444 58 30 29
25 152 77 70 69
2 334 76 51 42
252 450 38 26 21
168 342 92 36 17
443 494 43 29 18
162 483 79 67 63
351 377 44 34 29
466 468 15 15 15
195 388 47 42 42
73 221 9 9 9
265 459 83 47 31
19 365 16 5 1
179 272 40 33 30
354 418 39 14 5
335 471 26 16 15
174 431 51 17 13
345 396 78 40 17
363 401 58 14 11
157 336 21 20 19
19 242 3 3 3
18 374 59 30 16
175 379 1 1 1
262 314 73 55 43
204 244 9 5 3
30 158 62 45 37
336 486 24 15 7
17 323 58 51 48
302 326 38 29 21
73 456 66 27 23
137 486 2 1 1
150 437 16 14 13
91 428 51 42 36
16 103 78 40 22
190 466 38 23 8
495 496 52 27 21
9 286 77 57 55
427 472 87 22 18
428 452 88 66 55
367 477 43 19 16
239 359 82 33 33
58 480 28 10 10
149 189 96 73 68
491 494 39 16 3
309 333 1 0 0
4 266 90 47 5
248 438 39 22 21
53 164 14 6 5
156 206 62 33 25
344 475 83 47 27
353 389 11 9 8
70 271 5 4 3
23 66 49 7 1
46 71 35 29 24
421 451 82 48 40
58 148 43 30 30
192 240 77 33 0
231 423 84 73 67
481 489 15 1 0
115 342 62 34 21
308 393 44 3 3
25 465 41 37 37
102 127 43 39 35
344 393 1 0 0
224 413 74 70 68
443 455 14 13 12
261 345 65 32 31
362 454 59 23 15
135 184 26 17 14
447 498 65 44 23
300 325 89 65 63
489 500 54 39 28
184 498 37 9 5
245 471 63 57 52
181 182 17 14 11
123 375 66 38 32
153 298 97 60 52
364 446 69 31 18
389 426 61 20 17
94 307 97 37 13
273 409 19 12 8
451 488 81 17 8
274 395 8 6 5
85 361 7 6 6
211 214 41 38 35
318 445 69 54 46
292 373 61 46 44
346 410 75 67 64
492 496 71 52 33
297 468 39 3 2
453 482 79 47 24
38 237 99 55 32
118 125 85 82 81
72 286 58 42 38
143 221 46 14 5
351 483 6 2 2
475 497 19 12 5
36 253 19 13 10
362 455 74 61 57
157 310 91 64 54
233 245 12 12 12
433 463 12 10 8
255 261 12 10 9
252 399 33 16 10
435 445 47 19 17
98 365 52 33 23
86 144 78 75 72
298 432 96 90 89
494 497 97 40 7
56 229 58 45 41
102 430 51 50 49
416 449 39 38 38
229 452 3 2 1
193 219 21 13 13
271 282 18 14 12
14 129 67 49 43
312 350 22 16 14
91 418 80 31 3
1 484 45 31 30
324 357 97 45 34
105 181 89 47 6
398 480 69 35 23
486 496 70 59 53
234 258 17 11 8
413 458 76 58 55
333 393 46 35 24
480 491 44 35 33
374 393 23 9 8
142 184 26 22 21
358 403 62 35 17
271 480 5 3 3
51 165 23 8 8
376 455 90 39 28
298 326 78 29 4
13 419 35 19 5
148 347 94 54 39
44 63 78 74 74
84 245 46 42 40
202 499 38 9 8
438 500 81 38 4
179 186 91 90 90
80 90 72 43 41
251 368 27 18 10
419 472 69 34 21
113 249 100 69 57
185 380 95 84 80
314 362 19 16 13
252 402 58 44 35
276 460 72 33 21
467 472 61 59 58
132 150 29 22 17
299 414 31 16 10
261 479 28 28 28
385 387 31 15 10
217 250 15 12 12
482 495 71 41 32
192 472 66 63 62
178 488 81 39 39
458 492 46 31 27
277 401 45 16 13
295 433 25 15 13
103 401 15 14 13
99 333 37 23 13
17 485 71 56 56
67 245 59 35 28
255 378 78 65 60
247 284 85 51 46
277 296 82 73 65
324 363 37 37 37
365 378 4 2 2
288 409 3 1 0
71 134 89 87 87
148 353 89 17 10
65 351 17 6 3
192 481 0 0 0
149 290 31 31 31
50 134 37 27 24
272 446 66 43 26
449 489 94 71 64
88 453 92 88 88
76 499 8 8 8
157 158 54 47 44
223 359 16 7 5
70 297 68 20 16
394 462 7 6 6
265 396 54 34 34
448 466 31 9 1
477 490 46 23 18
191 487 53 41 29
97 117 5 1 0
396 462 92 72 55
165 488 26 10 10
269 465 100 84 81
52 125 11 7 5
52 114 62 57 52
450 471 19 16 15
300 373 99 5 1
30 407 90 63 55
68 295 38 32 31
302 388 54 31 12
340 414 18 7 1
252 314 23 19 17
58 316 92 44 28
196 207 77 34 22
271 285 8 3 0
154 352 93 58 55
61 140 60 50 42
6 469 97 15 3
73 370 92 80 78
240 341 40 18 14
10 378 90 79 76
5 490 56 21 21
411 421 67 49 31
67 81 14 4 4
404 467 86 36 34
421 444 73 68 68
100 404 69 49 33
248 334 27 16 13
419 458 13 11 10
160 163 52 43 42
194 466 12 9 9
378 454 24 23 23
202 365 36 19 5
266 466 31 15 15
357 429 62 56 54
496 500 96 39 39
409 466 17 15 13
296 360 22 15 13
73 257 40 34 31
318 418 50 50 50
398 462 83 66 51
429 446 50 3 3
292 330 60 39 33
299 397 71 26 7
146 203 29 15 6
134 212 61 61 61
473 496 56 29 7
369 382 73 72 71
210 276 58 52 47
46 464 32 21 19
173 455 26 18 14
57 125 0 0 0
445 446 77 29 17
28 434 2 1 0
92 344 64 32 1
127 370 68 16 2
88 147 32 26 23
11 345 51 31 27
90 188 22 15 14
236 405 84 39 30
174 217 100 97 96
120 225 94 73 63
4 353 55 35 26
7 135 98 13 4
147 242 71 55 42
432 468 7 6 6
469 479 18 12 6
299 485 21 6 1
191 412 82 31 24
306 468 23 14 14
380 452 14 6 1
433 464 45 17 17
119 146 66 15 10
337 350 14 13 13
120 293 57 22 5
88 221 51 13 9
94 491 37 0 0
358 478 81 37 17
306 312 54 51 51
233 364 8 3 0
243 355 98 94 93
200 273 31 11 0
111 201 15 13 13
472 485 64 46 41
277 493 24 16 16
494 495 31 28 27
149 391 79 39 10
196 303 14 6 5
125 141 17 12 12
310 367 95 51 20
382 413 73 18 12
13 499 45 39 34
236 418 90 19 6
305 416 58 45 32
355 379 74 31 24
213 493 96 68 49
425 491 33 3 3
9 366 85 30 28
363 469 24 14 10
402 403 92 53 41
392 394 85 73 72
258 293 79 68 66
228 468 37 29 29
206 422 8 2 1
285 466 12 9 8
405 491 78 76 75
256 338 41 22 8
206 311 75 53 35
291 373 16 15 15
474 482 68 12 9
61 189 84 69 69
163 267 59 36 25
444 465 30 24 19
387 427 4 2 1
10 347 73 49 31
358 435 48 31 20
139 453 6 6 6
118 240 79 30 25
284 427 90 62 47
274 408 69 46 29
372 483 9 8 8
48 122 14 13 13
487 491 69 43 25
108 305 32 14 4
34 159 57 31 27
214 235 87 44 13
307 387 92 48 28
13 352 23 20 18
98 307 99 37 9
396 423 7 5 3
476 492 91 63 37
226 315 10 7 7
215 393 7 7 7
404 422 90 69 52
47 296 72 38 14
310 432 43 33 30
214 386 91 88 88
498 500 74 59 44
229 459 93 24 9
217 240 39 19 15
8 78 59 19 19
447 474 30 26 24
385 405 98 56 50
215 477 30 21 21
264 485 28 20 20
240 354 30 24 22
207 381 61 52 48
380 432 18 11 4
53 454 62 22 19
385 400 83 68 63
9 167 4 2 2
277 433 13 11 9
191 486 87 21 17
50 205 41 39 39
25 122 31 31 31
22 461 92 49 42
270 385 44 34 34
38 63 83 56 30
373 400 29 28 28
73 208 94 43 32
229 315 64 63 63
365 379 48 2 1
96 105 79 38 23
168 467 3 1 0
35 157 63 24 12
142 394 91 90 90
175 313 46 22 7
169 295 44 27 15
443 477 25 19 18
419 477 32 27 27
369 483 13 1 0
31 150 96 82 70
139 196 49 12 10
245 449 95 62 53
45 73 37 13 11
161 225 82 26 16
25 404 64 25 25
220 403 69 34 34
159 500 10 6 5
354 400 46 39 35
339 392 51 18 12
324 476 37 28 20
418 449 23 20 19
427 480 96 92 88
178 191 41 41 41
464 486 72 45 39
273 397 25 12 10
394 395 5 1 0
260 409 12 12 12
3 66 61 56 56
420 422 41 22 8
146 462 25 6 2
205 339 26 11 5
233 442 29 7 4
158 400 15 11 7
145 288 96 56 29
146 477 55 41 39
215 255 32 11 10
267 477 21 17 17
83 298 49 40 32
438 485 34 33 33
450 470 36 27 24
69 404 85 36 30
191 399 41 6 0
474 480 78 54 45
133 438 84 76 72
36 197 93 52 20
321 327 60 33 16
189 269 69 12 2
121 191 45 31 31
252 394 26 21 17
478 495 100 76 72
418 467 24 20 16
371 392 23 15 10
105 496 18 13 11
258 358 6 3 1
60 356 29 19 17
325 364 19 11 9
162 203 49 10 4
204 398 100 92 85
166 400 49 31 27
290 316 28 19 16
464 466 20 18 17
208 279 42 24 8
106 191 46 20 9
1 5 80 79 79
17 375 65 26 21
465 478 66 31 3
425 456 85 26 15
236 364 19 17 16
366 485 10 10 10
439 451 53 47 46
353 442 73 57 43
150 164 23 22 22
54 263 78 39 11
22 480 0 0 0
118 273 13 8 6
226 375 38 27 21
172 451 90 40 0
159 260 69 68 67
495 500 33 26 26
158 181 46 41 41
132 415 83 64 61
156 317 49 33 24
93 259 18 2 2
233 477 94 48 25
217 449 41 24 21
415 442 5 4 3
128 354 48 19 6
43 52 95 31 20
192 471 24 5 5
308 383 96 35 25
365 432 14 6 5
401 488 73 40 30
366 465 85 82 82
462 495 56 25 16
484 498 35 16 13
315 429 84 35 29
69 133 19 17 16
217 430 84 28 12
73 76 5 3 2
88 486 92 33 5
283 459 1 0 0
323 475 43 26 18
440 486 11 11 11
439 484 11 2 1
277 311 61 28 12
175 269 41 12 5
342 358 16 15 14
430 463 47 26 11
455 494 66 66 66
446 492 78 49 33
153 475 91 43 17
231 425 68 54 40
362 432 34 28 26
324 422 89 84 84
76 451 86 70 70
298 325 81 7 2
218 240 100 98 97
13 68 55 17 15
68 307 52 39 29
52 309 52 26 13
125 423 96 71 64
137 391 30 9 9
138 443 40 28 16
224 396 43 26 21
465 466 8 4 1
19 265 80 65 61
50 114 50 47 47
476 481 18 10 4
466 488 91 36 30
28 245 63 21 16
191 277 65 10 6
115 320 57 18 17
26 366 55 31 15
435 490 1 0 0
197 247 20 9 5
262 380 37 31 28
135 203 45 28 13
48 135 37 35 33
180 346 78 11 6
293 295 97 79 67
340 373 75 44 33
144 418 69 26 3
398 441 25 10 5
476 490 30 24 20
215 498 46 28 10
302 493 25 23 22
334 500 44 36 34
47 115 1 1 1
408 483 38 28 24
314 475 23 12 10
63 305 39 19 19
160 456 85 49 30
220 428 96 59 23
38 121 58 53 52
380 414 10 6 5
88 117 61 52 46
358 470 38 10 5
234 493 3 2 2
232 256 20 20 20
258 295 24 0 0
462 492 68 54 42
210 284 47 12 5
403 467 84 71 66
1 343 91 89 89
251 259 91 51 32
181 276 53 26 25
363 415 8 5 2
284 486 16 7 2
194 197 7 6 6
119 185 90 66 64
307 454 44 42 42
432 500 71 32 26
170 217 44 37 34
153 166 30 16 14
335 346 3 1 1
209 487 16 10 10
76 248 24 5 5
386 411 31 22 15
434 466 7 4 4
59 194 17 8 7
331 495 99 26 22
184 401 64 50 42
454 485 21 17 14
283 288 46 38 38
258 305 79 61 50
139 495 39 20 20
360 464 59 30 18
163 465 35 16 6
213 328 48 43 41
255 279 20 19 18
96 390 89 44 43
30 487 61 54 52
319 417 35 29 28
357 475 27 23 22
40 163 26 7 3
281 379 31 13 11
295 467 83 49 27
228 447 94 59 45
34 250 69 51 36
325 398 58 38 24
427 431 87 33 20
251 377 1 1 1
386 452 73 6 2
281 288 80 62 50
470 491 69 26 15
123 192 78 13 8
403 416 95 79 70
169 175 13 10 10
8 371 78 56 46
250 327 84 43 37
19 37 9 7 5
85 304 46 37 31
422 467 72 60 59
18 187 81 39 33
373 404 46 15 5
401 408 100 78 63
172 269 82 5 5
209 474 2 1 1
431 496 72 12 5
181 382 91 39 8
173 462 54 31 11
266 322 91 73 68
463 486 21 4 2
173 210 63 51 43
184 236 51 48 47
340 423 50 35 30
496 499 67 66 66
396 451 89 88 88
468 486 28 17 17
481 487 1 1 1
389 473 14 14 14
30 281 32 23 14
123 396 100 36 5
256 385 26 6 2
307 463 3 3 3
275 334 80 31 5
374 408 67 47 43
301 336 71 38 22
414 475 90 86 82
83 383 77 37 1
386 418 45 26 7
445 481 48 40 35
53 257 7 3 3
226 235 69 33 19
40 254 29 13 3
241 333 60 43 41
405 469 0 0 0
133 283 38 23 23
230 321 90 32 5
21 141 78 27 1
74 354 39 24 13
446 449 13 8 7
160 398 0 0 0
4 189 85 8 5
395 462 23 8 2
226 267 17 11 6
169 218 65 55 50
84 152 75 7 6
385 453 29 28 28
360 481 25 20 17
355 448 81 59 48
493 499 36 17 9
1 60
2 29
3 37
4 94
5 27
6 39
7 73
8 92
9 36
10 35
11 11
12 7
13 45
14 11
15 23
16 49
17 63
18 82
19 52
20 39
21 38
22 29
23 49
24 9
25 66
26 32
27 41
28 83
29 0
30 44
31 31
32 24
33 12
34 104
35 60
36 73
37 74
38 90
39 32
40 90
41 0
42 49
43 55
44 11
45 65
46 67
47 27
48 23
49 33
50 39
51 7
52 115
53 48
54 117
55 42
56 89
57 26
58 84
59 53
60 95
61 71
62 1
63 45
64 43
65 79
66 29
67 21
68 65
69 29
70 48
71 33
72 48
73 121
74 86
75 30
76 21
77 0
78 63
79 0
80 124
81 9
82 29
83 100
84 70
85 23
86 23
87 50
88 95
89 38
90 65
91 45
92 56
93 60
94 87
95 8
96 73
97 37
98 62
99 53
100 56
101 15
102 28
103 69
104 23
105 74
106 47
107 79
108 22
109 57
110 1
111 19
112 45
113 67
114 55
115 66
116 28
117 9
118 39
119 40
120 41
121 20
122 18
123 114
124 79
125 29
126 13
127 88
128 20
129 63
130 31
131 19
132 28
133 55
134 59
135 106
136 3
137 13
138 66
139 80
140 25
141 77
142 7
143 41
144 92
145 60
146 182
147 78
148 131
149 60
150 68
151 63
152 167
153 95
154 37
155 17
156 42
157 81
158 59
159 33
160 39
161 40
162 97
163 67
164 11
165 49
166 44
167 29
168 78
169 66
170 68
171 18
172 110
173 46
174 20
175 49
176 2
177 2
178 73
179 62
180 44
181 111
182 27
183 25
184 94
185 24
186 0
187 29
188 29
189 131
190 62
191 192
192 109
193 36
194 138
195 76
196 103
197 113
198 41
199 33
200 123
201 15
202 49
203 85
204 22
205 40
206 85
207 43
208 55
209 22
210 56
211 85
212 102
213 73
214 44
215 105
216 0
217 86
218 95
219 40
220 74
221 71
222 13
223 99
224 17
225 64
226 56
227 39
228 90
229 65
230 59
231 68
232 63
233 56
234 36
235 64
236 168
237 67
238 9
239 91
240 122
241 20
242 38
243 44
244 60
245 132
246 5
247 75
248 52
249 26
250 41
251 56
252 38
253 8
254 47
255 92
256 29
257 7
258 45
259 70
260 18
261 25
262 57
263 69
264 71
265 136
266 74
267 49
268 51
269 123
270 87
271 11
272 110
273 66
274 80
275 67
276 132
277 120
278 4
279 17
280 22
281 73
282 51
283 67
284 129
285 42
286 42
287 24
288 62
289 47
290 63
291 57
292 33
293 80
294 14
295 116
296 50
297 139
298 143
299 96
300 157
301 84
302 56
303 67
304 54
305 70
306 82
307 139
308 102
309 34
310 145
311 75
312 42
313 53
314 78
315 107
316 47
317 67
318 40
319 105
320 99
321 85
322 13
323 48
324 129
325 118
326 80
327 80
328 7
329 0
330 29
331 78
332 57
333 72
334 76
335 90
336 90
337 25
338 26
339 67
340 97
341 66
342 245
343 121
344 114
345 70
346 106
347 57
348 35
349 64
350 46
351 51
352 92
353 126
354 161
355 99
356 13
357 57
358 133
359 117
360 50
361 5
362 43
363 36
364 127
365 87
366 103
367 144
368 87
369 65
370 61
371 39
372 33
373 106
374 73
375 121
376 85
377 153
378 51
379 108
380 52
381 107
382 109
383 153
384 84
385 104
386 164
387 82
388 97
389 59
390 55
391 147
392 86
393 73
394 119
395 56
396 200
397 129
398 122
399 68
400 111
401 152
402 197
403 119
404 176
405 79
406 17
407 125
408 94
409 9
410 43
411 61
412 45
413 92
414 57
415 47
416 58
417 64
418 219
419 90
420 158
421 136
422 190
423 115
424 42
425 97
426 95
427 220
428 97
429 95
430 120
431 110
432 108
433 86
434 78
435 75
436 4
437 81
438 102
439 77
440 37
441 62
442 116
443 161
444 62
445 177
446 176
447 137
448 124
449 103
450 108
451 258
452 144
453 125
454 95
455 81
456 119
457 68
458 93
459 171
460 127
461 115
462 111
463 61
464 137
465 98
466 175
467 215
468 207
469 82
470 144
471 111
472 118
473 118
474 79
475 143
476 92
477 220
478 163
479 103
480 167
481 83
482 242
483 141
484 64
485 125
486 248
487 133
488 186
489 113
490 86
491 192
492 219
493 157
494 230
495 244
496 213
497 271
498 176
499 179
500 238
