300 5000
156 257 100 57 48
162 247 35 25 22
134 282 54 17 9
213 279 89 68 58
286 300 60 9 9
69 202 86 65 55
125 256 77 17 11
247 269 37 18 6
151 216 89 43 40
132 277 78 47 38
60 252 16 3 1
134 156 62 19 1
228 244 39 24 15
120 270 99 58 55
111 137 32 17 16
104 217 7 6 5
37 124 22 16 11
157 170 31 17 7
53 267 64 38 23
247 294 4 2 2
86 284 35 34 34
89 113 80 41 9
169 230 40 33 26
122 154 21 10 9
265 291 38 11 11
7 253 8 6 5
258 297 33 33 33
278 287 10 8 7
67 178 11 8 8
133 172 95 66 52
260 264 38 35 35
28 262 88 75 71
272 293 97 42 19
57 287 1 1 1
277 282 40 26 25
159 253 42 33 30
50 148 30 24 22
122 195 21 15 13
248 266 73 56 55
285 287 46 30 26
15 205 93 48 36
118 295 76 70 69
44 164 50 29 11
262 292 14 5 4
223 276 74 56 44
174 275 71 28 5
194 250 20 19 19
145 196 74 56 52
84 139 44 32 20
225 276 40 21 9
242 273 29 17 6
76 219 54 10 0
47 219 29 22 22
180 238 52 26 6
18 164 26 17 15
88 200 48 42 41
124 140 83 50 42
3 295 93 74 72
212 270 62 24 20
54 250 37 30 26
262 299 86 81 79
226 289 79 57 51
108 169 36 35 35
60 146 50 48 48
47 66 42 31 28
215 225 0 0 0
51 196 8 7 7
226 292 91 64 47
278 285 84 53 31
296 299 89 58 57
20 72 40 32 29
115 257 56 48 42
291 298 91 51 49
61 255 57 23 14
284 295 88 31 27
81 166 4 0 0
29 118 16 7 4
264 269 31 21 18
40 56 11 8 7
213 274 18 16 14
100 194 22 16 13
216 254 47 23 20
280 300 19 12 6
54 192 69 64 64
95 257 46 43 41
262 278 94 64 63
179 288 85 40 20
192 273 97 92 91
10 124 36 13 1
281 293 73 65 63
144 286 58 29 15
125 188 32 5 1
89 192 25 6 5
178 285 72 31 27
109 220 96 83 79
258 273 81 13 1
252 269 9 4 2
172 240 32 20 18
9 300 37 34 32
186 252 47 23 20
215 297 77 58 58
95 117 7 5 3
189 284 2 0 0
97 260 38 33 33
80 233 45 4 1
213 218 23 11 5
12 119 59 55 54
95 232 65 8 4
107 282 5 2 2
82 297 94 89 84
258 287 61 61 61
84 117 29 23 20
149 243 25 15 10
192 211 22 16 14
35 151 60 24 14
188 281 72 50 41
108 285 8 4 4
119 296 17 17 17
85 215 66 50 39
277 286 92 60 31
77 193 92 69 69
273 299 70 46 46
49 113 52 14 3
132 242 20 13 10
146 246 30 8 2
183 282 91 72 55
172 259 70 15 14
176 232 90 66 66
247 278 86 63 59
188 197 7 5 3
243 271 84 44 7
126 220 45 16 10
106 256 100 56 14
119 291 55 16 11
283 292 44 44 44
171 216 40 40 40
272 290 81 22 20
99 272 41 28 20
42 268 21 7 4
257 299 39 23 8
103 192 65 40 36
136 210 72 38 33
67 125 3 1 0
260 277 35 25 21
183 254 54 28 21
165 275 83 15 5
44 282 28 5 3
222 237 92 71 70
270 273 25 3 3
246 256 59 37 36
284 297 95 58 50
228 261 76 15 8
230 266 61 46 41
111 149 90 83 83
66 119 9 9 9
261 299 9 8 8
189 274 72 56 56
195 201 74 36 26
281 286 9 7 7
183 231 13 11 11
98 161 19 11 11
29 127 11 9 7
62 277 62 26 18
246 265 9 2 2
62 96 29 13 10
139 298 10 7 5
169 231 17 9 6
261 265 96 91 88
51 197 17 12 11
68 205 6 5 5
179 262 12 6 3
70 177 8 5 5
165 239 27 10 4
55 270 59 35 28
256 294 64 62 61
78 170 42 35 31
98 180 39 17 5
32 181 45 31 17
14 184 34 3 0
56 249 13 9 7
124 176 34 28 26
135 151 25 9 4
67 195 55 28 25
287 291 27 21 21
59 298 25 18 16
194 231 15 9 9
38 149 30 24 18
265 282 1 0 0
284 299 18 5 0
177 239 1 1 1
266 278 44 23 19
214 230 60 40 39
168 267 60 35 15
64 273 50 50 50
130 189 11 11 11
184 267 67 38 10
243 298 72 51 30
281 290 42 16 10
189 206 52 15 7
37 127 40 9 7
51 276 8 4 3
53 87 54 32 20
237 268 90 20 17
194 260 33 26 23
7 270 24 10 4
73 162 0 0 0
246 295 10 7 5
162 172 81 25 22
12 35 56 45 45
282 297 90 37 36
155 241 49 42 40
244 254 54 48 44
256 290 56 38 28
230 258 24 3 2
54 258 55 18 4
22 248 81 81 81
164 237 80 57 49
214 231 98 71 53
9 176 55 48 43
105 141 61 34 22
15 275 31 11 4
204 206 57 46 36
239 295 62 30 15
139 275 65 41 26
120 249 100 78 67
175 254 25 16 16
69 189 76 28 17
246 272 75 65 62
104 275 90 40 14
201 258 99 43 31
130 176 90 26 5
276 293 62 20 17
148 153 64 46 34
67 100 11 10 10
135 137 71 28 12
237 289 87 11 1
140 236 42 26 16
123 281 2 0 0
35 190 68 43 32
286 287 30 15 2
216 261 41 35 34
69 218 100 42 29
268 285 82 75 69
219 251 83 19 3
17 181 10 3 0
216 257 50 20 11
287 289 29 6 2
111 286 9 2 1
163 179 6 2 2
275 288 20 16 14
215 263 7 3 1
21 194 85 49 18
187 244 68 39 19
267 272 33 23 20
294 296 16 4 0
271 298 99 96 93
239 249 47 34 33
244 255 94 51 11
10 249 24 14 12
92 158 15 12 12
272 289 0 0 0
38 63 94 84 75
168 193 57 48 44
174 241 16 8 0
297 299 9 6 5
250 272 15 7 7
182 216 22 9 3
170 260 38 30 29
260 274 22 16 16
216 245 77 59 56
289 297 4 2 2
50 170 9 0 0
204 233 8 8 8
43 195 24 10 5
26 179 51 21 9
288 289 54 33 18
264 265 98 46 31
123 181 27 27 27
15 84 16 12 12
261 264 97 28 26
168 232 14 8 7
108 283 96 85 81
275 291 67 62 58
90 130 48 16 2
213 245 99 38 29
1 168 55 24 16
62 252 33 4 1
96 116 74 66 66
143 227 99 53 43
180 279 50 20 18
107 280 34 29 27
267 289 75 47 22
282 295 74 56 53
87 120 56 23 18
8 188 36 18 13
160 243 89 56 38
259 296 64 37 30
271 282 18 5 0
171 187 99 84 84
255 289 87 32 11
268 271 46 37 31
209 223 75 67 62
80 248 56 40 24
171 205 75 6 2
183 225 25 9 1
140 252 56 55 55
208 276 67 55 54
212 252 20 13 8
33 174 50 48 47
180 225 5 1 1
164 182 7 5 3
34 105 59 26 15
147 169 95 64 49
11 159 62 45 41
268 287 4 2 1
214 288 61 31 17
19 101 3 0 0
45 94 22 18 18
196 214 55 47 41
197 244 19 18 18
233 259 16 5 2
60 148 80 52 33
6 183 31 12 12
184 298 26 13 12
241 251 77 63 61
299 300 42 26 18
203 222 87 80 73
46 259 70 68 67
41 186 66 48 48
46 252 64 50 47
69 93 82 71 63
256 260 61 57 54
156 289 35 11 5
13 210 25 23 23
290 296 79 45 36
178 276 34 24 18
91 211 66 37 35
140 179 17 12 10
221 270 6 4 2
205 217 35 7 2
124 278 56 11 8
140 292 94 30 30
234 238 74 44 34
153 234 46 17 7
197 279 26 25 25
202 214 38 28 25
227 243 74 22 2
269 285 55 24 0
232 288 33 31 31
74 291 86 58 55
106 115 63 44 41
144 183 43 33 27
186 275 90 43 39
228 289 38 10 3
26 270 39 19 17
223 290 15 9 5
210 266 15 9 3
153 235 10 9 8
4 130 87 35 12
151 159 29 22 21
156 236 2 2 2
153 270 83 58 55
289 298 37 25 18
37 297 43 37 37
198 260 52 46 45
219 249 22 15 8
224 280 83 58 52
174 199 64 61 61
197 266 62 56 53
76 128 52 31 30
120 281 97 35 30
285 297 46 27 11
151 272 41 39 37
254 270 7 7 7
65 81 24 19 14
199 296 2 1 0
7 263 74 59 52
261 281 60 30 7
31 208 75 56 37
85 218 91 62 62
253 255 75 68 62
91 108 100 73 46
47 215 14 12 11
258 270 44 40 37
289 299 70 70 70
229 238 2 2 2
238 259 33 27 25
173 225 65 60 60
286 291 25 16 13
11 87 88 34 15
44 289 14 7 6
227 242 78 10 5
162 267 92 70 67
141 244 14 8 8
36 267 1 0 0
244 262 55 46 38
104 299 94 75 64
237 256 4 3 2
162 274 50 27 20
60 234 59 10 7
90 248 74 40 39
104 155 25 8 1
168 235 77 62 54
7 49 81 20 3
207 283 25 2 2
77 131 84 56 54
257 275 4 4 4
296 300 90 14 11
147 231 52 19 16
205 248 87 45 36
112 228 21 13 11
226 278 90 73 65
166 291 59 47 41
287 296 27 15 11
295 299 38 30 30
214 254 35 11 11
196 246 6 1 1
46 275 39 22 14
21 233 95 70 69
120 172 6 5 5
43 70 89 33 20
189 267 44 33 29
255 287 92 57 48
69 187 89 30 3
1 174 74 17 0
22 77 65 58 53
173 239 65 50 39
147 209 15 8 1
20 99 36 30 28
95 111 69 4 3
83 280 4 1 1
144 243 42 39 39
65 224 0 0 0
164 169 64 44 37
150 266 64 24 24
296 297 52 40 33
128 214 26 24 24
37 115 58 10 4
27 188 21 10 0
52 116 59 46 43
206 264 97 84 80
22 83 6 3 1
14 282 68 52 36
142 205 29 14 8
81 247 18 4 1
256 275 88 67 53
52 276 32 31 31
206 275 39 28 26
31 132 39 33 32
116 141 94 23 9
94 185 87 26 18
141 178 29 19 19
168 266 4 3 3
86 115 0 0 0
184 256 66 25 19
225 284 14 5 4
208 283 45 43 42
122 212 58 31 8
114 202 100 85 70
66 121 52 20 9
84 254 69 19 15
143 287 65 48 31
191 277 97 12 6
291 292 3 2 2
266 283 46 24 14
281 300 81 31 31
294 300 37 5 5
273 286 18 4 4
210 257 47 38 36
241 244 59 53 51
207 300 72 53 51
35 62 46 36 30
215 227 12 3 1
287 297 21 11 6
65 235 47 27 24
247 299 83 47 19
63 172 78 48 47
59 251 65 28 28
38 244 90 80 79
150 198 85 46 32
27 186 10 3 3
186 284 40 10 9
106 215 22 17 12
157 240 54 30 25
134 239 72 58 57
283 293 9 4 4
139 160 51 38 35
229 230 10 4 0
190 245 98 32 29
209 238 28 25 22
220 255 51 49 47
113 293 85 33 16
186 271 76 66 66
292 294 66 53 47
277 296 77 73 72
49 219 17 8 6
107 186 39 22 21
163 252 5 4 4
187 196 58 42 33
213 254 96 74 70
124 193 51 33 28
138 206 53 40 33
203 204 73 37 20
264 273 46 28 27
79 132 28 9 4
4 288 42 27 12
211 225 75 41 37
247 271 23 6 5
152 171 9 5 3
281 292 64 47 31
157 198 25 21 17
211 223 78 75 72
117 214 65 43 35
115 295 72 20 10
16 61 24 11 8
215 296 31 20 18
110 293 42 13 4
134 275 74 30 6
97 115 4 1 1
254 259 43 9 4
233 295 37 20 12
66 211 68 51 39
268 298 67 50 37
78 263 56 49 49
233 277 34 6 6
83 232 86 57 41
50 65 8 8 8
33 50 0 0 0
76 122 30 15 6
232 251 52 39 38
61 168 2 0 0
260 262 89 81 78
63 212 81 59 45
12 264 58 26 16
4 22 86 40 3
65 283 43 25 12
35 197 99 48 17
158 190 99 29 15
252 276 61 38 31
102 276 85 77 72
169 233 64 42 32
192 272 46 41 40
124 138 44 31 19
161 228 79 19 2
292 293 79 17 16
41 297 51 34 28
170 282 99 32 31
162 207 98 58 54
75 188 0 0 0
283 286 71 59 58
85 273 60 50 47
8 113 7 6 5
88 118 53 27 9
110 175 34 31 31
243 244 34 4 1
138 295 42 35 34
227 249 43 3 2
263 290 78 75 75
7 167 82 82 82
92 291 41 37 33
162 230 27 25 25
246 248 61 59 58
260 269 75 44 42
180 242 23 16 16
8 135 2 1 1
154 253 67 15 0
142 285 69 38 24
181 237 36 35 34
133 283 54 44 40
49 145 78 76 74
182 240 27 13 1
168 174 18 9 7
31 268 11 3 2
144 235 1 1 1
48 56 45 18 15
89 206 69 36 31
165 270 64 29 9
247 262 17 4 4
200 292 55 30 20
251 260 82 41 22
136 279 100 100 100
174 280 36 27 27
184 249 83 21 1
126 200 95 44 14
185 249 94 51 28
53 70 9 5 2
267 270 39 19 6
234 243 73 37 19
46 178 11 7 4
70 174 49 19 11
34 155 35 4 3
190 203 91 59 43
19 102 75 47 35
43 210 76 66 56
189 244 54 36 28
21 237 0 0 0
34 296 29 11 2
68 211 98 54 37
282 291 31 13 4
270 296 78 70 68
75 125 23 19 19
16 26 45 16 9
3 72 83 82 82
16 186 44 16 0
112 114 68 14 11
217 272 80 51 44
139 261 56 29 23
291 297 49 36 33
275 299 99 53 17
208 264 6 3 1
232 281 27 13 8
141 159 40 30 29
2 258 32 21 10
19 289 69 17 14
111 294 52 35 26
191 284 16 1 0
103 211 99 17 8
61 171 5 5 5
118 277 96 75 74
197 242 22 22 22
280 283 31 25 21
230 231 79 35 16
56 208 58 30 25
149 217 2 1 0
242 251 8 2 2
200 271 96 84 74
188 271 24 9 8
216 225 79 61 50
298 300 92 89 86
288 296 22 18 17
32 126 90 78 70
183 286 70 68 68
245 276 68 65 65
178 216 78 41 24
175 277 48 9 9
264 298 93 75 69
149 179 24 16 8
98 157 35 10 4
3 262 53 45 39
249 269 28 25 25
283 298 37 25 18
148 218 78 71 68
295 297 35 34 33
83 198 72 13 3
12 126 75 41 10
281 282 8 6 4
20 57 77 74 71
144 247 39 31 24
200 212 49 44 44
10 220 93 11 8
150 201 57 34 17
95 295 20 20 20
91 188 2 1 1
63 225 24 10 4
142 175 63 29 4
117 264 28 13 4
78 291 80 59 42
202 211 95 33 17
206 237 80 76 76
252 273 39 18 15
133 258 82 28 28
44 264 18 14 10
114 144 36 30 26
253 296 71 63 57
33 87 96 45 5
142 154 40 28 21
245 292 34 12 3
119 185 64 58 58
151 232 60 32 32
129 165 36 14 8
203 239 84 42 23
121 181 26 5 2
57 300 18 15 14
258 268 45 35 26
93 216 96 51 50
150 161 38 37 37
115 272 27 16 5
36 291 41 29 28
125 170 89 45 37
29 294 84 77 72
20 124 49 8 2
61 188 22 6 1
16 157 4 3 2
50 139 76 36 23
19 72 19 10 5
54 199 65 28 12
289 294 47 14 14
86 190 17 12 8
39 292 7 7 7
268 275 36 32 30
183 238 97 92 88
244 257 98 57 36
69 205 22 18 18
121 167 61 28 27
234 249 96 56 50
74 274 33 18 11
8 220 17 9 3
262 269 16 9 9
32 215 99 50 37
190 219 79 58 46
50 144 77 49 43
18 118 80 71 68
117 128 66 52 44
138 173 87 81 78
234 272 8 6 6
40 279 7 7 7
11 294 96 47 6
155 210 2 2 2
181 263 16 13 13
72 125 49 27 22
279 283 18 5 3
77 251 53 41 38
30 187 39 30 30
110 296 22 15 11
20 277 26 15 14
111 168 55 32 13
168 272 10 7 4
194 203 58 39 23
82 214 79 45 38
70 184 22 12 10
7 132 12 5 0
148 258 58 30 6
35 218 57 10 1
211 230 40 12 6
209 257 56 30 15
186 287 9 8 8
257 280 71 27 1
176 189 69 58 55
73 170 7 2 2
195 241 43 22 19
268 291 86 56 47
45 223 80 74 68
290 294 9 8 7
26 141 12 10 10
191 275 87 20 16
80 181 67 44 38
165 185 12 8 8
46 192 6 4 3
281 297 3 2 1
148 283 53 42 35
163 266 64 24 2
86 123 93 68 61
223 240 39 36 36
204 265 52 39 29
297 300 70 2 1
17 185 38 20 14
277 290 7 4 4
224 227 77 61 46
141 269 51 21 5
288 293 59 27 16
138 257 77 71 71
32 285 59 34 20
277 279 41 16 6
55 64 84 45 42
151 214 82 49 32
169 288 48 30 12
256 266 17 12 9
32 130 7 0 0
134 194 21 11 1
293 295 46 17 15
109 225 41 14 8
5 156 88 39 33
150 165 71 27 22
110 119 43 36 32
125 182 32 31 30
7 163 19 12 8
7 16 63 19 15
52 292 62 34 25
121 170 9 8 7
254 274 16 7 0
92 259 55 52 50
56 76 78 78 78
259 267 93 59 42
228 258 10 6 6
70 179 48 47 46
100 238 69 58 55
269 296 81 72 66
63 207 33 23 13
288 295 45 29 22
231 235 45 41 40
183 210 82 37 37
211 232 32 22 19
231 280 40 29 23
279 288 63 51 43
264 274 30 17 11
94 147 98 93 93
30 54 2 2 2
42 52 58 52 52
77 225 31 31 31
243 273 16 11 9
131 259 34 10 0
98 296 25 18 18
159 223 0 0 0
73 247 2 2 2
204 219 48 9 1
185 220 68 43 33
59 126 40 19 9
93 269 89 38 9
283 285 30 9 9
281 296 96 73 67
114 129 93 88 86
219 230 6 3 3
90 93 58 29 27
71 88 25 23 21
273 294 52 35 28
73 293 94 19 12
12 56 39 30 25
122 222 17 4 1
31 165 5 4 4
289 300 73 43 34
92 211 95 71 55
273 300 18 11 10
285 294 68 62 62
283 289 82 59 37
30 35 11 9 7
42 237 19 17 15
31 40 94 85 77
207 275 89 70 61
212 253 88 3 3
27 281 49 32 23
187 235 36 21 11
78 261 65 13 12
271 273 64 33 4
74 299 60 33 15
206 281 43 1 0
87 299 75 39 32
34 67 28 17 15
147 153 24 17 14
240 271 31 3 2
173 188 30 20 11
168 211 53 30 21
220 285 31 28 28
6 93 60 31 13
102 191 88 77 76
199 226 78 53 41
170 219 79 22 20
270 280 30 13 11
72 126 87 47 7
228 265 74 28 25
46 147 20 14 14
163 186 2 1 0
77 168 64 42 24
165 212 8 6 5
179 208 13 8 4
298 299 79 62 60
285 289 44 37 37
209 282 90 37 24
105 288 61 31 26
55 251 9 1 1
26 191 59 31 19
173 286 100 28 10
112 265 83 49 37
198 210 64 56 56
72 189 9 5 3
35 219 34 28 24
36 104 95 86 85
125 248 34 32 30
99 280 2 1 1
71 292 77 53 53
151 298 35 19 14
159 266 32 17 13
32 114 53 20 15
118 217 52 48 47
208 213 83 45 11
70 211 27 17 8
7 186 2 1 1
255 299 85 74 67
103 120 49 23 8
100 126 89 67 65
221 273 62 38 32
262 300 67 41 30
78 231 1 0 0
96 240 28 18 17
131 150 55 46 40
133 295 51 23 17
65 103 31 18 16
107 261 69 67 67
284 289 96 68 59
227 290 100 63 42
3 102 76 48 31
84 136 4 2 2
245 258 3 0 0
150 214 56 54 52
144 224 89 28 6
215 275 71 26 8
168 295 94 76 69
116 199 45 38 38
175 242 13 12 11
50 159 41 33 28
232 233 75 43 23
163 267 91 8 5
78 257 77 40 39
288 300 27 27 27
292 299 73 49 44
120 190 81 26 7
71 289 45 34 31
42 249 91 76 74
103 159 97 85 83
286 298 52 40 37
51 55 4 2 2
88 286 45 42 41
193 284 84 51 42
226 264 81 66 59
7 76 79 72 66
95 299 64 33 31
22 87 28 25 25
46 113 10 5 2
52 59 21 4 2
175 263 56 31 18
285 298 2 1 0
162 186 61 26 0
232 239 75 29 11
170 251 85 73 70
226 273 24 12 12
140 162 89 86 86
195 276 86 29 6
62 126 92 58 49
10 64 89 84 80
124 237 54 15 9
89 162 65 24 20
82 87 45 17 17
280 294 51 38 36
254 278 58 33 21
179 203 68 55 47
268 282 69 41 29
193 226 44 24 24
203 256 63 21 10
205 234 39 24 17
211 273 2 2 2
293 299 9 4 1
188 270 30 15 2
295 298 94 42 8
256 257 65 4 3
15 47 50 37 36
291 294 7 4 3
97 139 8 7 6
225 283 30 15 0
34 60 17 16 16
207 271 56 17 17
115 158 98 95 92
266 293 20 12 12
190 231 51 39 34
154 272 4 1 0
191 206 91 21 7
97 137 36 16 0
113 169 66 65 64
190 271 15 10 5
79 143 27 6 6
118 208 94 54 16
131 264 1 0 0
29 205 8 7 6
171 259 21 20 19
23 151 23 15 14
279 285 73 28 28
96 246 68 42 21
45 155 29 17 17
283 300 12 9 9
140 197 47 45 43
248 291 26 7 3
294 298 77 44 18
214 228 36 34 34
134 257 4 1 1
167 196 66 62 58
56 214 40 10 7
132 283 65 44 38
275 283 60 42 29
53 215 66 29 16
29 190 59 26 10
129 262 49 22 9
293 300 75 29 18
29 198 65 46 44
216 239 54 29 4
40 159 25 20 20
273 284 26 19 16
53 281 77 65 56
163 300 7 2 0
83 145 88 69 67
115 213 72 55 45
257 277 79 24 5
245 265 93 71 52
222 267 28 6 2
274 296 56 32 8
48 204 33 18 15
83 278 44 41 39
107 224 98 40 18
48 208 91 67 57
265 300 55 34 20
31 166 69 22 21
202 253 44 22 13
215 277 91 39 37
51 203 94 61 42
59 254 72 66 62
116 243 45 30 27
168 238 96 54 51
26 245 78 31 17
154 231 25 5 5
112 249 18 18 18
264 285 3 0 0
98 195 23 19 18
142 269 12 11 11
284 288 85 60 40
277 287 94 82 78
209 253 92 35 34
8 117 20 12 9
80 266 90 46 42
12 115 44 42 41
292 295 47 37 29
73 164 84 53 48
171 283 34 30 28
11 65 46 19 5
176 286 25 17 16
135 279 16 10 6
111 268 33 15 2
114 295 63 17 11
77 139 31 14 6
39 174 19 19 19
25 56 0 0 0
262 295 46 41 39
227 288 97 39 33
260 289 85 42 6
135 290 99 85 71
229 281 18 12 8
117 139 31 30 30
225 246 39 31 28
28 159 92 47 4
228 268 37 30 23
192 251 48 28 25
279 296 28 25 23
118 229 47 27 14
214 253 58 49 43
66 219 18 9 4
32 298 5 5 5
10 132 42 1 0
161 297 38 19 5
162 193 60 24 1
7 47 42 14 6
100 259 41 19 0
120 245 65 48 46
266 286 5 5 5
237 250 63 47 43
69 70 93 51 18
101 258 81 44 21
207 247 12 4 4
65 72 7 7 7
259 283 63 33 20
81 152 98 46 32
270 274 68 32 19
286 293 36 9 2
58 280 80 60 41
59 138 95 88 88
192 258 57 15 3
207 259 42 36 34
171 287 46 9 0
224 251 55 29 23
249 256 42 42 42
39 126 73 51 46
134 150 94 58 44
53 227 76 36 28
164 273 7 5 3
4 223 38 19 10
11 39 39 27 16
160 290 21 16 15
113 174 84 41 41
45 169 88 12 3
213 293 58 37 30
4 39 25 6 5
12 181 77 45 45
219 287 76 75 74
48 207 20 16 15
104 226 76 71 67
81 106 54 49 46
245 291 45 14 6
159 195 0 0 0
66 123 31 24 22
13 33 24 12 2
45 181 72 43 38
48 70 39 20 13
13 270 90 79 71
250 295 56 14 7
157 277 10 10 10
18 217 12 12 12
221 277 95 42 37
98 140 100 49 43
248 283 44 34 34
64 119 36 10 5
158 214 21 6 1
94 177 76 46 36
121 174 44 33 27
43 173 17 14 13
257 298 50 7 4
191 207 31 27 27
165 271 22 0 0
120 286 29 26 26
70 149 47 2 1
123 164 41 14 12
284 293 24 11 2
76 111 95 71 71
88 146 80 44 21
99 101 76 56 54
263 286 58 1 1
213 229 33 19 5
222 299 90 88 86
103 188 66 11 7
229 287 42 5 0
236 249 74 71 70
10 235 41 21 21
237 288 91 59 36
37 142 12 12 12
245 282 62 53 53
131 198 91 47 24
49 236 42 28 28
32 109 47 21 1
48 134 69 47 37
9 278 90 42 25
150 288 49 10 9
112 217 36 22 12
135 148 66 38 27
118 244 55 25 13
172 176 74 54 39
259 280 88 74 73
163 205 61 30 28
115 231 31 17 14
88 199 42 31 30
230 300 20 19 18
47 177 8 8 8
95 241 40 19 13
79 91 78 66 57
185 268 17 13 10
261 295 8 7 6
27 91 1 1 1
107 210 83 81 80
234 291 57 48 41
194 287 48 22 5
57 266 32 29 27
136 294 36 13 9
160 169 61 42 40
1 179 62 60 60
60 173 29 28 28
24 143 21 14 9
251 284 7 6 5
144 242 85 12 10
74 296 87 70 63
63 97 87 55 37
266 273 97 63 35
282 287 84 40 26
73 249 77 62 60
223 236 52 24 20
77 115 18 15 14
25 276 10 7 6
7 50 79 15 11
210 255 80 74 74
133 287 80 66 54
100 231 55 46 42
115 275 29 11 2
206 280 56 34 26
206 269 98 62 36
242 277 19 15 15
31 261 78 42 14
76 223 95 78 78
230 282 86 77 71
127 195 27 17 15
202 224 51 0 0
44 141 74 53 50
193 244 78 44 29
142 259 75 60 59
118 245 33 14 14
174 300 58 40 31
40 166 100 88 82
225 244 70 48 43
202 233 21 7 3
33 112 77 14 6
48 105 26 9 9
16 280 53 41 34
62 100 43 17 7
5 67 56 33 17
188 299 43 18 1
75 294 38 17 8
255 279 74 34 22
14 19 27 6 3
152 176 81 70 62
278 299 30 10 9
65 153 15 12 12
74 209 51 32 13
230 232 77 39 1
28 80 77 41 11
83 107 30 15 14
253 287 85 36 27
286 292 96 89 85
108 125 44 29 20
153 295 17 10 6
24 244 52 45 41
131 196 30 16 5
194 289 1 1 1
76 272 9 4 0
121 253 71 45 43
9 236 28 24 24
111 239 69 40 37
34 284 40 38 38
199 290 60 33 33
91 267 5 3 3
40 77 10 5 1
272 287 92 53 43
246 291 59 47 44
200 266 99 55 51
246 288 98 50 15
54 122 5 4 3
160 214 64 20 1
188 286 98 52 24
92 248 42 16 0
122 265 1 1 1
145 227 100 53 40
27 66 86 13 11
97 219 34 10 6
17 254 39 34 29
62 199 80 56 55
273 293 66 37 32
118 181 21 12 3
5 157 11 11 11
142 270 34 34 34
62 285 78 34 34
107 146 84 72 61
125 247 52 25 24
176 247 27 20 14
6 141 72 64 64
249 278 1 1 1
116 254 38 33 31
52 125 26 14 6
20 88 65 52 47
25 270 14 11 10
46 127 2 2 2
248 265 16 10 9
158 165 17 12 9
127 283 90 77 67
42 46 65 21 7
38 260 33 22 19
190 238 98 73 55
90 209 75 16 6
54 120 61 53 47
230 244 99 73 56
59 282 25 15 13
105 110 87 31 25
8 278 27 16 16
261 277 33 24 22
251 278 4 3 3
14 231 70 33 5
160 230 83 57 53
196 234 79 28 20
103 293 52 28 20
269 272 31 16 6
8 296 55 50 49
281 283 93 62 61
138 269 100 37 6
170 203 94 53 23
1 69 87 49 38
44 58 68 36 13
20 81 42 29 27
170 300 53 31 15
255 282 74 65 60
213 266 92 50 12
129 272 45 22 8
183 219 11 8 8
14 283 66 28 12
228 292 82 75 68
125 233 81 14 3
38 153 73 11 8
116 117 61 31 17
49 92 89 24 24
75 195 30 29 28
239 240 87 77 77
52 196 73 35 31
239 296 77 65 61
49 291 6 2 0
171 213 32 30 28
19 43 57 25 18
46 184 24 24 24
173 255 0 0 0
119 223 58 42 30
269 293 28 23 23
188 256 15 14 13
42 180 20 6 4
15 23 83 75 68
221 280 13 9 6
149 224 64 16 9
175 225 94 84 80
152 258 33 3 3
257 274 18 17 17
288 298 92 59 54
200 249 37 26 18
243 249 31 22 19
33 265 17 11 11
149 264 29 16 13
233 260 48 13 13
181 258 83 78 76
39 78 92 29 9
18 192 18 4 2
28 157 39 24 18
55 118 84 45 16
259 293 65 64 64
59 274 100 35 3
17 300 32 22 13
62 216 29 29 29
139 233 68 24 7
196 263 96 20 5
65 78 56 51 49
36 201 33 30 29
284 294 92 72 55
263 264 10 7 5
22 149 25 9 8
4 155 30 15 0
47 254 6 6 6
244 261 86 70 59
39 212 6 5 5
56 282 17 13 11
206 238 59 54 50
4 177 49 37 37
26 167 4 0 0
18 173 73 15 13
44 269 40 39 39
236 266 87 86 86
52 160 24 14 14
110 150 19 18 18
205 300 98 47 40
215 231 5 4 4
234 245 52 20 11
156 210 34 10 8
164 233 84 55 36
62 243 37 23 10
138 289 88 66 62
137 157 49 40 37
16 222 42 9 9
15 185 75 28 4
140 247 42 5 5
276 284 41 32 29
119 187 49 28 17
82 94 27 19 12
53 175 96 89 89
136 242 8 8 8
152 209 2 1 0
43 202 43 43 43
13 183 80 57 55
163 291 38 7 5
47 103 40 19 3
173 269 60 48 43
56 169 20 10 10
45 232 73 41 36
83 130 25 20 15
26 81 34 29 29
267 293 23 13 6
108 211 14 11 10
264 267 16 13 13
247 281 63 56 52
92 128 80 75 74
196 198 32 32 32
109 201 95 55 48
87 123 66 52 51
191 251 85 66 51
117 170 100 40 17
274 287 71 53 53
79 135 71 41 33
129 163 19 18 18
43 274 76 65 62
121 210 51 44 38
233 253 94 78 69
45 221 89 56 53
20 259 57 36 32
13 169 54 29 26
65 264 13 9 5
183 221 74 30 28
220 247 33 20 15
33 176 11 10 10
105 253 66 44 42
23 245 16 8 6
216 238 0 0 0
144 252 89 81 75
122 199 76 75 75
58 123 36 20 7
90 213 63 60 59
27 28 73 44 38
264 300 64 47 44
263 277 27 21 21
194 268 44 20 11
267 274 25 19 16
141 287 85 68 67
4 193 32 19 15
125 294 69 49 49
202 223 60 41 31
249 295 51 20 18
258 286 59 53 49
160 248 3 2 1
100 291 85 38 7
226 284 90 25 3
241 248 8 7 7
180 216 21 5 0
24 111 69 13 1
190 206 33 19 16
34 171 62 55 53
272 275 20 20 20
151 228 68 19 16
59 137 94 88 87
100 270 20 15 11
23 78 12 4 3
132 146 54 31 30
217 271 97 32 29
163 200 42 25 25
12 287 76 54 40
14 118 75 58 51
231 281 13 11 9
50 147 92 90 90
26 53 9 2 2
21 190 96 93 90
161 239 4 4 4
231 279 5 1 1
109 213 11 6 1
1 106 23 16 10
203 205 13 12 12
37 117 36 31 29
252 262 65 60 55
162 250 66 59 54
46 296 25 14 14
143 255 79 56 41
258 280 15 14 13
16 129 38 17 0
208 220 30 22 16
252 293 89 53 27
219 284 72 51 40
5 240 20 17 17
290 298 91 19 13
123 124 48 33 32
131 270 62 52 46
159 233 50 47 45
19 286 92 28 0
47 53 65 41 33
63 87 84 49 34
157 265 46 35 35
39 87 23 17 14
190 202 94 70 52
107 169 97 60 59
78 157 3 2 1
204 292 93 73 69
57 147 99 85 82
216 285 93 88 88
100 207 97 28 6
79 232 3 2 1
233 251 80 70 69
56 151 92 39 2
146 214 10 7 5
154 234 82 51 51
273 276 61 33 6
291 295 12 11 10
187 231 74 46 45
112 129 26 25 25
289 291 1 1 1
274 286 61 56 54
164 300 53 45 45
235 259 0 0 0
101 269 24 23 23
224 257 2 1 0
135 244 76 41 29
77 159 69 44 44
265 271 11 7 6
203 262 24 6 5
200 257 35 32 31
218 299 53 50 50
4 114 22 13 6
206 292 20 8 8
156 233 39 10 2
269 300 27 17 16
172 196 79 14 7
222 241 88 66 44
54 154 49 38 33
179 201 36 36 36
209 212 85 32 3
276 298 94 80 66
176 282 43 40 39
115 255 10 9 9
219 231 93 45 45
161 278 42 35 32
175 207 56 55 54
282 292 40 27 25
166 266 41 1 0
290 299 9 4 2
228 282 7 2 2
73 253 36 11 2
129 205 79 35 9
278 288 4 3 2
109 110 28 28 28
273 287 56 19 15
126 217 88 84 82
62 271 43 35 28
234 287 55 24 13
108 293 74 67 66
20 233 18 17 17
224 282 99 79 71
281 291 43 30 30
210 263 13 6 6
166 176 59 46 46
6 214 71 55 52
122 208 69 66 63
63 291 59 15 1
97 99 38 10 4
217 277 80 39 39
70 135 65 7 2
253 277 26 14 11
83 115 0 0 0
19 254 33 24 24
73 228 52 31 30
18 276 92 86 80
243 275 37 19 9
116 291 43 28 24
128 222 36 27 27
79 229 34 26 25
119 245 30 13 6
2 257 75 16 11
219 276 3 1 1
55 147 19 18 18
20 221 40 25 23
100 159 40 14 13
164 203 32 17 17
106 296 44 20 9
136 207 20 11 8
250 274 81 24 20
235 280 87 67 63
42 138 9 6 5
118 198 47 34 29
241 254 8 7 6
10 194 18 15 15
210 241 28 22 22
110 242 80 57 55
64 107 39 39 39
274 290 2 0 0
267 280 37 12 7
203 264 41 31 31
297 298 67 64 64
214 248 96 81 73
147 260 85 40 3
16 23 78 44 29
6 46 79 7 4
280 282 12 3 2
199 218 55 45 44
259 260 53 17 5
118 264 47 28 10
204 286 78 64 64
134 171 36 31 26
251 282 5 3 2
38 277 45 22 18
89 104 26 16 8
183 212 88 86 84
43 208 92 24 10
72 247 73 71 70
42 187 36 36 36
118 196 3 3 3
189 249 63 51 46
186 228 93 91 90
95 166 38 21 19
30 150 22 13 13
61 199 11 7 4
136 175 64 17 4
63 224 76 16 6
51 69 2 2 2
172 281 68 36 19
182 212 86 22 22
215 284 9 4 3
22 88 34 33 33
295 296 38 7 3
234 266 12 3 2
62 86 68 21 1
32 211 8 8 8
104 148 77 43 12
229 257 90 16 3
178 223 49 37 33
24 30 80 55 43
88 288 65 40 24
246 266 43 19 13
30 202 50 44 44
268 273 66 20 13
135 188 80 29 20
140 225 51 33 20
201 227 37 20 15
133 169 93 78 71
35 43 78 44 41
257 284 73 34 22
25 121 72 40 32
61 77 16 10 9
173 224 19 15 15
173 210 37 31 30
150 286 44 22 19
77 138 96 46 9
149 266 33 25 17
30 94 46 27 21
204 277 17 13 12
213 233 71 26 24
18 129 42 17 10
158 276 45 24 11
25 144 65 40 39
262 276 12 8 5
53 246 25 16 9
6 221 15 13 12
178 232 92 51 42
147 257 94 72 70
34 117 30 22 22
46 90 86 61 60
73 83 38 17 0
208 278 93 62 55
133 190 2 1 1
63 123 81 41 32
27 32 55 19 0
218 235 21 16 13
153 155 88 53 32
46 212 49 17 15
265 293 63 51 50
237 291 49 17 13
61 285 69 52 50
218 254 10 9 8
295 300 3 2 1
113 171 69 26 11
122 268 5 2 1
187 195 19 19 19
176 281 71 20 0
195 294 30 30 30
87 166 69 33 21
194 209 14 3 3
71 136 46 44 43
166 208 18 4 3
52 155 99 10 5
210 249 30 20 15
164 248 16 6 4
32 253 16 9 5
60 189 3 0 0
38 226 5 4 4
22 52 93 72 57
64 156 67 34 19
239 286 50 28 20
29 211 6 5 5
79 90 95 47 18
82 254 5 1 1
219 247 53 15 7
51 272 0 0 0
223 271 88 72 69
76 292 97 48 18
90 216 19 4 4
147 249 8 4 2
26 234 62 44 28
204 251 65 62 62
262 267 27 24 22
52 85 35 33 31
67 244 71 51 37
244 268 90 34 23
192 241 85 64 53
186 255 40 30 24
76 171 23 12 5
286 290 98 60 57
87 107 15 15 15
232 237 82 75 68
28 70 52 44 44
260 283 54 53 53
52 69 67 35 6
159 272 54 31 25
234 246 9 8 7
122 193 57 31 17
35 83 46 14 10
261 293 31 27 25
161 166 35 24 22
105 172 1 0 0
84 99 15 12 12
222 276 77 67 60
256 295 2 1 0
225 232 64 22 5
160 263 7 6 5
17 282 32 6 3
156 241 99 70 50
165 214 6 4 3
209 277 52 50 50
253 256 40 23 15
72 93 74 68 64
167 210 54 48 48
158 164 100 96 96
100 160 51 39 38
265 268 8 6 5
104 176 91 72 63
96 271 37 24 14
67 287 26 19 14
68 94 85 23 19
254 256 60 58 58
170 241 42 35 30
117 195 50 23 2
277 299 9 4 3
224 226 55 55 55
66 102 100 67 59
197 199 45 19 16
199 203 41 23 15
209 261 76 69 69
253 262 66 63 62
204 252 61 16 7
94 139 55 24 3
60 261 42 10 1
23 238 82 52 45
42 95 74 60 60
279 292 76 56 56
145 292 57 30 28
262 272 33 23 19
122 263 21 5 5
24 272 10 1 1
242 262 38 37 37
275 281 90 45 28
177 245 42 20 14
238 292 90 61 60
277 283 3 1 0
129 283 12 9 9
21 72 87 40 3
167 258 26 21 16
194 200 10 8 7
62 255 66 59 54
151 300 52 25 23
55 142 28 19 18
168 217 64 45 45
146 236 14 10 8
101 166 63 9 8
130 183 87 79 74
95 151 46 46 46
201 284 72 42 17
9 250 74 64 60
17 18 5 5 5
84 143 2 2 2
14 237 29 7 5
126 227 41 32 30
167 186 10 9 8
147 278 53 38 24
19 130 29 28 28
45 211 85 84 84
27 193 39 29 24
87 272 49 38 37
136 204 70 24 8
170 188 37 30 30
34 57 46 10 7
20 105 53 24 5
80 159 21 12 6
53 161 25 14 4
83 105 24 4 2
1 199 7 7 7
69 144 17 13 11
141 290 48 31 17
254 273 39 17 12
60 169 39 15 1
151 246 27 11 1
266 297 19 7 3
149 159 44 29 17
156 243 81 33 9
284 290 75 49 39
128 264 45 36 28
270 278 79 36 3
51 222 23 4 3
251 277 76 61 58
200 268 78 46 45
188 193 44 20 14
163 221 59 58 58
221 233 43 32 29
108 246 45 40 38
287 293 0 0 0
166 257 20 3 2
23 154 10 5 4
223 225 95 14 11
131 145 98 62 43
20 278 51 25 25
35 234 62 33 9
149 241 53 23 3
144 209 26 18 17
66 209 67 45 24
198 246 65 27 22
32 88 26 9 8
63 96 48 24 13
261 276 95 88 81
167 259 28 20 14
90 255 63 7 0
6 30 13 8 7
283 294 58 50 49
246 286 48 9 8
28 118 0 0 0
235 283 97 96 96
124 157 91 53 48
237 252 91 78 76
165 183 31 23 18
179 198 7 4 4
27 211 48 30 26
256 293 66 64 62
68 215 92 84 83
282 289 37 21 7
46 157 6 1 1
178 189 88 61 39
75 216 3 0 0
171 230 40 20 2
35 228 72 38 38
148 158 13 5 3
214 284 48 25 9
231 263 48 47 47
106 284 63 29 25
70 291 44 17 0
100 199 91 43 8
155 296 13 4 3
167 208 84 68 55
170 198 53 44 41
148 256 7 5 5
63 282 3 2 2
259 286 88 53 53
133 274 92 90 90
48 254 87 58 39
225 268 94 65 45
103 121 45 29 20
144 165 57 55 54
166 185 17 17 17
180 210 78 68 68
136 160 67 45 23
132 291 54 45 38
12 211 99 65 39
278 286 96 59 26
15 195 47 16 13
239 243 28 26 26
274 298 100 47 29
148 176 21 9 9
283 297 7 4 4
143 268 56 12 0
151 212 99 38 21
176 240 32 18 12
78 246 1 0 0
82 275 68 36 26
92 110 7 6 5
20 247 24 20 20
228 294 26 7 7
94 104 99 69 41
11 269 35 15 2
33 251 2 0 0
67 294 0 0 0
98 245 22 7 4
215 272 4 3 3
232 240 1 1 1
43 283 30 21 20
103 106 21 12 11
174 253 33 14 6
133 152 90 14 9
44 279 78 21 10
95 106 51 2 0
163 250 61 58 55
35 282 67 34 10
180 182 26 14 5
75 266 15 7 3
261 275 25 16 9
279 282 30 8 8
81 118 58 19 12
3 238 88 44 6
42 283 54 52 52
73 193 18 4 1
205 277 81 55 39
167 220 76 63 61
189 283 83 15 5
156 260 95 88 85
154 168 18 13 11
27 113 57 16 16
8 30 15 14 14
242 267 98 95 92
249 280 6 1 0
49 207 72 49 33
107 135 47 29 17
270 282 9 7 6
292 300 50 25 13
76 95 59 33 19
137 169 33 26 23
16 108 19 16 13
214 273 47 22 14
221 252 50 39 30
193 207 76 75 75
194 223 24 19 16
26 124 56 38 23
240 300 23 23 23
70 150 68 43 43
33 178 27 19 12
33 98 72 65 60
32 92 3 2 2
64 145 62 11 11
75 217 91 79 74
225 254 1 0 0
62 109 92 27 4
168 254 13 3 0
43 222 79 37 3
108 147 46 18 7
72 216 91 75 70
262 270 69 64 64
53 109 80 69 62
253 267 63 40 21
97 135 34 23 23
221 296 87 81 79
94 175 60 43 37
11 278 6 2 1
14 87 25 9 9
138 166 94 82 72
143 169 37 12 0
255 297 72 65 58
250 287 65 26 15
203 276 79 54 43
143 267 82 22 15
245 256 67 39 22
241 247 32 32 32
204 226 81 31 1
61 146 83 50 49
119 236 90 54 48
219 245 52 28 10
214 290 59 58 57
183 237 29 22 15
277 294 51 38 27
252 284 38 26 21
82 293 18 17 17
273 282 70 65 64
197 209 59 8 2
247 255 86 42 33
5 178 72 58 56
209 229 71 56 51
254 265 51 12 10
122 198 97 80 66
43 61 52 46 43
120 131 32 6 2
178 230 90 54 30
85 132 2 2 2
165 262 4 4 4
140 210 13 13 13
208 225 91 30 23
38 233 28 14 12
73 261 63 40 17
18 240 22 9 8
196 227 6 2 1
171 234 85 30 30
254 277 53 51 51
181 203 71 37 29
95 183 51 26 26
118 145 38 26 20
144 293 54 14 10
89 151 65 14 5
81 195 77 59 44
202 208 79 61 54
1 84 77 42 7
70 102 33 11 3
230 271 33 1 1
196 259 62 8 3
68 193 28 15 15
73 224 45 43 41
182 230 37 25 18
230 254 15 7 2
257 296 59 34 27
118 234 26 9 2
51 287 57 40 30
249 293 90 82 81
163 191 60 15 14
29 210 19 4 4
125 227 4 4 4
120 284 30 27 25
39 129 13 4 1
172 219 43 24 18
162 182 90 76 69
41 72 10 9 9
220 226 60 6 5
276 299 74 62 57
61 215 49 34 31
80 268 94 47 7
63 200 35 14 4
282 296 37 36 36
266 287 51 39 30
30 272 84 41 1
247 260 34 15 5
30 131 89 77 77
222 264 88 70 67
24 68 90 66 58
162 222 6 5 5
161 250 9 5 3
31 171 100 40 2
26 113 60 56 53
246 285 24 16 15
78 102 71 61 58
161 185 80 71 68
267 282 73 57 41
66 68 32 29 29
263 273 65 10 8
119 192 57 48 44
213 249 99 53 47
88 194 99 15 5
208 291 81 35 24
186 247 34 11 10
7 297 89 59 38
219 291 86 56 34
218 273 9 7 5
160 289 67 56 49
229 293 80 69 65
145 283 78 47 41
185 236 56 8 5
22 28 84 81 78
244 300 89 42 29
278 294 36 33 32
207 248 41 30 30
148 198 99 42 22
84 198 73 38 19
43 95 10 4 1
251 261 57 35 35
236 280 10 4 2
70 168 11 9 8
206 270 43 27 19
149 171 86 67 66
13 46 63 15 1
134 233 87 51 21
217 221 17 3 3
128 293 58 49 41
224 298 2 1 1
110 196 10 3 2
96 248 87 73 72
48 191 36 27 22
212 232 27 21 16
172 293 13 1 0
53 110 66 58 51
116 257 81 67 54
215 254 31 16 15
80 297 72 22 22
273 275 42 17 11
148 164 68 0 0
17 212 95 64 38
263 270 15 10 9
146 227 10 9 9
180 227 29 1 0
80 296 18 13 13
116 225 41 19 17
179 242 71 27 3
127 262 40 24 18
97 196 10 10 10
226 253 51 14 9
233 296 29 23 22
208 271 10 5 4
37 248 75 63 56
221 230 48 34 34
71 127 86 77 72
218 236 53 45 45
144 287 92 91 90
18 108 54 34 34
219 269 75 68 67
217 219 30 11 11
140 293 64 20 2
49 185 20 9 6
91 160 78 26 13
1 125 36 35 34
199 267 48 28 27
235 251 36 11 10
157 208 45 42 42
178 248 46 31 16
89 259 39 16 15
40 118 38 25 13
114 140 8 6 5
166 272 18 9 2
266 281 15 9 8
234 299 100 57 44
50 288 25 15 14
15 234 18 12 7
179 215 94 66 46
248 288 98 85 84
8 201 60 31 20
73 285 26 25 24
265 276 96 53 39
261 278 0 0 0
74 144 25 20 20
118 119 36 24 16
6 88 74 57 44
239 267 11 6 1
236 251 65 42 32
92 137 76 64 54
152 188 37 34 34
147 150 86 75 71
41 87 69 36 9
40 206 97 35 2
146 287 26 22 18
113 213 87 75 72
139 297 25 25 25
116 295 77 31 17
75 206 71 47 44
269 289 88 67 65
10 186 14 7 4
233 238 45 12 7
173 270 35 22 19
49 214 95 64 42
255 294 23 18 18
150 300 59 42 27
2 25 97 78 64
50 185 39 28 19
261 266 26 10 6
244 280 76 33 27
15 115 96 76 58
138 165 76 17 16
74 283 30 16 12
24 192 16 15 15
51 275 23 15 11
152 238 91 32 30
104 211 38 30 28
272 276 28 21 15
269 276 74 67 64
241 295 42 29 28
202 210 66 63 63
68 186 78 66 54
45 129 100 58 19
241 282 64 56 53
147 237 8 3 2
85 188 76 66 65
232 241 19 17 17
158 180 36 18 6
234 237 41 30 26
154 197 98 10 1
48 206 68 64 60
212 282 57 12 1
173 255 36 15 12
53 183 87 38 33
266 276 28 18 12
72 195 86 68 53
59 267 84 81 81
108 164 64 63 63
178 198 15 9 8
144 148 49 35 35
31 253 5 2 1
117 156 31 29 27
213 238 74 54 45
215 249 30 27 24
170 206 7 2 1
261 294 38 20 19
65 289 96 88 87
21 267 42 33 30
248 270 33 18 17
207 227 10 8 7
207 224 57 27 20
245 262 26 16 8
114 263 45 45 45
272 292 38 24 21
136 261 26 24 23
176 190 97 93 89
234 259 38 16 9
238 272 15 9 8
57 176 35 18 2
123 294 39 3 0
265 275 64 47 38
168 258 84 40 36
216 219 14 10 7
220 275 95 44 37
132 150 44 22 19
198 239 52 32 20
172 195 0 0 0
211 286 76 49 22
125 129 74 36 5
113 141 1 1 1
209 288 19 11 7
2 133 63 26 14
39 96 91 66 66
222 257 1 1 1
147 283 39 15 11
64 265 49 39 36
60 269 34 6 3
184 266 89 46 44
121 283 36 32 28
237 290 19 11 10
206 233 69 62 61
128 197 58 29 24
133 219 8 7 6
165 286 97 53 25
81 141 95 84 77
87 297 16 12 9
203 223 28 11 10
105 176 38 30 26
123 234 63 56 52
7 243 4 0 0
73 103 41 31 30
191 298 8 5 5
159 161 49 33 25
226 246 75 58 54
249 270 89 72 71
116 170 45 26 26
171 260 61 25 9
255 285 40 3 2
71 181 42 27 19
284 292 92 83 78
163 171 81 57 56
218 219 73 60 59
272 283 97 87 82
253 272 46 32 19
200 221 5 4 4
60 237 70 25 13
79 187 97 38 12
128 163 23 12 9
52 288 17 9 9
229 266 16 16 16
23 75 64 22 20
20 95 46 24 6
241 242 89 80 79
41 54 66 59 52
27 120 42 20 5
86 292 88 24 20
55 104 72 61 55
238 269 73 50 36
200 281 57 49 44
161 268 100 26 9
76 183 17 12 12
145 225 70 42 27
214 299 6 5 5
10 110 36 33 31
164 270 79 47 32
124 167 30 20 13
225 235 29 4 1
184 247 69 35 14
276 286 53 21 3
284 287 91 46 44
16 44 65 59 59
212 296 51 14 0
1 75 89 55 49
82 138 46 23 12
70 172 71 60 56
11 198 76 11 2
115 192 23 23 23
44 59 48 39 35
149 287 83 76 74
109 157 13 5 3
150 260 25 19 13
130 261 31 10 4
24 126 50 40 38
75 156 77 50 34
261 273 79 65 52
176 183 79 68 60
170 271 74 18 16
243 251 58 31 10
242 289 71 64 57
113 273 49 18 17
84 232 51 31 23
78 105 47 26 9
46 101 86 8 2
68 102 91 88 87
146 250 85 24 1
87 224 4 3 2
177 247 13 11 9
196 268 62 53 44
102 275 74 23 13
264 275 18 4 0
75 190 41 35 32
20 29 38 34 30
254 293 43 37 35
26 64 83 66 56
53 167 37 21 10
170 291 68 11 3
120 288 66 25 20
65 222 62 13 0
101 163 21 19 19
126 283 44 39 38
162 200 59 18 17
125 177 21 7 6
286 297 9 9 9
10 265 0 0 0
10 86 100 84 81
67 214 86 50 21
208 226 20 1 1
232 282 77 77 77
153 253 77 56 44
93 162 28 22 19
57 253 81 69 58
89 188 89 54 37
238 264 10 5 5
247 279 96 89 85
192 254 36 4 0
135 235 89 28 9
94 193 43 24 20
85 151 4 3 3
129 240 44 26 24
24 291 41 35 30
81 98 92 70 53
125 267 62 53 52
119 269 8 6 6
266 298 71 61 56
203 210 11 8 7
128 130 84 35 33
12 16 74 9 6
245 269 12 1 0
293 296 22 18 18
87 271 17 2 0
255 256 48 37 35
84 107 46 37 36
34 139 99 66 42
19 258 95 79 73
145 183 38 26 23
37 210 11 11 11
235 254 4 2 2
66 155 19 9 1
259 291 66 38 33
133 260 45 34 28
32 132 35 34 34
34 281 39 9 8
3 220 15 14 14
257 264 81 58 52
146 259 85 76 76
143 204 71 41 18
6 59 62 35 18
272 273 8 7 7
74 134 94 91 91
200 251 30 27 27
157 281 17 5 4
28 229 63 60 59
161 206 91 35 12
233 294 31 26 23
169 181 70 44 19
69 214 60 21 5
66 252 96 50 16
224 246 100 96 95
205 246 17 3 2
55 94 66 63 62
207 273 24 20 19
245 250 61 38 27
98 293 60 41 36
217 265 6 3 3
260 267 20 16 12
29 81 64 43 33
25 32 95 70 59
83 255 69 31 31
217 245 98 62 52
215 242 69 40 11
67 284 21 14 7
220 228 50 31 15
42 74 22 11 10
139 148 90 38 33
160 213 63 54 46
215 281 62 42 23
51 78 4 1 0
110 288 46 32 20
245 272 39 31 31
278 291 49 44 40
212 278 22 21 21
103 243 27 8 3
20 189 60 32 28
56 273 89 46 40
193 240 78 21 3
87 184 30 26 23
238 244 57 32 29
166 273 15 1 0
121 157 74 72 70
175 275 100 65 58
247 282 40 33 31
182 243 29 23 17
74 223 91 29 14
191 195 64 33 32
78 131 2 2 2
69 277 83 47 26
20 38 88 73 68
198 276 90 52 33
134 196 78 72 67
185 195 17 7 1
242 255 18 12 8
53 283 81 58 39
253 291 76 57 51
38 67 66 14 3
23 136 61 26 6
253 297 22 10 9
71 183 50 36 22
8 43 18 14 10
21 144 23 12 7
260 284 24 13 13
239 254 96 70 69
257 283 96 47 42
109 125 96 86 76
23 122 91 88 87
151 278 35 22 14
198 274 37 19 14
250 266 3 2 1
146 242 82 44 30
165 257 35 27 24
153 236 88 73 62
68 98 91 39 3
221 300 9 9 9
248 263 67 66 66
145 248 54 54 54
289 290 23 21 21
145 223 54 37 29
164 246 81 19 10
154 158 0 0 0
103 236 53 16 14
39 161 37 24 24
135 296 34 18 18
134 211 93 59 33
37 86 13 6 5
230 245 47 41 39
19 177 17 5 4
184 297 36 29 25
228 253 70 52 37
180 267 82 49 45
94 204 51 33 17
256 280 42 26 20
201 234 35 22 22
61 105 37 27 27
115 241 50 35 31
169 273 52 31 30
115 138 68 17 2
15 61 4 2 2
29 168 55 42 41
50 151 12 2 2
75 242 74 52 38
89 257 65 40 38
256 258 27 11 2
1 171 23 20 17
171 262 1 0 0
32 166 58 44 41
272 279 48 40 40
22 151 90 67 49
25 69 27 25 24
260 286 11 7 6
234 295 54 32 31
68 161 51 0 0
201 300 48 29 29
138 146 63 44 44
238 270 29 9 1
152 154 24 20 17
204 223 97 80 69
162 184 78 44 25
235 298 97 25 16
241 289 95 26 6
192 242 82 49 39
61 198 32 30 28
68 200 80 24 12
224 276 44 42 41
94 195 32 16 2
61 184 61 8 3
34 222 40 25 24
171 270 66 8 8
4 178 3 1 0
118 164 15 15 15
56 58 72 26 2
12 60 94 50 23
211 251 63 40 27
237 278 76 42 18
193 250 28 15 4
190 289 82 47 39
70 89 29 22 20
85 166 35 14 12
223 284 87 36 18
212 279 1 1 1
82 111 84 78 72
233 300 41 15 4
271 300 22 21 20
58 74 37 30 29
255 265 97 63 49
256 297 63 14 13
9 175 57 11 5
20 219 76 8 5
211 271 66 45 45
157 226 58 47 40
203 290 22 17 17
207 235 15 14 14
140 163 25 20 17
239 258 62 37 24
141 285 26 11 11
112 298 28 18 16
171 249 91 11 8
259 285 27 27 27
40 95 65 42 27
24 179 92 87 87
156 245 5 1 0
14 133 20 17 15
161 165 97 97 97
188 240 30 29 29
252 278 66 15 9
179 243 4 3 3
34 294 28 21 21
67 217 77 44 36
46 250 2 2 2
235 278 9 9 9
228 240 10 2 2
31 265 8 5 5
148 241 93 59 39
254 281 99 49 39
47 183 96 66 42
217 293 83 17 1
7 182 91 65 42
293 297 21 17 15
144 206 0 0 0
222 270 14 10 10
65 231 45 14 13
269 282 18 15 15
53 80 40 26 26
255 272 87 41 12
261 263 41 38 35
118 153 40 28 18
226 238 90 51 47
71 116 90 54 28
188 189 74 51 44
54 284 96 68 64
24 76 29 26 24
3 281 55 47 40
23 290 45 30 24
217 268 58 31 17
129 263 34 12 8
97 239 79 66 63
131 298 55 47 40
172 229 22 16 12
120 187 81 66 61
251 262 89 33 7
69 247 8 6 5
123 198 2 1 1
229 243 20 6 2
67 234 72 71 71
241 273 2 0 0
173 297 90 82 79
15 193 29 9 8
159 297 41 35 29
46 191 7 6 5
76 221 33 33 33
63 165 64 45 31
171 248 31 26 24
139 231 47 29 24
248 281 87 78 69
132 185 39 24 24
122 197 94 55 30
119 179 36 17 8
155 158 12 3 0
45 161 68 41 20
280 289 20 13 10
213 236 44 36 32
105 111 68 45 38
133 236 41 3 1
83 200 20 11 7
286 296 63 50 39
290 293 68 30 10
157 188 75 64 64
55 84 17 14 11
232 276 88 83 83
251 285 62 42 36
93 103 71 19 7
7 129 71 58 52
294 297 74 50 38
99 224 58 31 24
261 288 76 33 1
181 205 42 9 6
54 109 81 71 64
258 274 82 71 71
63 101 81 37 28
170 221 10 5 0
123 162 41 20 15
50 58 100 91 83
124 153 95 77 70
89 141 75 64 63
131 249 85 61 49
267 277 40 24 24
23 241 70 33 23
288 297 24 18 12
121 235 97 57 52
43 91 60 42 40
230 276 93 56 30
230 283 63 54 47
41 196 66 27 0
153 285 18 15 15
204 207 48 45 43
90 261 88 78 78
269 294 47 27 27
136 192 39 10 0
209 236 23 19 19
37 224 100 58 46
126 270 78 48 32
30 117 84 76 71
263 283 25 3 0
50 124 20 14 10
172 300 0 0 0
128 262 48 32 22
120 250 46 42 40
104 244 77 64 51
68 280 19 15 11
138 240 47 41 41
134 217 90 51 23
160 284 55 49 48
220 278 78 20 10
45 267 56 50 50
110 145 35 18 10
183 187 90 23 9
243 269 9 9 9
261 270 8 2 2
190 236 78 58 50
284 285 14 8 4
154 216 47 46 46
201 257 11 3 3
4 183 5 2 2
114 231 89 65 42
36 77 86 61 37
40 186 89 76 69
64 272 52 37 28
59 170 74 45 43
12 246 14 3 0
221 298 41 8 8
215 270 16 3 1
251 269 51 28 19
189 246 61 12 5
232 253 57 46 39
210 291 74 12 11
226 229 5 4 4
110 278 85 58 47
225 264 57 12 11
1 51 21 12 10
197 282 86 73 67
173 222 98 13 5
203 219 45 39 35
142 233 79 71 67
3 135 36 15 4
183 258 13 12 12
21 27 57 32 24
21 285 7 4 3
222 295 92 59 35
111 275 59 47 39
133 261 65 19 12
194 281 43 40 39
179 219 12 1 0
105 238 81 69 65
59 284 31 28 27
154 196 3 1 1
168 191 87 32 9
62 193 62 53 47
26 258 31 16 11
250 299 25 11 4
292 298 100 75 75
167 290 19 16 14
263 296 19 12 8
222 232 26 23 20
163 228 72 33 10
123 203 60 60 60
60 154 14 4 0
55 73 44 44 44
24 273 90 26 22
199 260 18 14 13
67 205 4 2 2
134 145 94 17 12
265 279 61 55 49
180 257 81 72 69
155 260 21 18 17
86 101 43 18 13
85 140 86 63 61
245 271 4 3 2
247 249 63 9 7
161 215 19 16 14
242 257 67 67 67
199 221 64 59 58
244 256 48 16 4
159 267 93 50 42
97 290 25 9 1
219 222 10 4 4
290 292 38 21 8
236 241 41 29 26
76 166 69 16 13
54 268 30 19 8
91 111 62 34 29
215 267 81 32 20
52 67 17 14 13
255 268 59 45 37
174 262 77 72 71
119 264 11 3 3
272 278 66 7 0
140 153 73 54 49
215 233 56 22 7
276 288 18 11 7
285 286 81 29 10
206 228 84 5 3
269 275 39 39 39
65 176 1 1 1
20 93 99 52 36
84 105 97 64 59
61 133 0 0 0
80 238 67 53 53
8 14 43 20 9
263 292 58 33 32
219 229 56 39 30
92 244 64 35 11
202 274 99 36 20
123 282 5 2 1
11 196 63 9 4
235 247 88 31 31
132 221 3 3 3
157 192 47 44 44
160 185 100 94 92
102 298 60 29 8
88 247 35 6 0
273 290 74 58 50
39 144 75 61 59
249 288 67 66 65
226 280 21 20 20
54 78 69 19 7
34 225 13 12 11
55 203 34 31 31
135 209 6 3 0
217 223 49 24 12
48 211 41 33 31
22 58 3 1 0
33 105 58 42 40
50 211 2 1 1
195 204 89 84 79
245 283 82 65 61
67 130 5 3 2
30 295 39 11 8
232 264 18 7 1
253 284 31 7 0
250 254 32 19 15
244 245 64 25 4
44 298 0 0 0
154 186 75 59 51
200 284 71 67 64
121 221 36 22 20
66 174 56 32 31
269 270 100 77 59
187 192 90 20 1
56 274 52 40 32
56 173 6 1 1
127 215 38 38 38
47 119 41 6 0
31 229 74 74 74
21 209 100 84 84
244 263 78 49 46
55 120 66 42 32
145 277 80 64 57
112 261 56 16 9
3 269 86 59 50
60 262 74 47 43
267 287 29 7 3
113 145 61 39 21
143 236 42 6 1
220 284 43 43 43
99 166 60 38 20
165 197 100 98 96
56 279 49 38 32
236 298 100 52 22
244 252 56 36 27
105 117 34 10 5
258 294 25 14 8
116 161 34 3 2
178 251 61 61 61
64 138 50 24 18
124 235 44 42 41
150 204 4 3 3
263 300 7 1 0
138 190 44 35 28
258 289 4 3 3
54 166 60 41 41
63 148 7 6 6
14 246 85 77 74
132 157 44 31 19
228 229 64 48 33
51 156 12 8 8
66 288 36 31 29
127 272 97 29 13
15 212 26 1 0
88 186 23 16 13
38 42 99 84 75
242 285 15 8 5
3 119 15 12 12
249 276 87 60 50
180 215 30 15 5
108 188 91 40 7
242 268 60 48 45
174 204 47 33 22
202 230 28 14 1
45 224 76 28 20
233 255 17 7 4
16 99 53 52 52
21 103 69 38 25
130 212 12 6 1
46 193 61 54 52
31 175 100 64 59
112 231 56 25 16
52 265 57 38 27
189 196 69 57 46
171 295 15 2 2
2 289 50 47 47
248 257 49 10 5
162 271 10 10 10
155 269 64 40 39
131 206 92 66 55
192 235 92 70 49
62 244 74 59 54
69 151 57 35 34
247 295 11 2 0
76 246 31 27 25
133 226 32 15 15
135 231 52 7 6
256 263 84 46 43
264 294 16 15 14
117 152 20 11 8
163 239 31 26 24
61 66 76 38 29
166 250 46 45 45
274 295 96 87 78
82 169 59 47 45
241 274 2 1 0
184 274 7 6 5
13 290 86 56 53
184 202 37 28 19
154 292 49 25 17
48 265 34 21 21
29 73 91 32 27
179 206 58 37 32
113 154 24 10 5
172 185 14 5 0
254 260 83 60 49
108 197 59 55 51
225 271 99 73 58
25 281 60 53 53
104 256 31 23 17
75 109 6 1 1
12 200 23 15 9
203 240 14 11 9
21 34 64 54 52
27 135 82 53 38
126 293 60 44 40
86 249 62 36 10
251 296 53 39 34
64 90 49 12 3
191 204 89 64 64
16 251 43 22 18
90 144 58 46 42
101 170 94 39 15
185 224 43 40 40
24 292 31 4 4
240 252 15 2 0
139 250 10 10 10
92 134 96 59 40
4 73 18 3 1
60 194 65 46 46
80 186 2 1 0
59 113 76 53 47
254 300 8 1 1
291 300 18 11 9
115 270 65 37 23
205 206 71 37 35
122 178 87 54 21
40 223 40 1 0
170 176 17 11 8
209 210 10 6 4
39 136 40 37 36
11 133 26 9 9
267 292 90 76 73
106 150 76 58 49
40 248 82 72 68
155 289 40 24 13
82 179 65 54 46
39 114 30 29 28
117 291 11 3 2
11 127 57 27 23
216 230 18 16 16
208 248 39 26 20
49 181 43 20 11
77 214 22 11 11
168 275 99 22 19
183 196 35 14 8
200 254 38 33 31
97 152 10 9 9
226 243 61 46 43
1 300 9 4 2
111 259 93 86 79
248 286 35 34 34
127 273 17 14 13
152 200 61 40 23
92 129 41 21 13
10 51 62 35 27
100 215 89 61 52
251 255 40 10 9
112 124 96 65 51
181 206 59 23 12
243 253 68 21 6
78 107 85 74 69
149 263 73 58 57
275 289 46 33 31
218 226 13 8 8
157 294 83 64 64
59 219 30 28 28
167 276 60 29 24
151 292 9 8 8
90 240 14 11 11
26 45 73 34 27
119 243 44 31 20
15 260 36 18 1
33 181 38 31 28
276 297 1 1 1
252 298 95 87 80
201 253 6 3 1
82 255 95 75 74
246 269 66 34 11
37 90 34 31 29
273 295 67 18 17
281 285 68 32 28
247 263 56 43 39
227 228 29 5 4
231 239 64 52 48
204 258 5 4 3
136 165 48 40 38
9 254 77 61 55
208 229 24 18 12
264 287 0 0 0
199 240 32 28 28
12 86 79 29 4
189 193 51 40 39
156 232 45 20 19
61 117 50 50 50
278 282 69 51 35
188 262 46 43 43
29 113 96 56 36
125 194 27 13 13
36 209 46 25 25
16 81 11 9 9
133 271 64 51 49
124 145 22 20 19
191 282 64 33 17
161 290 80 31 31
12 29 83 18 17
170 269 10 4 4
264 297 63 34 18
186 193 86 83 83
67 137 37 27 25
178 237 41 40 39
113 167 11 11 11
137 244 41 25 15
60 195 81 51 29
236 259 54 44 42
204 261 93 91 91
188 273 89 68 63
104 123 56 43 33
165 181 36 28 20
150 208 47 19 18
46 207 5 3 3
285 295 89 79 70
57 165 19 11 10
69 83 0 0 0
172 260 100 87 78
89 156 33 24 16
95 228 45 22 0
164 262 4 2 1
88 165 100 28 26
7 33 31 28 26
182 248 29 15 10
118 271 74 46 20
152 233 7 7 7
255 261 79 70 65
17 160 57 29 12
111 292 64 43 26
291 293 34 27 23
144 210 17 9 5
226 265 40 12 11
180 271 10 5 4
171 271 91 80 79
64 202 37 18 9
170 255 25 9 6
278 292 62 23 20
44 116 99 69 50
107 140 66 16 16
103 271 13 11 11
170 235 4 3 3
8 276 97 87 85
22 278 16 14 12
187 300 96 71 70
245 251 2 2 2
29 193 84 57 57
127 204 65 45 29
122 185 49 35 24
177 231 5 5 5
221 285 26 4 0
214 251 30 5 1
112 122 39 25 14
18 59 92 20 19
93 285 95 31 6
30 148 45 35 35
171 207 6 1 0
185 255 96 89 83
94 132 63 40 17
150 225 15 11 10
7 63 56 54 53
100 201 46 44 43
239 274 23 16 12
239 252 17 16 15
209 242 62 10 3
213 290 100 66 43
250 278 69 39 24
245 298 26 12 12
8 279 4 0 0
290 291 56 40 37
223 229 0 0 0
188 279 18 6 4
130 246 87 35 26
104 171 81 54 48
211 245 53 39 26
181 199 23 16 14
232 265 69 45 42
140 231 41 31 29
217 226 10 5 5
235 250 81 17 9
106 151 81 22 9
106 289 80 27 21
138 281 69 33 1
95 192 50 48 48
191 257 83 78 78
49 123 78 56 54
206 254 26 19 19
106 199 72 41 22
279 297 23 11 5
2 34 44 22 8
126 177 24 19 16
207 219 80 24 10
176 209 8 5 5
34 179 38 20 18
13 134 73 32 16
205 291 57 54 51
109 227 0 0 0
110 226 81 38 28
67 93 89 72 64
269 279 73 16 11
276 278 71 55 54
260 271 67 50 34
235 269 82 38 23
172 213 24 16 11
20 50 43 41 41
123 291 5 4 3
24 294 9 2 1
259 295 66 62 59
218 255 59 34 17
88 143 92 48 38
253 279 28 5 3
184 273 29 27 26
107 227 55 52 49
33 186 6 5 5
49 218 68 67 67
21 105 15 8 2
149 174 30 17 10
213 300 85 29 10
68 80 79 28 23
103 198 52 24 24
118 220 73 35 25
70 175 83 49 30
3 99 11 8 7
276 296 7 0 0
43 292 28 27 27
115 129 65 57 54
191 258 15 5 2
100 140 48 48 48
87 237 60 47 46
266 270 86 53 21
35 294 36 27 25
154 296 92 58 56
151 245 32 24 20
223 266 43 3 2
182 293 72 57 53
217 289 42 22 18
250 285 3 2 2
236 257 14 7 4
49 175 75 11 0
56 284 85 49 29
63 271 40 13 0
102 271 73 70 70
45 204 23 14 10
124 245 43 21 6
26 263 34 23 19
201 278 33 16 9
268 274 17 15 13
27 232 70 63 60
115 217 86 29 22
209 241 50 43 43
232 235 47 33 25
87 216 51 25 24
33 103 29 23 18
275 286 60 37 32
21 26 22 14 10
208 244 46 0 0
154 255 7 7 7
181 240 84 26 13
164 223 15 9 8
187 200 38 31 28
94 269 66 64 64
51 74 98 61 50
107 217 66 48 46
201 217 7 2 0
127 141 20 17 17
28 61 79 28 23
30 163 84 76 74
170 178 23 10 5
66 212 73 34 6
163 296 38 24 12
79 141 11 0 0
136 277 53 50 47
128 296 100 6 2
177 202 45 31 22
53 225 90 69 65
193 247 21 19 19
130 260 2 0 0
275 294 22 22 22
135 143 76 46 43
174 279 70 57 55
260 285 37 11 9
117 202 11 11 11
83 177 10 2 1
275 298 97 37 15
232 248 14 8 5
289 293 8 4 0
82 155 53 34 20
2 68 98 57 55
218 294 99 85 79
226 249 29 16 15
21 66 34 29 28
143 185 36 20 7
129 214 5 3 3
74 145 34 11 3
76 213 84 31 6
54 295 65 58 56
18 177 86 41 11
108 110 73 68 68
251 268 4 0 0
103 140 12 6 1
76 197 68 24 20
139 249 16 14 14
81 266 100 99 99
272 280 1 1 1
182 237 58 54 53
196 265 15 4 3
122 270 88 53 21
153 232 58 30 21
235 266 95 72 56
2 295 52 30 28
117 216 85 40 37
32 269 42 11 0
230 250 14 6 0
267 285 53 38 28
4 207 16 9 7
19 49 16 14 14
20 147 17 17 17
84 291 67 66 66
105 125 60 32 31
217 263 52 50 50
3 259 97 69 57
212 287 87 84 82
146 295 2 2 2
5 23 59 54 50
184 204 70 67 64
254 261 100 44 9
136 245 38 27 16
99 160 21 18 16
28 147 54 34 30
174 251 57 28 7
137 271 31 29 29
148 288 97 75 66
159 264 89 81 75
149 185 72 60 48
15 181 40 40 40
285 300 68 51 51
262 293 26 23 22
34 54 56 42 42
109 171 86 21 4
115 212 4 4 4
77 279 43 18 16
4 145 32 25 25
130 249 82 55 43
8 297 29 1 1
48 140 81 34 34
243 292 43 3 3
138 255 9 5 2
44 120 44 42 42
72 286 25 17 17
246 290 93 91 90
207 291 18 17 17
182 221 43 5 1
56 128 11 8 8
80 183 65 55 51
153 259 1 1 1
64 220 21 14 10
36 66 68 18 18
226 233 4 4 4
92 166 52 42 42
25 300 72 71 71
104 119 48 42 40
199 251 83 33 10
220 281 80 55 47
277 293 88 24 17
156 287 26 26 26
85 131 69 44 44
187 241 59 17 17
84 298 55 22 9
173 197 97 81 79
243 300 8 7 7
217 279 60 27 15
201 218 53 34 25
210 218 61 40 31
104 242 6 3 0
154 214 2 1 1
194 220 36 6 6
243 272 39 21 13
35 41 62 60 58
24 27 11 10 10
137 239 93 34 33
164 176 43 31 21
45 291 55 42 40
198 241 63 60 59
127 261 57 38 28
240 274 27 18 16
74 228 21 16 14
277 278 30 14 6
21 163 46 27 24
220 298 20 18 17
288 291 6 5 5
64 94 30 11 1
110 174 14 5 2
136 218 100 12 11
49 193 54 53 53
222 246 52 31 31
19 287 9 9 9
95 164 20 12 12
74 139 23 7 7
253 259 91 42 33
36 152 99 75 74
26 137 15 7 0
51 155 45 34 32
187 250 63 33 4
129 261 60 21 9
223 277 26 26 26
184 277 67 56 56
139 198 76 54 52
273 278 56 46 43
239 251 65 27 10
206 257 61 46 41
248 249 97 30 24
126 198 81 19 3
203 243 58 47 39
80 226 21 11 3
150 159 85 28 12
180 261 88 44 24
30 161 98 74 64
143 237 46 29 23
86 187 31 14 3
217 244 1 1 1
131 257 97 48 9
182 245 22 6 2
88 125 64 56 51
159 169 34 22 11
137 176 37 19 13
195 232 67 21 3
174 232 41 0 0
80 217 35 22 21
204 235 39 17 2
39 186 17 12 11
110 132 64 47 42
176 211 62 45 32
274 276 19 13 12
164 206 33 32 31
202 293 85 82 79
282 290 98 30 11
150 248 24 17 13
149 212 40 20 14
196 200 11 9 9
285 290 94 38 26
279 298 44 18 14
273 289 10 3 3
136 285 78 34 1
221 225 60 46 42
251 273 52 27 5
296 298 38 26 22
40 284 70 69 69
47 288 68 61 57
37 93 68 61 56
11 295 77 60 59
120 278 62 17 11
196 253 14 5 4
90 237 59 58 58
171 241 62 44 34
75 123 11 5 4
225 227 97 66 62
75 276 80 8 5
150 174 50 12 10
9 290 5 2 1
100 264 84 77 77
33 47 30 19 17
86 272 43 13 13
39 127 39 35 34
80 90 97 33 18
206 263 93 92 92
194 258 83 11 6
199 294 38 14 11
241 283 77 15 5
255 300 64 31 0
152 272 9 8 8
190 205 19 8 7
127 201 4 1 0
276 291 77 63 56
44 298 55 27 24
68 285 77 42 15
55 277 55 31 12
40 158 62 31 11
233 264 48 8 5
260 282 21 14 8
112 133 7 3 3
170 236 72 55 54
193 292 2 0 0
159 189 28 27 27
134 185 21 8 1
139 173 54 17 11
239 256 53 42 38
116 209 15 8 7
15 215 27 24 22
231 271 36 13 13
249 299 30 7 2
274 285 10 8 8
95 162 85 55 37
21 180 94 85 80
289 295 15 11 10
119 202 74 30 3
115 149 62 18 8
218 291 58 57 57
132 276 7 6 5
247 270 90 55 28
99 234 37 19 14
178 244 68 29 28
136 286 34 15 15
221 223 25 25 25
226 270 92 77 69
235 271 33 28 23
96 177 97 65 54
74 136 82 58 46
139 187 22 14 14
100 248 4 4 4
138 207 18 15 15
25 241 35 35 35
116 233 64 41 25
72 178 74 54 49
15 203 50 9 9
82 298 45 41 37
276 279 52 46 43
162 215 50 40 32
123 237 84 50 43
180 194 18 15 12
32 55 73 35 30
61 89 47 26 5
75 248 82 22 17
252 271 33 32 31
197 265 80 45 32
141 211 73 58 48
261 262 69 16 10
17 241 87 71 61
24 85 24 7 5
113 148 73 69 68
189 228 69 53 50
220 248 5 3 1
46 124 39 34 31
210 214 79 45 19
35 183 54 34 33
132 167 95 63 49
175 268 63 59 58
85 192 40 19 15
104 245 72 51 51
287 295 24 24 24
89 138 65 45 31
88 138 92 36 16
180 198 86 77 77
74 202 68 25 8
27 110 50 41 39
116 232 73 37 35
72 153 75 63 57
68 87 27 9 6
123 141 23 6 1
2 94 99 70 57
245 289 27 21 18
223 233 99 65 64
139 288 10 10 10
275 300 83 48 42
172 211 99 68 53
163 275 77 49 37
92 269 43 20 11
1 123 79 31 16
115 160 13 11 11
88 135 93 41 11
193 263 88 63 40
88 264 9 7 6
14 247 39 37 37
14 113 16 7 7
254 294 19 6 3
247 261 42 13 4
6 79 12 5 4
202 280 62 29 7
3 21 31 24 19
145 243 76 20 16
117 129 43 38 36
199 264 17 12 8
61 273 90 79 79
89 229 79 27 26
252 263 43 40 39
179 289 48 27 23
255 286 11 2 2
258 277 86 29 9
209 259 68 63 61
173 215 24 23 22
55 160 10 4 0
183 300 1 0 0
137 262 59 48 44
165 198 82 59 58
213 248 68 64 62
181 274 13 3 0
169 225 42 28 21
186 262 12 10 8
95 230 39 8 1
85 177 80 74 74
121 293 61 53 52
122 246 35 15 9
135 193 8 2 2
122 295 88 54 53
55 172 39 8 2
111 215 5 0 0
18 28 54 16 10
186 195 19 18 17
274 279 25 16 7
75 199 33 30 27
68 281 62 28 20
35 269 5 3 1
229 288 74 59 57
143 282 96 96 96
32 178 37 29 27
12 45 19 16 16
193 217 62 35 23
33 205 37 18 9
190 278 11 10 9
97 232 77 34 24
1 208 47 24 15
54 103 43 30 23
162 291 28 26 26
173 200 27 15 15
243 245 1 1 1
67 164 15 15 15
179 241 22 22 22
240 262 19 17 17
223 263 73 55 52
176 261 67 61 56
10 229 11 8 8
173 273 48 42 36
80 98 83 59 58
205 285 64 38 19
92 115 70 57 54
201 259 83 38 6
219 289 4 4 4
16 242 1 1 1
111 136 2 0 0
190 283 39 22 13
93 144 85 78 78
149 273 21 8 4
51 193 87 48 43
136 293 90 41 40
265 280 45 31 30
14 202 39 16 8
89 296 94 70 68
189 216 12 7 4
169 252 40 16 16
73 180 61 31 27
217 288 24 14 11
172 275 11 10 9
42 161 88 57 51
51 212 69 33 7
244 287 36 26 21
12 223 88 32 23
34 234 98 20 3
271 292 12 3 3
265 277 85 78 72
234 250 41 23 8
122 282 41 39 38
16 31 65 64 64
183 215 53 39 30
188 206 92 53 35
112 287 90 46 24
48 262 26 13 9
93 247 98 81 75
126 288 31 13 8
264 293 42 32 30
133 146 20 8 8
52 184 5 4 4
17 223 15 9 4
235 253 75 24 12
163 172 93 2 1
3 224 27 18 9
176 215 23 18 16
78 182 99 22 9
11 149 61 32 27
157 209 34 18 18
155 170 32 16 4
131 256 80 47 36
156 239 90 71 62
163 276 90 77 77
137 283 5 2 2
163 185 98 58 43
176 207 91 68 55
100 151 83 6 6
82 146 11 11 11
100 286 92 59 42
279 295 24 10 5
240 293 48 19 6
28 89 55 21 8
108 254 89 37 17
179 280 70 34 21
54 196 49 20 10
124 169 33 14 12
201 271 45 43 42
24 164 74 19 9
27 102 55 27 24
60 233 56 30 25
52 156 80 63 63
154 257 16 14 12
212 255 0 0 0
155 226 8 6 5
115 226 33 13 12
90 238 99 84 83
126 240 51 16 13
250 259 29 4 0
71 201 80 37 7
110 158 86 63 59
177 229 80 65 63
146 233 65 43 37
140 189 43 2 1
242 245 47 26 7
163 236 67 33 15
137 143 99 59 46
1 268 8 5 2
45 108 46 35 30
258 281 43 12 2
39 284 93 49 8
204 300 4 4 4
7 284 28 19 11
137 265 50 43 37
104 218 60 9 9
94 95 90 12 1
48 246 26 25 24
226 288 24 12 11
208 289 84 24 20
138 150 49 43 37
209 275 3 2 1
18 81 79 57 49
76 255 59 53 49
207 270 52 20 9
150 231 48 27 23
126 194 49 38 27
67 87 7 7 7
213 250 86 59 44
31 277 66 52 45
129 286 51 36 32
89 273 91 88 88
125 299 92 72 70
101 141 62 46 42
118 156 51 49 49
154 193 9 2 2
152 292 10 5 3
67 282 39 38 38
124 168 99 62 59
26 158 60 49 43
134 294 99 53 29
187 252 58 56 55
22 195 25 13 9
242 293 70 54 45
188 247 88 72 69
2 93 47 27 13
53 179 75 56 41
79 251 18 10 5
79 189 1 0 0
32 231 74 50 29
208 254 70 21 18
61 231 90 33 26
249 267 47 37 29
85 158 73 56 50
137 272 79 29 28
220 280 15 9 5
288 299 70 23 23
113 201 73 27 20
230 296 3 2 2
6 256 26 18 14
238 254 20 15 15
37 145 97 85 74
29 221 57 34 25
233 239 43 19 5
22 197 91 47 40
96 297 57 34 30
250 282 15 14 14
148 156 14 3 1
227 259 3 0 0
271 286 1 0 0
21 168 77 45 32
112 280 57 25 18
161 234 85 54 31
138 215 74 36 29
112 150 34 6 3
262 279 99 46 5
34 205 53 44 39
210 211 16 13 13
66 131 71 37 36
271 272 9 9 9
94 180 73 16 2
292 296 73 46 46
206 242 80 34 31
174 229 62 30 3
132 201 52 18 15
144 271 74 22 20
258 279 25 15 10
117 293 58 46 34
89 269 61 58 57
25 175 92 43 23
105 108 28 21 21
75 271 32 31 31
75 95 50 48 47
44 227 4 1 0
182 268 42 8 3
162 246 14 13 12
89 90 100 69 56
56 206 92 68 54
156 280 0 0 0
250 264 80 77 76
267 286 33 21 11
123 132 44 10 6
98 213 0 0 0
258 264 65 54 52
222 277 53 42 34
174 197 57 27 22
117 155 42 25 24
63 154 91 51 18
239 280 18 15 12
17 123 29 22 17
89 186 29 12 4
106 183 27 13 13
100 245 12 11 10
8 183 51 43 41
260 295 46 20 10
77 276 88 85 85
188 250 88 56 51
7 153 46 28 26
28 75 19 16 13
148 193 94 35 26
206 217 0 0 0
216 278 91 84 83
149 291 31 22 15
106 142 71 69 69
130 287 91 25 17
76 286 60 24 15
175 183 57 34 17
50 150 36 21 12
264 280 65 64 64
149 172 49 32 18
78 192 74 21 7
6 132 48 18 11
229 236 52 12 10
238 296 32 21 18
99 129 69 59 58
238 293 45 18 13
242 287 99 93 92
228 273 68 56 53
33 200 19 15 11
108 167 47 40 34
112 247 90 55 24
156 195 89 46 42
3 19 17 13 10
210 245 92 80 77
55 128 19 14 12
125 226 27 2 1
186 246 56 35 35
208 295 87 56 51
200 269 38 22 18
12 148 100 88 84
176 299 42 29 17
270 275 36 23 19
5 65 70 61 52
235 259 98 81 66
162 278 46 26 26
229 265 19 7 6
159 211 66 13 3
102 183 7 2 0
154 174 17 10 9
142 194 30 26 26
223 293 45 24 20
217 286 27 22 22
144 268 94 40 7
70 196 94 46 4
250 275 49 39 39
180 200 35 25 20
170 215 88 4 0
198 215 17 16 16
206 232 66 47 35
101 139 27 12 2
210 265 95 61 47
53 229 67 57 54
244 282 56 29 13
237 248 49 30 30
203 208 97 36 29
50 57 64 43 33
117 135 16 8 3
76 174 54 23 6
85 116 6 2 1
260 292 54 29 14
166 252 45 32 24
208 257 68 6 4
15 55 85 35 16
167 285 82 38 30
68 143 32 30 28
56 296 20 15 14
67 210 76 75 75
65 70 26 23 23
185 190 96 42 26
285 299 43 40 38
248 272 89 68 50
267 291 80 75 74
102 125 52 37 37
106 218 79 27 8
276 285 10 6 6
266 288 74 54 38
132 232 50 33 24
108 269 92 77 72
55 156 77 38 35
165 260 35 13 8
230 234 60 38 21
15 113 76 72 72
51 179 56 47 42
38 202 72 68 64
101 248 72 37 35
195 218 26 18 13
161 205 32 3 2
203 295 70 38 24
249 250 23 10 5
93 255 87 18 1
13 31 1 0 0
264 291 36 25 22
142 267 50 7 2
138 232 51 50 50
96 148 20 18 17
279 291 24 4 2
236 256 54 24 10
185 227 70 30 5
133 207 93 88 88
223 229 4 1 0
10 121 59 56 53
81 116 97 58 56
268 276 91 12 5
53 162 17 15 14
163 213 96 50 4
124 187 35 25 20
266 268 13 6 1
215 260 26 8 4
176 185 34 23 16
128 249 56 33 25
54 94 4 2 0
81 243 30 12 4
119 144 57 37 30
269 283 54 48 45
55 205 17 15 14
118 200 100 97 95
146 244 65 43 31
8 149 49 40 31
178 221 65 46 41
74 148 80 54 43
177 258 2 2 2
35 292 39 26 18
150 173 75 7 5
6 173 57 54 52
146 299 72 34 23
282 298 54 46 45
238 275 42 34 29
255 284 66 14 12
269 278 0 0 0
46 261 33 20 16
142 238 84 81 81
249 255 53 7 0
193 280 97 93 91
61 218 74 20 17
260 293 92 61 58
218 283 30 4 3
99 275 89 85 84
264 287 81 67 66
113 210 54 32 12
1 105 7 5 5
86 219 37 34 31
92 148 43 24 12
78 286 58 29 17
262 273 8 6 4
56 157 64 58 55
94 112 37 14 5
152 196 30 24 22
217 237 25 6 2
239 290 78 28 11
198 263 60 19 15
71 199 22 19 19
44 238 59 57 55
168 229 92 35 3
37 263 15 6 2
27 55 67 56 48
216 271 30 15 5
217 251 39 27 20
71 169 35 34 33
202 220 28 22 22
160 285 27 5 0
39 121 32 16 14
28 234 69 66 63
197 277 75 19 15
208 261 81 75 72
137 215 19 17 17
29 151 70 39 32
244 271 81 37 37
217 242 50 24 23
220 227 10 8 7
239 263 5 4 4
40 107 98 24 14
93 259 97 69 56
220 232 52 45 43
187 224 16 8 6
124 269 86 78 70
207 285 38 19 3
141 275 14 14 14
22 178 21 18 15
42 163 88 25 23
87 239 91 77 76
16 59 65 31 31
128 267 58 55 55
249 289 70 42 37
2 70 41 29 27
226 287 76 28 23
57 142 67 50 46
193 287 69 64 60
218 230 56 22 1
128 250 51 40 40
80 202 91 40 39
255 263 78 53 33
242 269 74 63 58
130 259 76 28 28
201 212 77 50 32
31 160 30 28 28
92 108 93 67 67
84 255 84 39 29
258 262 1 1 1
139 229 77 40 15
161 167 69 61 57
74 242 45 20 10
148 213 99 48 45
207 236 84 60 56
51 143 86 20 20
41 267 32 25 20
240 248 2 0 0
287 299 28 6 6
133 288 26 19 15
98 282 78 40 20
1 183 16 6 4
126 232 7 6 5
76 257 3 1 0
67 246 62 14 13
140 230 9 7 7
173 223 27 9 4
149 170 87 35 0
66 207 43 9 5
189 250 41 29 25
258 266 7 1 0
92 98 30 15 15
211 247 64 38 19
193 200 63 8 5
193 255 45 24 6
116 298 20 12 6
132 159 54 40 32
162 273 68 47 47
91 112 11 5 5
13 135 100 90 89
55 283 44 38 32
267 283 30 18 13
208 272 31 28 27
58 292 74 66 65
196 241 68 37 15
33 74 26 23 23
20 70 86 30 23
224 259 90 89 89
57 141 80 63 49
237 300 77 28 24
116 249 33 33 33
261 285 51 50 50
161 235 38 37 37
222 290 90 23 19
56 256 37 8 1
174 247 55 21 14
248 267 31 15 12
221 294 10 1 1
180 187 40 33 27
237 295 40 23 12
16 124 10 5 2
59 236 14 5 2
71 108 61 46 43
256 298 63 63 63
266 290 71 31 21
256 292 86 43 36
231 242 80 71 69
195 298 81 14 6
150 267 51 15 5
185 253 63 40 24
105 217 40 24 23
123 214 87 52 30
105 261 95 66 64
159 219 74 69 65
158 187 3 2 1
229 239 80 51 46
143 195 13 13 13
205 240 33 13 0
91 119 47 46 46
196 223 90 51 17
194 199 70 33 33
248 271 74 54 54
185 284 69 62 62
212 263 15 2 0
77 272 35 2 1
250 284 8 5 3
209 218 56 53 50
115 128 13 12 12
93 237 13 11 10
183 266 69 8 7
194 213 35 34 34
20 213 13 8 8
209 248 5 5 5
267 295 65 63 62
11 103 97 50 47
219 296 32 30 30
228 278 96 23 16
165 265 57 57 57
97 256 38 25 24
120 297 64 30 0
111 240 13 10 7
239 244 63 36 12
116 160 83 71 66
232 243 70 48 45
115 169 38 33 32
180 211 17 13 13
169 236 0 0 0
260 281 55 23 15
205 251 42 30 20
73 168 66 41 36
212 295 21 9 6
215 250 0 0 0
118 201 77 64 60
8 190 47 7 0
152 260 15 11 11
217 260 14 4 0
159 180 45 42 41
49 59 89 66 55
133 148 65 46 42
146 247 82 40 3
38 206 70 62 55
100 217 26 8 6
114 132 96 85 80
15 79 38 12 3
2 58 78 58 45
147 161 97 44 6
164 254 43 38 37
24 248 41 18 12
257 267 59 33 33
153 154 61 44 43
255 262 47 20 10
223 275 98 11 8
238 266 34 23 21
93 240 2 1 0
244 249 81 19 14
240 289 79 36 29
81 254 88 86 84
215 255 44 25 15
113 119 3 2 1
242 279 67 22 1
251 264 97 97 97
122 138 82 44 35
278 283 20 15 13
204 255 87 29 16
231 293 45 1 1
219 268 52 29 26
195 244 67 51 49
30 61 17 8 2
151 248 72 70 70
34 290 9 6 6
14 79 24 16 15
70 250 67 30 21
157 161 41 39 37
211 269 85 30 11
153 186 99 33 18
178 268 68 59 51
94 105 4 2 2
162 198 75 49 42
113 188 10 6 4
27 202 21 13 9
1 140 9 2 0
88 291 91 79 71
141 229 73 28 10
232 299 35 27 27
77 292 48 8 2
182 260 51 11 8
259 284 47 20 13
276 282 61 21 19
175 257 59 11 5
249 283 22 16 15
36 114 97 79 75
47 51 99 61 43
197 287 46 32 19
261 272 70 3 1
162 167 27 18 18
167 256 85 46 25
178 204 77 57 42
31 162 5 4 3
47 201 66 38 29
83 114 11 5 2
283 284 89 61 46
153 216 77 76 76
238 285 50 30 17
160 173 15 7 1
142 271 63 36 15
75 253 70 25 1
159 284 39 6 4
26 220 48 17 7
165 182 29 22 18
226 267 43 14 4
47 247 99 50 20
218 265 31 26 22
227 241 60 32 6
268 299 86 82 78
262 287 93 62 45
250 277 25 12 11
99 216 46 20 10
231 269 58 42 35
199 216 98 53 24
41 150 22 21 21
54 81 4 1 0
209 233 45 27 20
210 213 73 35 19
176 228 75 73 72
102 268 98 86 82
86 120 88 53 52
208 233 14 12 12
95 235 36 34 33
115 182 66 38 17
177 235 58 28 27
174 206 82 58 57
92 96 41 39 37
66 295 76 35 15
109 209 42 34 28
260 261 17 16 15
47 159 35 27 27
142 191 48 25 8
177 291 9 6 3
52 102 59 34 14
228 297 59 15 8
129 249 39 23 19
88 183 38 22 16
152 195 27 14 14
104 187 4 3 3
203 269 39 13 13
188 191 34 22 17
109 286 58 4 2
20 78 36 22 21
20 209 22 16 11
288 292 38 36 34
222 233 59 35 32
39 134 63 16 5
93 167 61 40 28
168 241 96 53 22
176 253 77 31 28
252 266 70 50 30
213 289 31 27 27
260 278 39 39 39
130 225 17 3 2
15 42 3 2 2
194 280 86 36 19
79 82 87 72 59
153 194 79 35 17
4 133 77 46 35
140 187 6 3 3
45 71 85 82 80
130 136 55 26 20
106 147 58 25 3
270 290 21 8 0
275 292 49 6 0
78 94 59 40 36
69 130 26 16 10
179 239 86 44 42
64 112 83 50 25
108 271 82 66 62
198 281 90 30 23
41 140 75 32 3
260 273 62 26 25
214 220 71 58 54
145 271 48 2 0
261 296 99 91 86
266 282 53 32 17
289 296 97 38 38
210 300 23 17 13
12 38 50 36 23
155 259 31 20 13
92 254 78 58 46
202 206 23 3 1
160 297 62 26 24
51 190 19 10 3
18 239 92 66 48
176 292 60 54 49
143 271 63 60 59
240 285 87 51 41
122 209 5 2 2
199 200 49 19 19
86 202 28 18 11
270 298 62 21 19
190 204 1 1 1
153 217 92 57 34
268 296 52 43 39
262 263 59 20 15
145 192 70 66 65
268 292 80 55 52
199 205 4 4 4
86 166 91 36 24
97 281 19 18 18
17 52 33 30 30
84 290 13 5 2
264 278 4 4 4
236 287 39 34 32
5 237 42 34 34
91 125 76 39 36
72 109 47 29 15
22 136 88 88 88
74 230 15 13 11
107 258 46 3 1
124 136 31 15 11
92 191 19 10 1
177 186 31 28 27
14 74 23 17 16
194 205 100 90 89
226 275 87 39 34
148 259 92 67 46
275 285 77 33 1
32 123 12 5 5
280 298 57 45 33
207 289 87 69 69
154 222 53 32 31
238 261 19 17 16
4 191 52 14 7
238 294 64 51 44
63 208 22 16 14
217 274 18 9 7
227 271 11 10 10
130 257 53 51 50
151 297 79 36 27
254 257 53 34 24
95 266 26 21 17
76 258 8 3 1
284 298 3 1 0
240 284 22 16 11
13 218 19 18 18
34 190 85 43 40
189 190 95 85 85
162 265 98 54 34
104 295 79 58 50
223 254 63 52 52
22 251 83 43 6
86 201 7 6 6
10 183 95 43 41
204 238 41 30 24
73 240 92 19 11
191 242 72 61 60
167 240 23 17 15
113 132 92 69 61
28 285 65 28 27
221 256 42 41 40
146 243 60 10 8
155 233 18 15 15
62 236 89 30 21
179 217 47 39 39
190 237 71 44 42
112 185 45 31 30
138 219 24 18 17
37 105 74 24 14
235 292 27 19 11
134 146 87 79 79
72 113 57 41 30
48 255 89 39 31
157 199 9 5 3
15 217 39 9 6
36 132 19 12 7
29 82 73 67 67
119 141 16 9 6
61 97 29 14 9
45 287 81 79 77
94 209 26 14 3
72 84 44 25 14
7 84 98 80 78
169 232 95 29 9
127 265 10 6 6
138 253 68 68 68
158 202 62 56 52
57 224 1 1 1
286 294 37 17 10
192 194 53 44 42
250 267 5 5 5
139 281 21 3 1
13 200 66 43 34
88 93 14 10 8
110 258 67 48 41
277 284 50 23 12
90 227 89 47 8
138 278 1 1 1
219 267 77 35 24
7 127 78 69 66
210 237 47 16 0
82 235 28 15 6
133 145 61 56 55
274 293 99 74 74
265 273 24 15 13
26 88 6 3 2
22 90 32 31 31
153 248 60 33 24
188 238 80 38 22
95 112 100 48 22
36 151 28 19 16
74 99 0 0 0
157 225 30 16 12
24 102 29 22 21
26 115 61 29 16
142 180 61 23 23
256 268 34 28 25
135 160 21 21 21
268 272 38 35 35
114 252 29 19 18
175 247 20 20 20
264 289 63 27 25
182 193 42 2 0
132 267 9 8 8
247 298 76 72 71
119 277 58 50 43
7 41 9 1 0
66 148 35 17 15
113 134 59 39 35
93 207 64 7 6
62 293 97 61 54
192 228 41 36 33
143 256 8 6 4
18 116 89 65 62
137 231 52 34 22
127 275 83 51 51
175 298 9 8 7
133 143 44 41 38
105 228 87 30 16
53 59 49 36 30
188 200 24 10 2
226 236 8 6 5
38 193 4 1 1
115 141 72 47 27
245 253 90 35 18
8 205 36 12 2
45 272 4 2 1
81 239 13 5 4
63 151 55 31 17
118 187 81 53 49
4 210 15 12 12
126 208 68 47 26
29 228 86 66 53
28 225 2 1 0
67 135 18 6 6
279 289 38 32 31
26 39 74 29 24
153 297 70 64 62
55 243 80 33 21
93 131 8 4 4
235 270 11 1 0
104 140 52 39 38
37 143 45 19 14
132 233 26 14 11
99 184 12 9 9
221 287 45 39 33
77 232 13 4 3
186 292 36 20 18
218 292 51 25 13
160 193 10 10 10
271 279 50 48 48
16 293 68 36 16
245 247 83 26 26
148 291 3 1 0
145 234 25 17 11
260 270 32 25 19
173 178 93 20 13
77 84 97 72 47
37 63 36 12 8
169 227 81 22 10
124 233 80 60 40
264 279 72 53 53
90 109 16 14 14
75 238 30 15 14
16 69 41 31 29
294 299 65 40 32
265 296 91 34 16
164 268 67 46 32
62 251 95 59 46
102 249 63 9 9
151 213 52 23 15
48 179 0 0 0
190 197 10 7 6
96 158 78 68 65
234 265 92 34 3
74 254 51 48 48
3 65 34 10 10
203 220 15 15 15
2 37 96 88 85
235 240 2 0 0
123 185 92 54 43
288 294 54 40 33
243 277 2 1 1
7 22 88 80 75
9 230 80 71 68
134 262 37 15 9
100 269 78 10 7
128 297 98 70 60
274 288 81 23 16
119 258 94 51 24
253 282 80 57 46
102 176 33 9 3
38 178 74 49 36
144 265 37 21 14
93 248 24 7 2
257 289 78 77 77
17 40 58 56 56
73 239 68 1 1
99 218 33 25 24
146 260 1 0 0
24 52 7 3 3
124 240 83 49 27
221 257 82 7 1
97 153 16 15 15
84 299 38 6 5
42 113 22 13 6
132 134 1 1 1
125 292 21 17 13
178 258 19 9 8
9 150 96 91 86
24 242 77 53 42
189 287 32 20 17
80 201 3 0 0
133 158 34 31 28
174 282 62 59 57
253 264 60 25 21
37 296 36 6 6
137 193 42 14 0
159 164 34 24 22
231 282 32 12 11
34 110 83 71 68
213 285 48 29 14
158 274 10 5 3
98 257 32 8 0
247 257 0 0 0
149 240 11 6 5
153 210 90 28 14
8 127 57 11 5
175 241 99 52 5
265 299 11 6 3
19 249 39 18 18
134 141 43 32 31
18 241 95 34 14
190 229 32 18 17
46 186 50 44 39
208 265 30 19 13
159 244 9 5 5
270 287 69 37 5
36 38 12 12 12
2 220 28 20 16
206 261 2 0 0
58 249 51 34 26
202 231 22 7 0
157 252 62 57 57
108 148 28 9 6
29 38 28 16 10
44 214 20 11 2
260 294 54 41 35
74 282 75 21 16
215 264 22 15 14
81 145 23 17 14
152 249 27 22 18
285 293 96 30 4
166 246 70 59 59
133 166 69 33 17
94 260 47 40 37
226 276 18 5 1
93 141 69 36 17
229 252 10 8 6
242 243 56 17 16
106 118 22 13 4
79 246 64 28 27
231 246 71 42 15
172 195 61 29 15
157 224 78 76 75
236 292 32 24 23
57 299 33 23 21
167 234 94 47 12
120 152 56 10 5
3 206 29 12 4
264 292 58 46 37
171 250 36 22 14
50 129 9 6 6
87 133 55 49 48
143 219 73 62 51
240 282 75 40 13
207 214 51 46 45
102 223 90 48 44
156 177 92 79 75
59 146 15 15 15
172 216 22 17 17
92 119 97 82 82
176 205 78 58 47
193 204 88 76 73
53 234 47 32 30
266 292 5 2 1
244 284 43 32 29
201 228 12 8 8
281 284 68 39 24
17 249 78 53 48
85 289 24 14 4
162 206 28 11 3
13 74 13 4 1
132 237 80 61 51
36 93 94 35 26
27 62 40 0 0
144 207 96 57 53
256 267 31 30 30
194 195 40 16 5
44 261 8 8 8
278 280 4 4 4
185 280 89 78 78
210 262 27 25 24
132 153 36 28 28
202 281 13 2 2
181 271 52 50 48
249 287 70 39 33
98 182 89 48 33
137 145 3 1 0
178 298 15 11 7
285 291 59 26 13
287 288 34 18 11
271 297 78 29 23
9 284 24 9 9
221 282 82 62 62
198 273 54 16 16
47 153 2 1 1
4 260 30 21 16
143 274 87 55 24
187 217 80 51 36
227 270 34 30 29
82 105 69 35 33
229 234 33 12 9
89 221 55 26 21
182 282 5 4 4
180 240 97 63 31
35 241 65 50 49
79 278 48 36 24
182 277 14 3 1
9 16 44 9 8
221 244 15 3 1
14 275 2 2 2
136 187 74 48 27
79 186 58 53 48
100 243 41 11 2
90 262 17 2 0
101 187 35 23 11
138 234 10 9 8
234 296 87 48 28
162 229 83 40 36
97 192 21 10 10
87 289 96 67 56
111 154 32 18 8
140 282 99 51 24
287 292 84 76 73
90 141 20 18 16
54 242 56 34 28
60 106 50 9 2
201 214 1 0 0
226 234 46 38 36
256 291 84 60 41
222 258 16 10 9
156 290 73 62 56
62 219 49 36 35
131 185 10 6 3
106 145 8 6 6
155 246 99 77 75
85 228 46 24 22
267 271 48 21 0
77 117 58 38 31
223 272 74 44 15
15 243 9 9 9
108 126 65 37 19
107 193 62 33 13
168 287 13 7 4
176 204 29 19 14
35 68 73 22 14
109 181 67 65 65
280 284 85 78 78
213 268 26 24 22
160 266 56 40 29
200 245 99 20 15
64 221 38 20 9
45 219 90 66 60
199 262 25 20 15
153 213 17 6 5
92 292 18 16 15
100 212 84 78 75
152 261 42 19 13
160 217 36 16 11
248 289 63 22 18
265 287 85 65 62
87 266 9 2 0
75 296 0 0 0
220 288 24 17 12
231 260 53 32 12
78 223 60 17 16
281 288 5 5 5
120 191 94 45 2
74 178 90 74 74
236 295 48 28 25
25 168 81 39 14
56 94 36 21 18
63 157 8 4 2
82 242 94 48 19
35 185 8 1 0
266 291 9 2 1
10 156 75 59 56
48 132 60 36 18
231 276 92 72 59
153 182 25 22 22
273 291 21 18 16
41 46 56 42 36
151 256 48 29 25
105 140 79 34 33
224 269 54 37 26
239 297 78 76 75
81 146 63 49 38
70 286 10 5 2
67 212 60 39 28
5 55 33 23 23
93 149 2 2 2
253 286 69 18 3
266 271 9 3 2
122 169 33 29 26
139 253 58 52 51
160 218 75 61 47
53 177 46 24 23
121 290 22 13 10
223 296 58 43 34
124 242 70 51 35
33 62 41 32 28
24 140 93 91 91
189 240 3 2 2
207 234 74 36 31
33 76 53 52 52
127 253 62 23 21
128 204 62 49 42
261 279 0 0 0
229 278 80 75 71
113 150 55 55 55
147 226 70 53 48
180 214 90 81 79
153 257 59 52 52
16 246 27 17 16
31 224 2 0 0
6 189 5 4 3
174 192 78 56 41
138 244 24 2 2
77 103 56 24 3
150 188 96 36 16
287 300 31 11 6
105 205 9 6 6
243 274 86 40 23
68 276 10 7 4
22 205 38 31 28
271 274 70 24 14
128 138 82 22 11
139 248 5 5 5
98 126 46 34 22
104 113 14 4 4
102 260 74 25 24
125 272 76 11 3
255 290 49 23 14
60 203 98 84 83
19 68 100 24 6
48 176 8 4 1
201 220 54 27 27
9 135 96 81 69
127 138 68 29 29
97 234 1 1 1
3 28 30 9 6
131 159 74 52 47
188 251 33 29 29
146 181 19 19 19
261 300 14 2 2
233 274 70 40 11
214 265 22 10 1
260 268 45 30 19
206 224 36 22 18
72 263 33 12 11
82 283 83 51 42
209 247 80 40 23
201 223 51 11 6
1 247 81 55 44
241 265 80 58 40
128 255 4 2 1
22 27 37 13 5
116 132 45 36 36
152 295 29 22 19
187 296 52 36 32
1 166 33 7 4
19 211 87 68 51
189 298 90 64 54
253 294 54 45 36
205 233 66 34 5
98 136 34 27 25
13 64 93 12 10
56 133 93 90 89
90 272 84 78 75
7 276 94 58 44
18 234 59 30 17
92 196 8 5 5
196 245 83 52 44
1 22 27 12 5
110 187 19 19 19
282 286 25 18 13
153 256 9 6 3
189 286 16 7 2
277 291 6 4 2
41 167 26 10 1
81 149 59 59 59
197 273 43 4 2
79 292 64 39 35
32 113 92 83 81
40 222 70 57 47
106 207 87 30 10
52 246 63 33 32
69 186 72 70 69
78 235 75 35 15
128 161 76 67 59
161 245 79 10 4
207 230 46 36 36
179 275 14 14 14
218 240 48 21 19
89 173 26 23 22
45 271 73 39 36
204 208 72 36 11
74 284 54 52 50
227 297 38 38 38
172 222 80 28 22
239 266 16 12 11
273 277 88 15 9
164 278 4 2 1
166 292 40 22 21
14 22 89 51 18
183 245 72 54 44
21 71 90 74 58
53 220 2 1 1
147 286 73 50 34
24 145 86 50 35
160 199 85 45 12
167 218 50 32 16
98 120 17 9 8
10 206 71 30 16
113 272 45 25 19
113 180 51 15 0
185 196 7 4 3
180 202 26 16 7
15 66 17 12 11
2 14 59 28 20
9 198 61 53 52
61 272 73 35 25
86 206 90 75 74
210 269 81 61 55
113 140 18 17 17
261 278 17 16 16
245 286 84 27 20
83 281 100 16 6
184 225 46 30 19
98 253 29 16 11
17 167 55 33 17
75 296 79 9 8
105 191 10 3 0
174 186 0 0 0
148 197 98 75 66
44 215 39 26 19
99 217 82 62 62
159 210 31 18 10
166 267 31 3 2
49 269 32 31 30
228 248 3 1 1
135 204 45 24 9
243 287 16 16 16
232 245 52 39 26
40 128 13 5 3
217 270 60 14 7
130 192 24 12 6
191 263 8 4 3
91 224 31 22 16
247 290 70 33 22
250 255 60 39 35
215 218 57 45 33
63 187 23 12 7
184 211 12 3 3
209 215 68 33 29
188 244 47 12 4
75 282 25 25 25
111 287 98 29 21
206 236 66 34 24
197 233 6 5 4
278 297 57 40 37
69 252 64 17 4
21 139 17 15 15
107 128 83 80 80
239 265 5 4 4
28 216 86 60 52
254 269 12 7 7
51 226 56 10 8
184 189 84 22 11
47 137 36 25 20
103 227 43 23 16
9 260 59 53 52
36 110 47 41 36
244 285 55 45 38
222 273 26 22 20
195 296 62 59 57
194 294 38 31 31
108 127 10 8 7
88 204 77 69 68
293 298 1 1 1
164 195 76 43 23
111 171 23 15 14
241 285 86 49 21
200 260 49 18 5
171 210 65 24 20
17 117 63 28 26
142 204 14 9 6
206 220 70 50 38
155 162 94 74 61
45 202 75 68 67
177 236 39 22 20
253 260 63 46 38
157 263 31 20 15
219 300 59 31 3
180 197 100 96 95
19 265 54 45 45
222 292 61 30 20
237 247 17 9 7
121 141 51 31 25
224 270 46 25 13
134 173 86 43 13
156 270 99 58 50
116 154 10 9 9
157 203 73 53 37
177 223 97 43 2
68 144 54 38 34
102 159 40 11 7
170 171 21 8 8
166 190 57 30 24
252 287 42 19 3
77 172 38 14 4
53 184 82 39 24
38 214 0 0 0
100 158 52 42 41
117 255 30 17 7
195 211 48 38 32
75 92 79 58 55
14 212 37 15 10
37 121 57 20 20
57 203 14 13 13
59 252 100 40 19
121 156 9 2 1
268 269 73 34 16
103 212 35 9 8
98 155 99 26 14
32 148 47 34 32
18 256 43 39 35
170 187 13 5 2
222 238 67 55 52
51 54 83 35 8
66 275 43 31 19
250 288 56 51 49
238 289 55 34 29
48 295 21 19 18
41 216 20 15 15
166 228 23 19 19
198 291 51 12 5
63 104 85 64 62
30 227 36 26 16
99 253 70 14 11
5 122 54 19 16
170 222 22 17 15
84 104 87 81 77
183 216 36 19 4
115 161 31 26 25
35 131 85 54 41
252 283 52 14 9
62 116 70 25 17
104 191 83 52 31
103 219 50 26 19
221 239 83 78 77
18 147 42 37 36
180 195 77 57 56
107 134 68 47 40
247 265 53 30 24
96 284 19 12 11
280 299 88 79 77
226 297 56 49 48
111 232 99 94 92
172 234 81 76 75
140 220 25 11 1
7 166 85 75 75
198 289 7 3 3
168 271 23 16 12
145 252 36 22 20
116 165 14 4 3
21 97 11 7 4
115 204 93 82 82
193 279 31 29 28
154 184 34 24 24
153 191 26 11 6
3 5 27 11 8
246 268 51 40 35
131 230 22 20 19
66 274 45 31 30
61 281 29 21 15
233 240 79 61 56
42 87 30 12 7
233 244 62 43 28
9 121 7 4 3
97 202 34 34 34
124 259 64 51 39
161 175 64 9 3
5 182 18 7 2
40 188 67 64 61
226 296 40 19 19
162 275 23 21 20
43 220 41 18 14
58 248 48 29 22
96 127 79 67 61
5 135 59 28 17
180 192 81 54 39
3 111 90 46 44
120 277 76 52 35
84 100 18 10 10
93 182 34 22 22
83 283 2 0 0
149 163 12 12 12
125 274 85 63 61
43 185 96 81 76
137 150 34 31 29
94 118 74 61 50
60 115 10 3 0
191 211 37 19 7
163 242 19 6 0
158 233 60 19 11
47 92 81 45 36
261 269 30 21 15
234 236 61 52 49
60 181 60 56 53
50 296 67 67 67
58 246 79 72 72
166 223 94 78 69
63 81 88 39 23
283 287 13 6 6
45 126 66 14 10
82 150 34 22 18
183 211 8 5 5
235 256 24 16 16
31 66 58 28 20
200 255 88 63 42
75 169 13 3 1
94 230 24 17 13
1 101 59 26 9
127 290 45 33 22
110 216 14 10 10
208 279 83 28 25
177 192 86 77 77
171 298 16 9 8
7 159 60 22 20
132 231 93 53 33
38 140 37 37 37
105 193 83 80 79
156 222 92 80 77
8 52 30 23 23
59 144 72 37 14
241 290 35 32 32
64 178 69 47 44
121 182 11 8 6
149 286 97 96 96
265 283 97 93 90
54 221 65 49 45
42 217 33 20 14
281 299 64 34 26
55 255 80 51 36
210 282 44 36 28
202 264 68 54 44
11 29 5 3 1
243 262 70 10 2
33 160 69 34 13
33 44 47 34 21
82 266 11 9 9
252 279 97 40 25
16 204 38 25 23
125 239 71 53 37
269 297 44 41 41
166 240 93 36 21
66 215 84 68 62
8 287 54 36 20
225 288 29 25 21
123 245 55 19 0
138 286 71 57 45
44 69 23 19 19
217 266 15 10 7
42 146 94 8 7
219 297 27 12 11
145 164 15 13 11
90 289 11 9 9
8 260 70 25 16
231 294 20 16 15
126 285 24 21 21
151 271 31 17 13
279 299 23 13 4
63 214 18 5 1
127 293 96 51 12
110 111 59 15 9
11 12 26 14 14
118 242 41 0 0
54 57 100 60 36
139 178 75 69 63
83 247 61 41 33
115 281 21 12 4
252 285 70 52 44
22 154 34 7 6
221 222 66 28 23
170 233 21 19 18
168 237 75 30 30
44 145 64 44 36
38 108 82 40 6
125 174 13 13 13
23 72 1 1 1
9 256 31 16 3
44 103 79 36 21
145 264 57 46 39
141 246 99 9 3
235 281 9 1 0
49 56 99 85 81
207 242 10 9 9
141 157 88 76 74
149 157 40 33 33
52 70 72 17 0
179 225 62 8 6
135 257 97 91 88
29 107 95 84 84
80 229 83 33 28
122 234 6 2 0
148 225 5 0 0
254 279 8 3 2
268 279 18 9 5
179 251 0 0 0
200 279 10 0 0
91 167 98 22 19
253 258 96 89 83
209 252 59 16 5
44 213 65 64 64
194 216 9 2 2
30 264 6 1 0
133 203 75 61 57
115 214 44 37 33
135 217 36 17 14
76 200 67 65 64
79 276 26 11 11
89 181 1 0 0
252 260 76 53 36
57 298 44 23 17
191 262 97 57 21
118 299 90 19 4
253 283 81 39 20
42 123 41 40 39
3 86 23 3 2
129 257 77 65 54
19 172 88 29 6
249 296 92 92 92
97 258 87 52 51
105 245 14 12 12
117 251 3 3 3
235 295 71 64 60
28 271 31 26 26
71 210 46 28 11
249 284 11 10 10
151 174 64 36 13
106 169 55 48 45
171 189 49 48 47
61 129 52 30 27
55 87 8 4 4
71 196 24 16 15
21 51 97 13 6
135 205 67 29 5
53 147 17 12 11
243 284 24 21 19
74 229 29 10 6
142 252 16 11 9
36 294 23 4 1
177 253 3 2 2
184 200 100 91 90
193 216 69 41 39
196 206 71 58 56
265 278 20 14 14
19 60 69 44 41
169 191 74 35 13
6 150 16 2 1
25 298 75 28 12
129 179 77 45 30
253 266 22 18 16
253 271 58 20 1
105 271 63 41 23
269 299 77 31 27
242 275 52 39 36
220 287 4 2 2
66 175 28 8 3
214 242 50 46 42
48 129 45 14 9
19 203 74 8 0
1 287
2 226
3 243
4 226
5 130
6 166
7 325
8 223
9 155
10 198
11 291
12 348
13 184
14 257
15 269
16 273
17 175
18 310
19 332
20 279
21 282
22 267
23 154
24 270
25 180
26 286
27 282
28 270
29 261
30 162
31 203
32 274
33 211
34 265
35 329
36 158
37 230
38 232
39 226
40 228
41 165
42 218
43 227
44 242
45 320
46 248
47 249
48 223
49 264
50 154
51 356
52 278
53 328
54 293
55 313
56 297
57 161
58 162
59 332
60 307
61 308
62 393
63 436
64 291
65 142
66 424
67 227
68 427
69 343
70 425
71 175
72 222
73 296
74 336
75 309
76 301
77 311
78 368
79 247
80 360
81 255
82 255
83 226
84 282
85 139
86 300
87 352
88 354
89 370
90 342
91 184
92 305
93 469
94 438
95 378
96 149
97 174
98 322
99 171
100 398
101 273
102 314
103 424
104 332
105 435
106 396
107 260
108 308
109 256
110 254
111 348
112 384
113 428
114 161
115 399
116 376
117 284
118 462
119 288
120 421
121 211
122 317
123 331
124 402
125 385
126 422
127 307
128 259
129 385
130 329
131 330
132 381
133 353
134 511
135 493
136 382
137 271
138 505
139 339
140 408
141 373
142 201
143 405
144 377
145 437
146 372
147 307
148 498
149 333
150 484
151 551
152 251
153 421
154 298
155 316
156 412
157 212
158 217
159 395
160 367
161 496
162 410
163 448
164 338
165 324
166 452
167 353
168 506
169 448
170 513
171 488
172 457
173 386
174 438
175 434
176 390
177 253
178 398
179 352
180 406
181 278
182 350
183 478
184 349
185 455
186 298
187 475
188 526
189 364
190 477
191 546
192 353
193 554
194 382
195 470
196 492
197 396
198 540
199 385
200 458
201 423
202 476
203 470
204 498
205 485
206 696
207 468
208 628
209 480
210 431
211 583
212 520
213 576
214 499
215 527
216 379
217 641
218 449
219 558
220 403
221 386
222 457
223 669
224 390
225 492
226 539
227 491
228 534
229 503
230 422
231 564
232 608
233 708
234 725
235 500
236 449
237 478
238 489
239 557
240 502
241 605
242 586
243 626
244 815
245 768
246 582
247 738
248 468
249 685
250 465
251 600
252 564
253 868
254 514
255 898
256 560
257 744
258 595
259 574
260 691
261 706
262 512
263 403
264 480
265 622
266 614
267 680
268 713
269 775
270 732
271 720
272 688
273 752
274 551
275 942
276 645
277 745
278 681
279 558
280 387
281 735
282 801
283 645
284 749
285 871
286 881
287 810
288 647
289 781
290 680
291 688
292 801
293 943
294 509
295 709
296 706
297 563
298 774
299 612
300 685
