50 200
8 25 23 10 0
20 32 39 17 12
21 45 87 34 6
5 47 63 38 26
37 50 67 44 32
3 23 39 13 13
47 49 95 87 81
18 34 29 20 12
1 6 85 31 1
31 48 43 11 0
26 31 22 7 0
29 32 87 85 85
5 34 49 37 30
4 41 82 76 74
45 47 49 43 42
24 49 65 14 8
1 13 9 2 0
47 50 60 28 14
23 41 89 1 1
9 24 38 19 6
16 27 89 50 37
46 49 70 26 26
41 50 21 8 5
8 32 72 22 6
4 36 20 12 11
36 37 34 14 4
6 32 64 58 58
14 50 38 34 33
37 48 24 21 18
25 26 68 58 50
30 46 72 61 56
1 33 97 95 94
28 38 71 13 9
19 37 78 67 65
30 40 16 9 8
11 25 54 18 7
43 47 15 9 9
30 48 90 48 48
8 46 100 42 22
13 20 13 4 0
5 36 49 30 12
2 26 81 52 37
43 50 78 21 18
16 38 87 11 1
9 13 17 9 4
42 43 91 69 65
26 32 63 33 29
32 43 55 44 40
17 48 21 6 1
38 50 13 5 5
13 41 32 22 17
30 34 5 3 1
34 36 79 48 26
28 49 81 72 64
17 22 24 14 8
37 49 51 29 14
48 49 43 35 30
34 42 42 34 26
45 46 11 10 10
24 43 63 28 14
24 35 55 18 11
36 48 25 25 25
26 38 44 10 10
5 10 38 9 9
18 32 74 58 48
18 43 16 4 3
15 42 52 51 51
31 33 71 36 35
2 18 9 6 6
4 38 82 74 69
8 12 97 37 4
10 23 89 28 19
49 50 48 48 48
44 49 12 6 0
2 44 52 40 40
9 44 12 10 9
16 40 56 44 41
35 47 70 25 11
20 27 84 32 15
20 45 69 52 52
18 19 52 42 35
22 26 86 49 14
43 48 92 89 87
34 48 30 9 2
35 43 45 29 25
15 18 79 17 3
7 34 58 55 53
16 41 29 11 7
39 42 15 6 6
22 23 22 5 4
8 23 16 14 14
17 18 59 23 15
20 26 91 80 69
15 50 82 28 13
32 34 48 35 31
35 48 72 30 30
2 28 25 24 24
38 45 49 33 28
25 33 84 25 23
17 26 1 0 0
26 42 45 7 4
9 49 10 4 3
20 44 61 54 52
11 15 35 33 31
43 49 11 5 4
20 47 36 24 23
23 37 46 33 23
9 45 34 20 13
8 50 85 60 50
2 34 3 2 2
21 24 6 3 0
45 49 47 30 16
7 50 7 5 4
38 46 27 23 20
38 49 57 23 16
18 21 90 34 33
9 31 0 0 0
4 35 65 48 47
14 17 36 32 31
17 34 41 30 24
11 13 15 1 0
21 33 37 26 21
6 27 27 26 26
47 48 14 2 0
44 46 51 44 37
33 39 40 37 37
36 42 99 78 73
38 44 97 86 78
37 39 66 30 21
16 29 96 15 3
39 47 57 38 33
26 43 58 20 13
23 33 37 15 3
13 25 52 38 26
5 26 8 8 8
13 36 67 30 17
38 40 27 22 19
11 38 42 40 39
2 7 46 9 9
34 39 64 17 14
33 34 60 54 53
18 44 97 75 69
21 40 90 47 47
19 24 3 2 1
44 45 86 75 72
9 20 23 10 6
12 22 23 16 9
40 42 39 39 39
40 43 6 5 4
31 46 76 56 44
46 47 31 24 18
27 44 57 55 53
14 30 82 9 9
23 32 77 50 49
22 44 89 33 1
7 39 17 7 2
46 50 22 7 0
35 37 43 40 39
3 21 67 39 39
5 25 0 0 0
24 45 74 37 20
12 33 45 19 11
7 38 7 5 4
22 46 94 38 24
7 43 25 14 13
12 14 75 64 60
48 50 1 0 0
25 39 19 9 6
4 28 13 9 5
24 50 33 19 13
33 38 52 30 22
17 41 41 36 31
3 42 14 4 4
8 15 93 39 9
21 48 19 17 16
25 47 55 6 6
40 46 57 33 24
24 28 22 9 4
36 40 28 26 25
7 17 65 55 47
1 15 94 30 28
23 29 47 16 10
38 43 26 22 20
34 49 29 25 23
37 45 21 12 3
4 43 82 79 78
7 16 61 47 39
1 45 76 46 37
41 42 9 4 4
7 44 71 42 36
29 43 96 16 9
25 31 84 45 12
9 22 25 11 4
9 39 83 65 65
19 45 61 48 37
23 27 20 12 12
44 47 81 43 23
39 49 97 38 13
24 41 39 26 19
28 42 18 16 16
1 107
2 48
3 35
4 29
5 62
6 44
7 75
8 188
9 67
10 45
11 36
12 76
13 69
14 47
15 150
16 137
17 64
18 136
19 27
20 96
21 115
22 150
23 172
24 150
25 156
26 167
27 69
28 60
29 118
30 73
31 105
32 113
33 111
34 121
35 91
36 102
37 102
38 172
39 139
40 55
41 88
42 64
43 185
44 149
45 165
46 164
47 167
48 107
49 181
50 155
