1000 5000
653 681 44 24 12
141 371 46 11 11
101 590 46 17 7
957 959 16 9 9
177 350 79 46 42
781 992 41 37 36
981 985 78 64 60
838 948 83 60 57
290 340 79 60 43
362 804 80 48 31
955 972 16 8 4
41 684 5 1 0
321 684 93 35 8
272 347 23 19 17
638 733 71 44 34
799 802 20 8 2
362 440 0 0 0
379 960 88 31 0
231 606 14 13 13
568 648 20 11 11
310 457 55 53 52
922 993 66 23 18
318 434 36 34 34
825 826 71 45 44
591 711 82 64 54
327 870 45 33 23
996 998 25 11 6
622 710 62 20 7
824 956 1 0 0
862 957 50 9 1
214 300 99 72 49
188 983 36 27 22
836 890 79 18 10
868 987 23 21 21
317 456 42 23 15
910 934 99 25 21
47 175 47 13 9
880 994 17 4 4
237 839 77 70 65
33 69 29 24 22
858 865 77 37 25
377 721 55 32 30
135 723 65 51 37
580 759 1 1 1
272 723 89 70 59
463 664 18 6 5
149 779 68 37 29
639 694 6 1 0
360 966 11 7 6
34 463 8 8 8
442 655 22 7 6
733 871 24 15 10
406 673 11 4 2
733 998 67 67 67
594 911 84 12 5
391 995 81 79 77
752 779 89 31 5
819 905 37 12 5
162 211 57 43 31
450 591 49 19 4
372 503 23 17 13
897 961 28 22 16
621 873 21 18 15
635 729 6 5 5
795 888 30 19 17
599 642 52 41 36
727 943 60 15 11
494 690 12 5 4
10 920 41 19 13
978 998 0 0 0
314 397 65 37 35
59 155 19 19 19
161 705 58 16 1
116 917 92 44 14
556 582 16 14 14
733 789 25 16 15
84 307 59 39 26
64 633 57 43 42
321 407 47 19 12
541 582 63 53 52
280 445 9 7 6
279 424 96 90 90
634 884 73 71 70
54 728 37 36 36
380 809 66 32 32
436 669 60 47 34
82 796 71 33 19
330 376 30 29 28
299 859 76 36 34
363 684 54 38 34
786 865 32 2 2
581 610 36 36 36
118 833 69 62 59
227 814 8 7 7
556 639 9 7 7
504 999 0 0 0
329 568 2 2 2
487 703 61 35 18
462 582 59 21 0
387 732 25 14 7
443 887 26 20 15
745 923 57 35 13
250 880 1 1 1
733 824 24 15 12
805 834 47 47 47
212 891 12 7 6
808 828 80 72 68
509 816 47 35 34
439 671 32 31 30
524 935 31 6 2
345 739 70 44 32
554 666 41 36 36
135 882 5 3 1
229 515 28 22 16
452 683 71 71 71
670 861 31 18 5
24 351 20 16 13
663 883 77 73 69
730 784 84 11 9
327 484 39 27 25
250 694 84 39 1
752 851 44 15 9
171 330 36 15 10
488 866 65 16 4
360 466 49 18 11
263 340 52 21 17
324 803 54 26 15
905 927 82 69 68
264 274 48 43 43
408 507 39 33 30
681 808 64 59 59
792 957 100 19 4
352 756 52 37 29
570 959 4 2 2
704 878 0 0 0
802 924 20 18 18
624 791 48 47 47
625 755 80 67 66
108 441 35 7 5
645 823 7 6 6
449 998 92 55 20
619 826 12 11 11
639 646 65 51 49
255 551 27 22 21
761 782 37 28 20
923 931 61 20 12
168 910 13 10 10
848 878 32 28 28
753 821 13 13 13
768 879 51 33 25
913 916 76 30 27
587 705 69 59 55
449 961 49 18 15
710 825 60 60 60
444 935 90 70 57
368 473 61 39 29
221 223 77 74 73
142 943 43 29 21
55 208 34 22 16
680 805 2 1 1
849 940 55 6 1
967 987 77 46 22
567 640 41 14 10
641 994 86 69 57
162 753 11 2 1
175 806 25 13 3
565 625 56 38 21
936 998 16 9 8
72 426 70 23 9
639 885 47 11 2
93 435 54 23 17
999 1000 45 42 39
247 636 48 23 13
648 999 10 2 0
246 588 85 75 69
344 654 43 11 10
25 491 30 25 21
528 716 76 29 16
476 522 83 76 73
981 983 39 34 30
9 774 19 14 14
633 742 88 36 9
30 515 83 30 30
843 870 90 33 8
565 671 97 80 70
483 543 11 5 1
556 825 14 11 10
544 781 46 0 0
646 668 91 79 77
527 923 71 47 26
104 456 34 16 5
591 909 78 43 29
161 720 91 43 4
490 674 48 35 27
728 886 62 29 15
587 890 84 48 29
129 458 38 24 20
802 845 14 12 10
542 799 89 25 20
730 994 71 25 6
431 823 0 0 0
662 736 69 27 26
426 714 24 18 13
959 993 39 22 13
593 989 0 0 0
437 895 71 64 62
432 535 77 74 72
249 924 69 62 61
10 692 63 28 26
332 833 57 54 54
498 734 83 31 0
184 712 30 27 25
856 951 93 85 80
862 912 37 11 2
502 755 66 28 25
153 656 3 3 3
694 768 78 57 49
840 984 10 5 2
484 866 94 37 32
65 599 43 26 20
210 461 33 18 15
405 454 82 35 21
450 964 96 84 82
527 982 54 49 49
99 201 72 44 32
30 196 47 32 23
439 933 97 48 16
567 594 18 3 0
105 862 43 38 33
949 966 23 21 21
219 783 87 70 54
682 851 94 52 52
285 967 16 10 10
292 941 70 58 57
641 846 43 27 26
81 163 59 32 24
348 731 36 24 13
361 935 82 50 39
539 798 44 37 32
415 721 41 18 4
693 805 43 40 39
573 874 94 85 82
468 752 84 65 47
421 452 40 23 13
415 620 90 71 69
782 986 38 37 37
321 974 76 65 63
270 488 33 25 21
394 670 62 33 11
939 943 77 29 18
402 580 49 23 22
703 855 94 70 55
323 713 12 6 6
748 905 1 0 0
17 652 2 1 1
507 783 30 22 16
504 904 22 11 8
663 844 81 74 73
379 805 2 0 0
410 989 82 59 50
630 816 85 29 11
544 844 73 34 1
272 660 65 25 9
767 844 14 12 12
783 880 11 5 3
888 895 11 10 9
490 491 95 86 85
331 607 9 5 5
669 917 9 5 4
178 1000 25 22 19
277 538 87 41 20
849 904 99 43 24
918 962 27 24 21
651 757 1 1 1
590 746 72 31 21
603 651 4 3 3
274 514 88 72 61
843 978 23 10 8
421 830 99 70 65
14 140 61 48 44
98 821 69 42 26
597 762 39 37 35
191 952 74 38 4
653 755 72 48 39
207 879 49 43 43
688 865 50 21 17
844 927 89 61 48
365 943 21 2 0
689 805 25 21 20
190 987 65 33 18
673 923 49 42 38
637 951 83 57 46
89 391 57 19 5
877 886 70 54 46
93 739 20 10 7
144 431 40 11 6
22 975 21 21 21
434 962 64 26 18
786 965 46 36 32
381 824 51 17 16
23 871 61 58 56
755 788 87 24 7
668 857 7 7 7
522 661 63 60 58
459 908 23 4 0
288 577 76 26 3
51 992 33 22 17
621 848 11 6 4
328 331 36 32 31
722 943 79 43 13
885 983 63 55 50
286 853 63 29 11
779 920 100 52 41
377 917 39 22 10
862 920 8 1 1
745 921 86 59 37
564 788 17 8 6
585 639 7 6 6
424 634 1 1 1
435 758 21 4 3
57 320 55 55 55
14 498 81 45 11
296 973 99 75 75
35 568 12 3 1
460 676 80 70 66
638 666 83 35 14
779 857 35 24 18
866 986 24 5 2
634 749 13 6 2
109 335 95 40 34
807 841 37 29 22
399 530 94 50 39
145 573 12 11 11
417 787 38 31 31
816 994 66 29 9
366 980 82 57 45
803 990 30 17 11
792 856 74 72 71
834 967 72 21 13
226 598 52 28 22
270 359 62 33 15
569 982 55 33 31
626 868 45 25 17
103 726 46 15 5
386 943 81 32 0
322 786 48 22 12
308 447 100 48 33
912 994 46 40 36
242 901 37 20 17
421 744 46 31 31
874 979 3 2 2
616 627 82 36 27
7 418 75 36 33
907 991 56 26 5
44 532 97 82 79
514 760 31 17 17
151 732 8 6 5
440 830 31 18 10
258 873 37 34 31
311 428 56 42 39
876 937 27 15 4
18 208 64 40 39
256 619 65 29 20
79 703 23 18 18
996 999 69 5 5
604 776 9 1 1
255 481 54 5 4
439 836 16 7 2
467 478 8 8 8
1 956 90 61 44
952 989 49 28 14
490 860 54 19 10
216 367 37 21 7
61 268 82 77 73
181 285 73 51 31
801 966 48 17 7
887 910 85 85 85
200 490 4 1 0
242 708 95 18 14
409 535 33 25 25
314 324 96 30 13
502 561 43 41 40
940 982 19 13 12
729 863 21 12 10
568 918 81 75 74
969 994 99 51 41
938 939 90 53 44
114 452 35 8 7
589 706 26 12 6
822 931 37 27 27
79 831 49 38 30
180 655 92 53 29
835 848 10 5 2
187 540 90 77 70
461 997 30 13 5
37 650 79 20 15
763 946 58 39 34
887 949 9 3 3
739 954 59 48 48
926 935 20 20 20
188 850 4 3 3
871 936 32 30 28
37 641 9 5 2
414 615 94 61 58
510 716 96 59 37
799 951 60 13 12
911 928 6 0 0
648 686 92 45 3
878 909 42 35 29
301 359 61 24 12
7 187 14 5 4
616 661 61 49 40
679 728 63 40 24
662 834 65 28 9
789 993 53 36 32
119 534 92 60 34
590 955 86 85 85
23 567 71 64 57
428 829 95 39 18
993 995 13 12 11
230 818 23 3 3
248 485 55 44 41
817 878 73 44 23
901 948 36 33 32
215 759 24 19 17
573 694 15 6 3
176 580 71 46 44
219 986 8 1 1
59 259 78 32 29
961 987 65 44 44
851 877 47 23 19
337 950 14 2 2
531 855 96 84 72
893 960 77 67 61
747 786 42 33 29
322 819 60 9 2
319 733 16 15 15
709 741 70 30 8
607 667 43 32 23
833 991 74 67 63
781 825 18 6 1
442 957 96 50 29
967 988 91 48 48
39 86 36 33 33
462 883 19 11 10
57 916 27 18 15
616 723 31 14 14
857 988 74 8 5
952 982 51 7 7
814 955 8 7 7
783 786 42 14 11
842 858 22 6 0
955 998 89 10 9
105 291 91 23 8
473 794 56 52 48
229 669 21 16 15
152 787 63 31 16
55 963 11 8 5
379 688 13 10 10
690 929 54 44 35
315 456 19 15 14
447 784 35 25 18
198 304 30 28 27
304 763 81 63 61
86 159 24 7 3
74 972 28 10 1
970 973 6 2 2
664 788 91 28 6
634 730 80 62 61
441 956 84 24 4
480 626 28 0 0
471 870 36 17 4
440 504 8 3 1
165 882 13 5 4
114 406 13 4 2
908 916 35 30 29
609 673 98 82 79
169 385 34 22 19
39 878 55 33 14
342 502 6 3 0
754 822 36 17 5
817 995 83 43 20
102 390 20 9 3
671 829 68 18 9
667 875 78 52 28
906 989 52 35 28
272 581 86 64 60
238 798 68 41 28
202 528 95 34 24
36 757 2 2 2
873 878 68 29 5
646 787 93 72 70
197 751 28 27 27
688 996 16 10 8
210 425 60 32 20
586 833 2 0 0
666 750 17 2 1
749 922 2 2 2
616 711 32 32 32
214 483 91 37 7
75 798 61 28 12
172 435 32 27 26
568 597 87 75 67
3 453 91 43 39
527 897 40 38 37
535 657 74 36 17
463 624 100 18 6
380 629 26 15 6
296 617 41 26 12
806 881 41 15 10
503 667 79 72 71
293 851 17 9 1
923 947 9 6 6
830 887 10 9 9
505 702 89 77 65
816 915 22 16 15
696 790 26 16 9
492 611 80 31 25
664 789 24 23 22
133 187 10 0 0
148 510 64 62 62
644 740 40 24 10
488 549 1 1 1
404 910 85 41 38
788 885 2 2 2
355 639 75 75 75
343 939 77 40 28
67 478 78 71 68
912 931 78 55 53
580 659 83 45 36
816 963 64 24 23
671 942 58 49 47
683 957 59 44 39
403 997 82 34 12
133 816 35 21 7
792 952 54 33 31
735 823 43 31 29
746 862 77 39 31
256 760 23 11 9
335 664 57 49 48
320 869 17 14 14
500 971 5 4 3
477 501 62 59 58
556 672 62 35 35
211 300 80 72 71
975 992 0 0 0
342 879 74 49 32
341 556 97 46 32
398 429 40 31 23
25 921 9 4 0
523 963 100 93 93
840 963 44 32 29
997 999 43 24 21
936 990 59 34 27
675 678 96 70 70
607 939 10 8 8
402 578 37 26 21
641 784 46 24 17
280 736 57 24 17
954 975 49 45 42
687 823 25 23 21
752 886 38 14 7
131 485 44 41 38
859 997 27 27 27
724 848 97 22 4
559 622 90 84 84
463 601 40 18 14
330 781 98 60 29
186 208 52 40 40
514 863 64 32 6
158 805 73 34 33
977 985 58 52 50
906 924 76 31 18
109 380 4 2 1
254 342 12 8 6
703 968 40 26 25
795 965 8 1 0
900 996 67 60 60
382 864 7 6 5
231 871 94 67 42
154 456 62 54 53
394 768 91 11 11
752 943 46 45 44
412 817 21 16 16
586 991 26 8 4
690 822 92 37 23
714 904 46 24 12
623 673 46 31 22
172 806 80 37 8
666 979 24 5 4
926 999 15 11 9
985 999 33 10 9
681 857 84 75 71
774 843 49 26 14
546 819 2 0 0
929 966 56 24 24
892 931 23 23 23
593 788 31 28 28
271 657 31 27 27
431 984 98 42 20
27 621 2 2 2
280 778 29 18 15
59 229 95 48 37
240 631 93 79 66
501 792 92 90 88
613 865 93 56 34
354 737 4 4 4
31 131 69 49 35
876 883 24 14 7
380 419 56 54 54
425 667 88 51 50
599 893 40 29 24
765 915 1 1 1
11 861 40 13 13
874 978 17 9 3
628 803 97 51 7
370 745 38 17 4
209 429 10 7 6
708 863 60 33 28
546 548 46 16 5
261 974 44 27 26
677 896 49 44 39
615 815 12 4 3
216 405 45 29 21
7 226 9 8 8
882 884 63 27 18
272 509 53 51 51
156 270 40 6 2
306 729 68 7 3
779 912 45 41 41
694 808 2 1 1
36 953 88 11 8
824 901 35 16 16
210 339 67 39 19
78 931 15 7 0
578 715 51 21 8
980 991 20 8 3
522 525 100 36 0
919 988 75 5 0
361 796 66 65 65
482 810 93 43 6
309 459 19 9 2
891 997 30 13 10
682 876 42 27 13
864 891 95 57 49
16 215 2 0 0
640 818 33 8 0
987 989 96 17 4
34 911 89 61 33
723 873 45 12 8
385 934 4 2 1
194 393 4 3 2
655 945 14 10 8
442 943 55 49 49
102 591 45 16 2
631 885 61 34 18
6 847 31 20 12
839 870 0 0 0
540 771 9 9 9
935 990 55 55 55
106 814 29 25 23
119 587 89 73 70
696 749 84 64 62
10 346 28 2 2
778 900 93 50 47
597 830 98 26 17
950 985 53 43 34
771 973 28 2 1
642 814 85 47 29
67 891 4 3 3
121 329 36 28 22
638 850 64 58 53
465 542 80 72 71
112 993 0 0 0
428 602 4 0 0
242 498 45 35 34
705 778 59 30 27
472 947 89 18 12
625 936 18 9 6
921 924 33 24 19
83 505 97 32 32
386 816 48 27 25
298 601 30 20 18
109 668 35 30 26
765 800 11 8 5
456 657 8 1 1
366 719 90 69 69
339 792 13 13 13
239 568 67 58 58
126 639 5 2 2
613 965 70 67 66
795 861 12 11 10
458 750 86 52 22
338 403 8 8 8
464 498 24 11 1
141 519 59 45 35
307 907 6 2 1
656 813 9 2 1
248 328 8 8 8
326 683 74 32 13
610 995 47 40 38
404 548 32 31 31
351 621 85 17 12
935 951 98 79 73
499 654 12 12 12
137 406 44 6 4
507 547 67 55 48
365 512 27 27 27
169 292 49 43 42
966 985 70 9 9
429 530 33 32 32
779 990 38 29 29
451 963 65 21 3
78 772 2 0 0
225 971 29 12 12
960 968 92 57 55
628 738 80 41 3
938 948 51 28 19
18 533 27 19 18
574 946 40 39 39
899 982 38 36 35
356 883 93 64 41
174 527 19 7 6
385 414 4 3 3
557 760 99 18 8
488 827 43 33 28
11 995 83 14 14
146 620 43 41 40
855 993 25 25 25
131 667 17 8 8
957 984 37 3 2
273 827 87 70 64
432 646 80 78 76
617 690 56 55 54
430 486 74 33 18
247 304 15 10 8
288 878 66 39 37
855 918 21 19 18
626 735 15 11 11
662 806 94 79 79
958 976 17 16 16
16 649 66 30 6
277 643 61 27 5
441 663 12 7 2
298 395 75 65 62
201 987 55 54 53
771 976 23 13 12
741 983 63 37 25
903 1000 34 19 14
234 585 31 7 6
85 794 18 2 2
94 498 90 39 27
599 958 27 13 8
464 976 31 19 11
532 721 28 9 8
676 746 59 39 24
221 951 53 13 7
145 927 79 34 22
173 283 5 0 0
64 717 49 40 37
895 970 46 18 5
285 469 94 30 21
496 515 69 43 37
766 971 45 33 24
83 840 51 16 13
712 960 41 39 37
601 626 27 24 22
96 383 58 33 12
358 967 13 7 4
667 912 27 16 9
907 980 18 15 14
74 431 98 68 57
604 653 25 14 7
855 863 73 30 29
20 223 2 1 0
508 697 2 2 2
5 198 93 80 69
286 785 13 6 2
363 799 35 28 28
569 673 18 10 8
877 978 82 25 23
412 542 28 1 0
826 917 15 12 12
583 620 16 13 13
778 890 49 44 43
110 871 87 24 18
622 994 64 26 1
571 750 86 27 11
89 904 1 0 0
209 656 94 91 89
814 941 66 44 40
261 749 15 13 11
122 906 51 20 11
713 935 3 0 0
305 578 87 31 19
489 926 9 6 4
359 431 97 67 51
223 711 99 74 63
933 965 27 20 19
728 897 2 2 2
861 944 37 5 0
693 864 71 23 18
98 871 61 39 25
658 845 3 3 3
862 917 32 29 27
250 491 5 3 2
532 750 69 60 52
507 625 57 49 49
980 981 90 83 77
186 943 65 58 56
455 540 12 5 3
687 773 7 7 7
662 714 30 19 17
469 954 100 75 53
522 781 63 55 52
451 606 42 24 13
900 981 46 27 10
79 335 81 52 50
205 252 38 28 18
293 883 17 12 7
231 788 80 34 28
706 808 24 13 5
223 299 39 31 30
826 863 13 6 1
655 932 0 0 0
330 493 0 0 0
649 941 35 26 18
246 314 19 15 13
286 711 63 22 21
405 759 88 34 2
320 886 66 46 39
914 918 49 37 25
974 983 61 35 24
982 987 88 70 67
169 791 39 27 24
5 812 24 9 3
512 592 47 19 4
888 990 10 6 4
514 837 89 43 20
93 305 96 79 78
58 203 41 10 0
680 984 24 15 12
725 804 60 30 30
664 967 72 48 38
594 956 36 28 20
722 881 38 11 9
280 465 29 5 4
230 480 80 68 66
655 744 84 43 16
881 894 49 22 21
864 941 76 63 54
192 553 93 60 29
739 806 59 33 13
589 956 88 29 17
710 918 23 13 6
576 999 42 32 28
441 553 39 34 29
778 922 47 22 12
21 328 39 10 4
367 600 7 3 2
113 270 5 4 4
442 544 2 1 1
482 586 12 9 6
551 613 81 36 23
100 377 57 41 41
508 658 81 42 28
318 559 20 6 0
823 852 42 39 38
159 354 92 90 90
384 586 29 21 19
93 593 0 0 0
41 936 83 74 65
895 936 68 17 13
473 676 60 45 42
277 933 56 46 41
793 921 22 20 20
433 638 83 44 23
419 431 8 5 3
630 785 41 23 6
381 481 15 5 0
556 867 54 48 47
754 954 7 6 6
10 484 32 5 5
741 881 4 1 1
131 516 68 36 34
931 992 45 26 17
16 307 24 17 16
848 890 45 37 35
650 985 20 19 18
424 655 34 32 32
534 882 69 22 4
508 539 30 9 9
711 836 77 57 57
240 722 55 16 0
760 1000 43 34 25
461 856 38 32 26
662 777 71 46 43
168 517 23 8 6
967 982 29 20 19
552 586 44 22 20
570 706 19 8 7
672 801 61 24 9
197 256 80 58 49
569 808 17 10 8
920 940 8 1 1
317 642 58 28 21
188 450 62 24 10
753 861 73 71 69
497 766 8 0 0
799 904 18 10 9
950 989 22 7 3
839 862 70 57 46
785 905 39 6 1
990 1000 17 11 10
358 868 16 11 8
687 821 67 62 60
268 909 33 31 31
122 349 13 12 12
884 951 2 1 1
787 797 84 75 74
409 649 65 31 31
577 857 74 38 7
217 790 74 41 20
547 640 60 35 24
882 883 53 7 5
968 993 5 5 5
164 474 74 71 68
478 533 28 11 1
677 996 32 19 12
403 553 13 7 6
113 753 25 23 23
980 982 35 34 34
509 711 13 4 3
471 914 54 15 10
249 383 20 11 8
63 826 42 20 16
152 826 16 7 7
84 490 87 19 10
363 548 61 55 52
117 436 59 33 18
329 632 72 64 58
666 876 31 20 9
672 772 35 16 13
88 486 49 28 16
574 943 43 16 5
469 859 71 11 4
681 826 88 36 7
730 785 84 82 82
297 870 59 32 22
80 269 57 57 57
311 999 28 5 5
520 901 53 52 51
872 957 64 19 2
884 999 86 35 4
308 967 76 42 25
906 970 79 35 26
390 973 74 53 49
14 971 72 16 7
176 846 28 26 26
857 912 15 13 12
264 953 84 56 56
863 865 68 61 54
40 274 53 48 48
208 359 77 61 57
162 189 16 14 12
549 718 17 5 1
279 288 97 46 38
543 990 87 84 81
251 639 24 12 4
200 697 83 71 66
950 952 1 1 1
940 948 8 7 7
596 657 77 28 5
826 905 34 32 32
217 247 7 6 5
288 970 3 1 1
935 943 69 39 35
678 702 21 11 8
628 920 30 7 3
119 790 26 22 22
859 941 57 17 5
234 701 94 72 64
50 591 35 23 12
475 713 68 62 59
614 645 89 25 8
520 955 14 4 0
698 891 42 32 32
529 862 98 87 87
156 855 57 54 54
911 936 22 17 17
676 916 19 16 15
487 536 10 6 5
483 812 59 47 38
125 473 93 45 0
853 859 21 20 20
300 584 14 13 13
74 258 84 57 38
329 713 57 31 23
312 618 6 4 3
312 524 46 28 19
841 888 79 35 31
105 414 40 19 8
579 978 20 11 10
562 781 87 76 72
250 754 43 42 42
179 323 85 21 18
671 919 40 23 17
469 589 66 25 7
398 807 85 69 57
236 590 7 6 5
384 510 86 44 22
622 759 70 53 42
512 680 1 0 0
972 982 87 32 24
241 513 42 35 33
412 432 36 18 8
266 776 27 9 9
885 992 23 16 13
330 358 2 0 0
416 432 61 55 53
141 755 20 11 7
127 514 93 75 60
61 679 65 21 6
657 900 79 28 26
76 659 33 22 17
564 913 45 25 21
255 901 44 20 18
888 980 59 26 10
213 983 32 23 16
553 663 40 6 2
2 105 63 15 8
591 693 85 53 21
570 860 9 7 7
361 412 48 34 29
305 690 10 9 8
647 798 48 22 9
265 506 73 28 27
153 460 44 13 6
341 762 26 14 7
585 691 67 53 45
513 906 16 5 5
483 744 34 25 23
562 783 52 16 9
335 573 73 64 59
637 816 25 15 6
402 836 3 3 3
247 437 12 11 10
19 348 91 30 28
488 797 67 25 1
103 605 15 13 12
170 513 39 20 5
294 788 5 0 0
934 982 17 14 14
248 435 10 7 4
150 225 43 10 8
788 930 40 28 25
8 150 26 15 15
88 630 78 70 66
567 616 71 52 41
331 651 82 62 50
973 976 45 25 9
96 678 45 11 8
623 881 24 20 16
926 989 6 6 6
509 589 34 19 12
252 826 65 21 6
607 618 61 22 22
581 880 99 80 80
640 781 3 3 3
700 899 88 26 25
761 777 86 12 1
315 324 75 17 5
260 571 90 77 77
691 995 42 13 10
595 824 64 60 56
277 671 95 74 69
439 998 75 35 1
956 968 25 14 14
60 566 45 32 27
302 461 21 19 17
167 606 68 63 62
822 975 13 11 11
12 852 88 73 73
813 990 60 56 54
749 876 37 37 37
991 992 87 53 30
389 431 93 66 45
19 375 44 37 35
471 861 40 34 33
727 912 23 18 14
737 775 65 51 40
110 122 33 32 32
774 790 10 6 5
552 562 99 59 54
678 756 98 87 77
392 597 57 50 44
154 379 98 4 4
393 735 39 25 12
990 991 68 29 1
679 870 2 2 2
403 734 31 20 10
499 973 35 12 10
488 676 61 52 43
662 791 15 7 5
643 852 30 11 4
51 133 55 50 48
147 305 80 70 61
195 923 100 56 42
950 988 10 6 5
196 388 35 31 28
691 939 54 42 40
400 884 57 37 22
610 791 16 8 7
618 771 93 56 38
870 995 23 9 4
950 982 86 53 42
22 887 48 29 27
996 1000 77 47 22
650 707 41 14 5
17 320 63 40 37
880 983 82 66 65
637 918 3 1 0
541 667 25 24 23
232 495 22 15 15
460 512 39 19 12
444 447 98 58 30
495 613 60 29 13
786 802 22 5 3
228 285 59 9 6
121 684 56 44 39
785 961 84 66 61
779 805 88 76 72
202 927 22 5 1
951 961 24 12 9
905 977 9 6 6
958 962 9 9 9
488 1000 33 20 18
882 885 86 30 30
702 961 28 23 23
356 869 88 85 82
627 764 19 7 6
202 822 75 41 39
980 983 11 8 6
172 296 40 17 9
353 772 44 21 6
990 998 37 4 2
590 958 32 32 32
805 959 62 56 50
16 419 80 41 22
229 892 41 21 16
626 748 75 54 35
973 989 40 17 17
476 942 79 68 67
500 684 57 57 57
377 707 21 10 7
630 638 50 40 30
299 379 91 68 48
617 764 27 9 1
625 975 11 7 4
232 263 100 74 70
279 417 89 86 84
894 988 13 10 9
348 552 99 47 15
247 930 2 1 0
912 944 45 38 38
186 744 3 3 3
222 999 3 2 2
854 989 9 7 7
52 266 94 70 47
627 683 61 39 27
973 991 17 6 3
555 914 48 43 41
351 487 77 21 9
985 989 0 0 0
395 700 25 24 24
3 997 68 39 25
954 976 6 3 0
164 883 84 36 25
238 684 50 28 13
6 899 2 1 1
20 469 85 70 69
778 949 51 13 3
239 447 72 68 65
805 995 16 12 11
125 357 20 19 19
719 929 24 11 7
467 991 59 49 42
761 851 53 50 47
385 494 16 5 3
643 652 60 33 19
644 924 79 61 61
376 719 12 2 1
877 885 17 10 9
303 910 71 30 11
455 953 11 6 4
167 886 40 34 33
237 455 92 38 25
655 861 13 6 4
668 907 37 17 16
931 991 73 32 19
610 968 50 14 13
254 829 12 12 12
96 716 95 90 85
314 680 75 27 15
828 861 54 35 32
877 907 70 56 48
20 182 17 13 11
803 871 33 21 13
297 741 93 64 44
391 545 35 33 32
221 746 54 18 3
254 312 24 19 15
418 767 34 33 33
14 403 62 28 25
994 996 92 39 21
11 942 23 5 2
172 863 42 30 26
361 481 11 6 4
504 714 23 18 15
605 910 1 0 0
337 416 46 13 0
737 779 57 30 9
961 969 55 52 52
857 963 19 17 17
495 995 6 2 2
919 949 45 25 21
121 886 95 43 0
97 470 78 69 68
334 852 7 6 6
455 502 68 57 56
489 968 11 9 8
366 534 13 6 2
324 381 59 18 14
813 995 99 13 11
686 862 45 39 35
802 991 17 15 14
818 965 100 96 93
122 434 55 34 30
189 861 20 15 13
909 980 80 4 1
988 1000 78 72 72
409 875 45 13 7
862 931 36 33 33
457 992 18 15 14
24 988 99 43 1
84 286 12 11 10
136 917 38 33 32
910 953 78 20 9
19 713 93 88 86
962 992 32 29 29
812 844 37 25 24
752 757 42 27 21
183 556 58 41 32
793 897 29 12 7
167 716 2 2 2
979 993 44 30 17
773 883 96 94 93
835 969 41 21 21
776 882 26 17 11
444 749 42 41 41
583 710 37 2 0
803 909 19 16 16
687 689 61 47 47
13 482 54 24 13
904 967 62 41 38
857 985 65 10 10
450 930 23 14 9
138 431 65 43 27
12 179 87 38 8
655 845 64 53 47
743 948 65 11 0
564 899 17 6 6
141 890 54 49 49
40 508 20 19 19
135 278 76 58 40
275 723 65 50 42
515 634 83 18 4
790 938 52 8 8
575 608 85 74 65
12 389 30 27 26
664 667 12 3 3
390 449 82 74 66
387 942 90 42 40
619 913 6 0 0
561 959 44 39 38
540 865 53 43 39
523 627 86 74 74
562 639 56 17 2
85 101 40 15 13
418 950 62 9 3
774 800 13 5 0
359 930 79 33 16
292 436 76 51 37
890 896 24 15 9
954 999 58 36 28
87 213 85 84 84
382 785 48 25 16
829 969 93 87 84
151 795 100 37 20
649 726 14 13 12
843 856 43 38 36
420 464 38 17 12
72 298 30 2 2
292 509 40 39 38
365 978 31 18 12
477 695 6 5 4
360 525 70 9 2
13 759 59 27 8
863 979 64 58 55
149 946 96 79 77
485 972 8 6 4
286 393 16 9 4
539 579 100 60 20
997 1000 88 68 59
851 982 13 3 1
489 710 18 14 10
753 832 23 11 1
598 803 25 23 22
669 807 69 25 8
547 755 1 0 0
785 987 55 27 10
964 996 85 59 38
684 906 54 32 19
918 940 76 27 16
667 896 75 67 67
128 231 73 46 42
343 917 34 14 7
660 684 59 48 42
139 344 97 83 69
611 619 24 21 21
33 547 36 14 5
880 883 77 49 44
339 358 81 71 69
697 782 8 7 7
632 924 100 100 100
309 334 83 48 33
62 132 94 56 25
843 894 71 25 8
982 986 77 44 25
729 844 30 11 5
406 768 32 26 26
936 962 44 30 27
913 976 56 54 54
360 786 30 24 23
628 718 59 39 27
752 918 61 59 59
42 121 76 76 76
545 971 91 56 40
646 807 72 67 67
506 775 38 25 12
374 395 68 26 6
61 437 77 20 18
998 999 18 13 8
237 537 45 42 41
338 684 89 45 44
965 979 27 18 18
98 220 72 26 13
165 804 72 44 30
461 584 53 11 8
126 202 48 38 32
396 974 63 54 52
511 949 35 18 14
526 567 29 23 19
730 957 13 10 9
490 830 89 84 82
939 954 92 47 28
635 951 100 97 95
328 641 68 47 37
189 912 78 32 8
526 926 14 13 13
387 553 60 40 33
918 975 26 22 19
972 989 26 23 21
984 996 94 91 91
424 437 57 10 6
793 895 72 28 2
865 902 97 5 3
882 957 61 52 45
936 966 20 19 18
296 611 28 12 7
544 678 21 2 2
951 996 6 3 1
179 518 48 45 42
584 702 23 12 6
713 916 5 5 5
247 717 36 34 33
818 833 100 50 48
150 615 91 68 68
975 977 95 52 43
253 395 69 58 52
121 753 25 18 13
796 851 28 11 0
1 468 95 94 94
271 443 97 70 66
621 775 3 1 1
429 745 34 29 28
647 925 78 12 6
227 745 29 22 18
100 656 71 68 68
146 147 13 8 5
47 514 82 82 82
398 573 17 17 17
871 986 30 14 3
191 459 61 31 6
667 971 81 43 19
406 726 20 15 14
643 792 77 42 20
63 523 96 57 27
406 574 2 2 2
988 999 47 16 9
337 963 9 7 7
134 166 30 23 17
305 426 65 20 13
82 634 3 0 0
715 875 79 29 20
876 981 2 2 2
946 974 8 8 8
931 990 39 37 37
237 530 51 20 5
844 951 50 21 16
519 850 82 68 67
967 981 76 41 12
162 400 10 6 4
913 975 78 48 38
423 814 10 4 1
557 673 59 25 21
935 980 41 13 4
734 800 29 5 4
385 806 100 66 57
966 969 96 50 13
271 382 72 70 70
883 981 25 24 24
163 801 92 82 78
658 661 88 82 82
956 957 79 47 39
283 988 0 0 0
421 752 53 17 8
639 733 99 73 71
422 945 12 2 0
769 998 4 3 2
234 261 99 35 33
802 967 93 32 25
874 969 45 23 23
176 433 22 11 5
19 561 9 9 9
365 911 64 62 62
39 324 25 9 9
22 956 78 50 33
333 617 10 5 0
348 961 75 48 24
126 651 96 51 7
349 749 37 18 9
371 863 54 16 2
809 959 80 72 69
445 940 47 31 22
843 906 89 69 57
958 967 62 58 58
761 917 31 22 19
309 741 95 63 60
725 789 25 14 12
101 955 14 5 2
292 473 13 5 3
817 957 28 22 22
787 944 23 14 8
87 835 42 5 4
29 638 100 64 40
989 1000 0 0 0
257 951 31 13 1
187 730 27 12 6
447 573 99 55 45
234 729 44 14 4
642 944 25 18 12
157 319 24 9 4
776 825 54 53 53
508 950 18 14 10
692 820 1 1 1
330 571 89 73 68
937 996 26 25 25
559 797 96 49 44
506 667 68 10 7
884 906 95 37 36
972 986 36 18 0
32 997 84 22 3
141 945 49 46 44
828 873 41 24 7
231 724 61 52 46
17 950 93 73 66
855 932 22 13 12
318 849 90 86 82
191 517 5 4 3
161 493 90 39 13
155 454 7 2 2
873 953 74 42 30
960 990 60 27 8
247 541 10 3 2
973 974 47 36 33
446 461 37 35 33
854 980 42 25 15
306 757 92 66 41
680 890 99 52 27
794 969 100 37 18
99 565 34 15 7
903 966 8 5 3
10 289 2 2 2
376 637 30 26 26
373 475 73 58 58
806 840 91 52 33
455 987 55 54 54
801 983 80 42 9
329 711 39 24 23
271 932 25 23 21
433 885 80 63 62
858 934 60 48 45
802 971 80 30 7
163 975 25 23 22
375 838 92 61 42
939 945 60 32 6
441 462 36 28 21
748 978 46 30 25
235 994 10 4 1
893 924 79 24 15
485 855 0 0 0
566 722 1 1 1
562 888 71 42 21
336 990 20 8 7
415 697 28 8 1
823 898 71 14 2
855 952 68 30 15
628 776 10 7 7
391 509 80 46 39
321 617 13 6 2
526 801 24 9 6
960 986 95 74 58
18 747 36 13 13
152 400 72 42 40
192 856 18 5 3
164 931 94 67 57
353 994 86 34 28
978 998 72 46 38
232 989 31 23 15
672 988 0 0 0
687 786 54 44 42
735 987 64 25 1
519 774 28 18 17
859 948 24 13 9
216 314 14 11 9
961 983 34 13 10
466 655 81 33 5
378 594 40 18 9
331 786 37 13 2
202 885 94 92 91
900 922 64 32 24
331 675 3 0 0
868 973 57 49 44
95 678 55 37 34
101 582 13 12 11
84 751 56 24 7
609 828 90 75 72
977 991 84 61 53
109 257 86 70 67
760 999 20 16 12
991 997 63 48 44
231 540 3 1 1
260 603 39 18 2
43 121 2 2 2
331 955 9 6 6
975 1000 82 63 47
38 373 19 17 15
291 761 83 35 10
494 999 47 26 24
580 663 21 10 5
388 440 22 12 10
18 222 66 21 18
539 789 23 10 7
761 965 60 55 50
419 447 92 48 39
738 911 26 22 18
55 696 23 15 12
537 783 31 20 17
608 793 93 78 68
627 776 61 19 5
111 307 9 5 3
240 832 99 50 25
238 365 93 13 12
838 846 59 45 42
379 612 15 3 3
812 916 93 72 59
129 327 80 54 50
694 880 9 9 9
245 542 10 5 4
59 457 14 10 9
267 787 56 50 46
478 547 72 32 12
668 866 70 35 12
272 572 33 18 16
839 987 43 29 28
481 769 40 28 28
418 876 66 17 6
423 587 12 9 8
175 456 8 2 2
108 758 45 39 33
507 689 28 12 2
648 715 11 9 9
827 958 98 35 27
360 767 0 0 0
128 395 47 21 18
746 951 56 1 1
912 993 31 19 15
702 786 2 1 1
239 887 51 45 45
432 845 74 2 1
635 880 81 66 60
549 990 98 13 0
144 601 53 38 29
759 813 11 3 2
491 825 56 14 0
989 994 83 45 25
367 527 20 10 8
349 828 4 4 4
107 506 2 2 2
376 950 96 59 36
968 975 57 37 36
842 910 47 35 28
11 630 12 5 5
994 997 36 25 21
818 989 6 6 6
8 10 3 1 0
481 549 26 17 14
861 971 15 8 4
946 992 62 34 9
324 677 27 15 13
793 890 14 11 11
52 123 37 19 15
509 968 17 7 1
859 902 6 4 2
778 792 28 21 19
991 999 44 28 14
681 799 81 70 68
88 888 95 92 90
232 992 57 32 16
943 999 75 73 71
11 415 86 66 65
645 796 87 81 76
695 722 99 90 89
100 131 51 31 18
752 839 66 36 14
273 654 10 3 2
925 935 16 4 4
125 503 39 12 0
315 364 42 41 40
753 969 26 9 1
394 401 70 26 5
345 586 60 59 58
133 839 45 5 4
878 892 1 0 0
321 855 45 37 29
50 544 42 33 24
702 933 4 1 1
468 877 75 71 71
790 930 19 6 4
86 190 17 7 6
499 712 44 24 16
265 760 98 42 35
654 678 36 14 1
604 702 89 16 7
102 964 46 23 1
728 808 73 43 26
152 399 59 57 56
364 686 85 53 24
451 602 89 22 15
359 697 57 47 47
589 825 0 0 0
29 859 27 21 19
763 987 85 23 5
574 602 78 71 71
977 999 97 35 2
78 531 45 17 6
828 988 91 75 75
757 792 77 37 29
763 796 20 8 5
351 555 30 27 25
218 356 48 34 28
308 349 56 54 54
407 637 84 71 62
368 993 84 42 24
237 313 7 6 6
964 971 59 44 41
665 815 49 46 43
931 960 3 2 1
280 965 95 50 48
347 739 98 34 31
813 968 11 10 10
40 553 17 5 1
775 876 85 64 55
726 740 98 64 30
593 684 58 48 45
918 943 58 43 43
632 732 78 74 71
702 717 70 68 66
206 533 11 3 0
360 481 60 54 51
632 744 43 31 19
651 839 5 0 0
756 832 35 27 24
321 870 63 62 62
716 782 25 18 14
623 933 45 31 23
922 977 99 76 66
83 618 40 27 27
980 986 72 30 8
341 810 88 42 0
754 983 78 70 68
473 575 78 61 53
468 962 16 9 2
207 582 48 29 28
3 448 86 61 57
203 904 57 52 50
205 920 60 12 1
513 714 49 15 4
347 906 8 7 7
109 989 59 48 43
281 989 43 38 34
920 968 86 43 0
616 844 54 5 3
246 948 50 23 16
850 988 37 27 25
364 770 33 17 12
440 929 25 15 13
433 580 47 46 45
953 992 33 29 26
350 717 8 4 1
29 145 34 30 28
693 716 42 41 41
102 212 19 12 6
341 724 1 0 0
42 941 91 58 52
6 114 85 69 67
745 788 59 33 18
591 893 66 62 61
441 536 75 72 70
800 821 67 53 43
544 717 91 69 54
893 997 42 37 35
860 944 90 81 81
615 837 35 16 15
584 858 68 67 66
257 647 87 53 23
637 860 44 43 43
535 545 53 10 8
632 689 33 24 16
324 795 10 10 10
589 785 51 42 39
659 945 71 45 21
990 995 86 70 67
579 680 61 23 11
518 561 43 31 19
394 863 88 43 35
50 795 63 54 46
343 692 23 17 11
500 875 30 28 27
23 447 39 38 38
883 909 55 38 32
411 561 15 6 2
947 951 30 28 27
544 982 35 32 29
984 985 75 31 20
324 486 8 7 7
731 774 79 28 24
854 916 49 38 36
305 395 70 67 64
732 844 79 15 1
292 804 54 44 41
839 975 11 6 3
484 904 86 77 73
852 894 61 48 45
483 695 42 40 39
448 617 74 46 21
629 870 58 41 30
450 468 2 0 0
254 695 79 75 73
553 982 32 22 17
332 562 94 54 49
582 869 96 96 96
703 842 84 71 65
418 584 86 4 0
485 729 93 38 7
102 303 41 31 22
26 988 71 39 20
410 776 73 15 11
201 728 51 22 10
385 782 28 13 4
682 736 47 40 35
176 617 14 7 0
163 992 13 12 12
462 873 55 13 7
317 583 47 41 40
106 718 10 9 9
929 949 13 10 9
213 758 37 26 22
139 524 63 33 29
912 935 58 28 16
536 886 25 18 13
439 797 39 34 30
704 794 91 73 55
945 997 2 0 0
882 889 86 12 6
236 906 98 53 18
416 723 83 58 46
275 739 21 14 12
277 968 84 24 13
85 99 63 4 3
68 690 3 2 2
962 991 85 42 6
417 505 14 4 4
110 766 66 40 15
166 990 5 1 0
942 982 34 19 9
969 997 84 38 0
495 704 1 0 0
133 150 36 22 18
351 396 31 9 6
248 710 31 14 1
321 738 75 40 20
745 902 81 63 58
308 767 96 85 75
927 940 15 11 8
12 908 80 53 29
509 820 11 5 1
795 905 63 27 6
515 934 91 53 21
44 130 91 90 90
306 812 36 35 35
651 911 18 17 17
706 803 23 22 22
326 622 99 90 84
835 954 31 25 24
495 734 74 26 8
147 628 21 15 15
687 998 98 81 68
980 984 87 19 8
423 801 21 11 4
324 945 93 51 15
684 855 2 1 0
15 868 84 47 42
93 264 68 34 23
927 981 16 15 14
959 1000 66 48 31
578 762 86 43 3
418 847 55 34 20
574 774 29 25 25
187 902 31 30 30
358 893 20 19 19
307 800 25 6 5
62 495 25 23 21
7 729 82 49 48
574 652 7 1 0
458 737 33 15 3
39 609 9 8 8
196 366 11 4 2
625 839 100 86 75
455 709 13 5 4
840 899 50 37 33
879 990 20 6 1
197 245 33 19 13
765 945 38 31 29
807 960 82 81 80
834 856 53 36 35
964 967 90 62 54
284 501 73 51 30
408 871 15 10 7
278 725 42 23 10
24 447 18 11 11
642 855 62 45 33
695 768 63 5 0
393 621 73 34 2
954 966 96 41 26
498 569 9 2 2
25 435 69 55 41
405 779 85 10 3
669 736 86 60 60
651 738 72 46 40
151 943 29 11 8
230 658 90 74 73
144 180 40 33 31
986 995 41 35 31
635 731 13 3 2
724 957 50 48 47
175 909 36 36 36
291 880 13 2 0
480 855 100 51 17
174 497 17 9 9
288 734 11 7 7
152 564 65 22 20
532 779 28 22 22
11 776 0 0 0
900 917 51 21 8
175 421 74 58 51
292 838 89 73 63
417 890 10 5 3
677 850 51 49 48
953 975 26 15 10
361 526 0 0 0
111 343 60 31 27
409 699 66 34 32
677 748 48 38 31
912 991 63 6 0
181 431 5 1 1
432 563 71 70 70
969 996 15 3 1
276 773 4 1 0
733 749 6 5 5
310 625 76 53 48
854 939 44 43 42
882 909 61 23 8
328 547 12 7 5
810 881 82 26 6
357 423 20 7 0
190 507 88 9 1
60 880 100 53 32
284 503 40 35 30
332 473 39 27 15
285 749 83 78 78
885 960 80 70 63
337 435 12 11 11
485 835 56 32 31
917 923 93 43 4
812 887 58 51 51
352 529 27 10 1
34 321 0 0 0
284 782 43 31 25
169 642 55 23 19
598 972 93 64 58
710 932 13 12 12
429 957 62 50 49
129 566 42 17 11
782 973 56 49 45
995 999 44 23 6
357 482 96 65 65
524 781 62 58 54
520 877 25 21 19
267 393 13 9 7
867 930 0 0 0
391 516 90 38 11
196 471 31 31 31
97 582 76 69 69
112 218 89 40 13
283 428 92 88 87
698 888 49 29 22
494 736 38 23 23
686 960 87 15 3
90 877 46 31 24
240 293 66 24 21
139 608 43 31 31
298 510 31 21 12
63 489 98 67 66
941 953 54 34 23
851 924 73 24 24
214 438 44 41 40
218 623 95 0 0
928 946 93 46 36
483 645 22 16 16
615 994 3 3 3
137 375 86 50 31
831 956 36 19 18
886 918 21 19 17
186 309 76 54 53
793 823 51 24 24
39 264 77 70 63
757 832 80 11 8
63 589 74 23 9
240 867 7 7 7
820 854 51 51 51
811 873 48 32 18
57 306 84 43 27
956 979 22 20 20
47 272 26 14 7
79 925 21 17 13
301 486 78 34 28
520 587 36 35 35
222 643 1 0 0
181 748 42 34 27
812 856 2 1 1
577 595 29 10 3
372 386 14 12 10
584 886 88 49 19
323 543 41 15 7
593 673 69 26 20
296 301 99 57 51
71 221 41 34 28
691 733 0 0 0
157 411 37 19 11
515 598 81 32 11
657 685 65 41 18
418 880 24 22 22
698 789 98 59 59
843 912 83 70 58
159 311 22 3 3
68 766 35 20 12
679 855 32 13 6
949 998 34 28 26
916 975 80 79 79
782 897 17 15 15
787 873 19 11 10
539 706 37 26 25
865 947 93 25 1
694 786 84 81 79
568 916 90 74 61
482 637 51 12 11
694 810 77 64 64
377 929 27 7 4
803 940 50 45 43
803 844 38 25 22
792 924 3 2 2
161 416 7 4 3
101 659 9 9 9
488 713 38 30 26
305 827 32 28 24
376 840 95 17 17
477 790 92 36 27
737 963 50 31 21
985 988 53 36 27
556 746 44 24 22
322 861 43 16 4
727 936 15 9 4
678 760 49 38 28
964 987 92 57 39
347 855 73 26 21
457 882 59 27 15
255 763 71 27 2
586 609 12 8 4
682 792 78 78 78
442 813 57 53 53
894 969 50 30 15
94 172 72 47 36
432 551 70 29 5
112 925 75 51 28
613 971 89 71 54
560 795 28 12 4
383 612 98 82 69
730 958 46 43 43
17 974 11 3 3
451 775 39 30 25
374 781 74 63 63
819 880 5 1 0
804 853 53 48 45
190 729 13 10 10
939 952 50 47 47
97 730 16 12 12
860 900 11 8 6
6 98 1 0 0
374 775 42 19 12
283 762 36 12 11
945 961 55 35 19
62 666 27 14 13
632 788 18 10 6
532 953 30 10 3
428 729 94 65 58
985 993 27 23 22
286 364 46 33 33
526 715 3 2 1
714 859 13 8 3
469 692 28 25 23
158 996 21 5 5
173 750 67 26 20
240 275 47 36 32
684 995 4 3 3
54 838 72 23 21
12 835 96 69 45
405 979 22 10 4
421 682 5 2 1
422 930 45 14 7
477 938 67 67 67
911 932 57 33 23
99 223 38 8 3
965 981 33 16 4
924 980 33 22 18
907 996 16 12 9
947 982 88 61 44
32 888 96 45 4
557 670 30 12 7
978 983 31 27 25
499 953 79 26 22
802 919 42 19 9
166 606 27 20 16
190 364 73 9 4
920 974 83 63 62
308 904 62 46 31
23 745 9 4 2
631 848 85 74 71
90 894 83 55 51
697 854 79 17 2
441 539 13 13 13
468 624 79 29 16
771 948 48 40 40
382 724 65 36 34
325 544 33 8 4
136 428 19 9 7
779 971 1 0 0
82 878 89 74 68
853 886 53 53 53
491 767 70 32 27
499 552 98 65 64
800 957 49 27 24
395 527 69 54 46
965 973 33 15 11
242 462 46 33 22
544 778 38 23 22
396 700 80 43 17
717 911 62 59 58
215 230 10 5 3
806 839 86 82 80
955 1000 46 13 10
665 788 98 48 2
806 896 64 39 28
286 935 76 46 25
681 793 35 31 31
27 548 48 22 22
407 586 31 15 0
269 278 33 23 21
557 825 94 51 27
131 862 20 18 18
315 560 5 2 1
339 673 60 22 13
50 87 47 27 27
861 879 68 40 38
811 941 41 31 28
166 907 56 7 4
368 569 16 4 4
96 359 84 36 19
90 266 18 13 10
349 542 95 86 77
82 626 13 7 5
260 736 84 71 61
20 29 73 70 70
826 893 34 29 29
677 981 67 23 20
420 530 45 15 0
91 995 36 27 19
656 908 75 40 10
533 931 41 13 11
79 885 34 29 28
235 834 46 26 21
555 824 59 56 56
675 727 45 32 22
812 889 74 62 61
23 535 68 48 48
781 854 53 31 21
292 602 80 20 3
425 462 100 23 10
480 616 26 15 6
87 197 83 54 39
251 429 68 37 32
378 484 3 2 2
146 516 66 22 12
133 576 39 28 23
254 357 1 1 1
278 734 89 71 55
508 633 100 42 17
991 998 36 27 26
267 645 27 12 11
285 771 4 2 1
799 963 59 57 57
434 652 31 17 8
529 941 66 56 51
740 956 81 65 61
743 941 66 23 15
588 858 81 75 73
447 570 53 40 32
21 451 22 14 11
232 710 83 23 23
812 990 13 4 0
117 897 23 12 6
469 592 72 68 68
25 356 94 74 59
779 794 27 27 27
987 994 32 21 16
227 583 92 58 43
794 977 70 44 38
632 633 100 85 74
119 689 80 55 47
335 690 100 96 96
259 896 88 44 4
871 922 76 47 30
873 898 79 52 50
17 252 81 62 48
682 767 57 26 21
498 733 32 14 7
664 914 2 1 1
988 996 49 40 39
761 811 32 18 17
788 974 94 49 10
542 898 15 2 1
456 930 33 25 24
460 776 39 17 9
442 549 84 63 50
390 509 96 27 5
815 995 24 16 16
385 905 33 21 10
956 960 70 41 23
503 920 19 12 11
532 788 93 77 70
946 976 49 46 46
666 742 24 10 8
223 538 94 39 38
652 656 4 0 0
766 913 24 22 20
823 986 79 42 8
974 999 5 2 0
585 680 50 43 43
346 619 93 50 49
689 993 17 8 6
963 976 52 43 35
158 897 88 65 61
748 940 30 18 16
435 650 14 6 2
408 958 65 30 27
183 907 55 36 36
562 648 9 8 7
899 978 68 50 46
897 903 62 31 9
580 993 99 49 29
122 864 5 4 4
16 394 74 53 42
591 898 56 35 18
371 453 52 34 30
271 901 8 3 0
727 876 30 27 24
785 895 95 73 68
113 544 25 24 24
197 470 30 12 2
213 863 56 26 6
149 836 68 28 18
230 580 62 35 31
662 683 58 29 18
258 413 98 97 97
372 782 42 36 30
225 428 12 6 2
338 981 60 21 3
573 951 26 18 12
867 883 78 74 71
111 757 36 21 21
508 999 98 44 28
61 548 48 41 41
908 932 26 8 7
289 582 49 19 17
196 777 54 46 41
772 885 92 36 25
914 915 31 19 18
316 817 60 39 32
332 880 29 18 15
65 282 9 9 9
674 836 74 63 59
784 887 48 29 24
779 838 77 67 65
970 993 77 44 44
568 815 80 15 4
363 809 1 1 1
315 724 48 35 30
587 797 54 37 24
506 642 32 17 2
667 1000 98 32 9
50 922 37 29 26
36 768 53 48 47
354 355 4 0 0
362 570 48 36 35
143 863 21 9 7
823 982 63 39 37
717 1000 52 49 48
200 577 91 82 74
249 845 14 6 5
689 977 55 23 16
289 891 22 20 20
293 856 27 26 25
638 795 73 49 42
180 334 70 68 68
679 771 81 44 15
670 679 10 9 9
322 422 47 21 8
743 830 36 23 21
452 513 9 3 2
544 558 75 49 32
282 825 57 33 12
407 595 98 82 78
499 644 84 38 20
889 921 16 7 3
159 743 42 20 12
29 210 27 26 26
58 302 5 5 5
778 976 26 18 16
704 726 41 32 31
972 984 18 12 12
933 963 53 52 52
502 930 37 7 5
129 580 5 2 0
423 773 50 40 38
12 644 31 25 20
676 748 74 65 59
274 308 87 55 28
149 190 36 21 19
807 985 43 20 17
788 985 11 11 11
124 906 5 4 4
580 616 7 6 6
981 984 78 54 46
989 1000 93 84 79
193 258 8 4 4
381 978 84 58 48
525 562 59 11 2
764 801 86 48 41
103 219 28 23 23
362 901 6 5 5
364 453 37 24 23
301 735 56 31 23
284 621 54 50 47
970 991 47 24 16
490 545 89 42 42
588 857 39 31 30
724 917 18 4 2
356 751 75 70 68
548 633 13 7 6
468 882 42 36 36
882 950 82 25 22
255 337 26 26 26
216 780 95 72 72
461 923 67 34 6
298 308 53 24 8
514 700 100 89 88
880 976 62 7 3
786 832 56 43 43
426 813 5 4 4
881 978 79 24 9
749 784 94 86 83
30 167 82 46 18
14 178 19 14 13
877 997 28 23 22
329 839 60 8 6
434 881 10 9 9
546 645 91 25 7
988 994 55 39 26
377 911 84 38 4
293 474 81 78 78
490 722 22 14 14
799 895 93 68 63
657 704 23 23 23
229 505 84 38 21
458 671 4 2 1
881 886 22 2 2
447 927 62 32 5
803 960 18 6 5
613 900 80 60 59
482 738 99 60 21
679 841 15 15 15
882 903 24 14 8
452 665 51 23 21
614 658 79 48 40
883 901 21 15 10
369 578 98 75 71
675 860 97 43 28
998 1000 42 36 34
430 716 40 14 11
351 460 38 30 22
283 352 76 69 65
660 853 63 26 23
203 773 100 79 75
657 673 46 33 27
217 747 10 9 9
422 696 4 1 1
634 863 35 1 1
886 967 41 22 8
863 927 45 10 8
101 374 83 83 83
824 970 41 12 7
496 753 13 10 10
168 780 20 15 13
57 691 74 11 10
664 807 69 31 22
199 948 4 2 0
251 739 9 5 2
694 712 36 8 8
293 955 56 33 25
883 967 27 11 11
487 920 50 23 3
961 982 61 32 28
13 718 90 65 55
696 955 31 19 8
140 801 98 78 78
60 736 79 69 64
590 771 42 14 5
483 818 23 18 16
904 937 16 14 12
185 865 29 18 18
856 928 68 26 26
249 627 40 18 16
855 919 40 39 39
550 617 97 73 57
552 915 17 8 0
231 843 6 6 6
958 960 100 68 51
83 739 72 36 17
319 837 18 13 13
629 873 13 13 13
837 910 91 36 25
57 229 88 50 45
265 600 95 49 9
672 819 94 49 37
896 951 31 20 16
434 480 87 23 17
727 786 82 57 47
634 883 60 14 13
573 605 34 3 3
521 970 98 86 78
141 580 39 21 21
113 655 47 47 47
261 607 30 14 11
822 992 64 56 54
183 582 78 29 13
536 763 22 19 16
659 917 38 35 34
825 945 64 24 5
429 504 47 6 3
86 332 91 35 25
700 990 2 1 0
504 724 57 47 39
624 639 61 58 58
57 764 81 41 39
901 939 42 23 17
751 885 4 0 0
776 932 85 35 12
366 637 94 74 72
99 684 39 31 28
428 966 49 27 26
454 559 96 60 28
42 402 58 46 46
63 882 68 60 52
646 879 54 10 1
372 786 24 2 0
318 610 68 52 49
352 807 38 26 16
520 742 18 17 16
818 921 84 49 21
744 749 35 17 10
498 547 3 2 1
206 687 74 67 65
243 581 32 30 29
358 755 25 18 13
267 322 64 14 14
457 674 46 28 15
518 615 95 32 10
728 922 52 19 13
907 934 31 26 22
111 382 22 12 8
20 614 0 0 0
103 739 57 25 7
140 280 84 40 8
747 977 45 42 40
627 884 28 27 27
677 856 34 29 25
565 799 45 23 12
340 394 35 14 11
797 980 86 31 27
25 275 94 55 36
460 961 3 3 3
507 843 13 10 8
207 724 40 26 25
491 645 39 34 29
667 791 58 38 38
216 900 47 36 27
707 968 45 10 2
804 996 74 52 51
693 958 26 23 22
341 721 73 26 12
321 587 35 32 32
893 928 13 2 2
571 960 100 76 70
320 568 6 1 1
579 609 13 10 10
580 685 92 58 44
373 787 4 4 4
715 863 22 14 8
756 975 71 43 33
330 469 78 57 39
135 568 40 25 19
724 794 56 49 47
906 998 29 12 11
310 843 31 16 11
91 938 22 15 15
443 599 89 35 22
831 926 62 43 30
776 917 91 58 31
558 778 80 42 31
325 610 28 23 23
712 839 16 11 11
214 262 82 75 71
190 975 64 44 33
855 945 67 35 18
716 970 64 34 11
641 702 18 13 12
125 600 100 93 93
262 766 35 30 30
317 891 60 34 9
336 526 39 37 36
753 992 77 39 10
286 809 5 3 2
47 290 38 7 3
367 936 42 8 8
639 738 17 15 14
252 399 92 59 33
202 887 68 56 48
792 824 92 42 40
296 929 94 46 16
43 616 18 4 3
239 377 97 94 92
329 979 2 1 1
970 983 7 3 0
417 773 28 18 16
374 472 37 25 13
525 874 45 35 29
950 953 45 39 35
491 725 82 51 51
311 458 78 18 0
452 846 8 2 2
894 952 95 38 24
609 695 97 49 7
835 896 28 26 25
558 924 1 0 0
964 984 54 46 43
829 991 18 17 17
787 790 64 20 17
96 169 5 1 0
29 840 57 16 2
843 901 20 12 7
744 990 77 38 29
745 768 58 53 51
92 966 29 8 6
568 800 43 42 41
529 689 65 42 36
74 827 5 1 1
78 389 62 47 37
621 944 89 58 42
285 412 57 40 27
431 434 37 37 37
577 787 60 40 30
849 874 41 33 32
841 992 8 3 3
64 508 37 33 30
594 707 31 26 22
6 712 82 45 31
99 833 10 8 7
359 950 0 0 0
57 220 93 29 13
676 785 36 26 24
956 991 73 47 46
445 823 57 34 32
582 736 19 9 8
486 737 46 30 23
858 872 96 54 40
139 389 4 3 2
310 376 57 55 55
573 785 37 29 24
844 853 6 0 0
910 936 32 14 11
366 698 8 3 2
414 814 87 64 59
742 890 74 43 22
138 368 0 0 0
907 961 63 46 35
222 788 63 22 21
257 549 59 57 56
10 236 57 7 5
83 804 99 77 56
951 987 21 14 10
272 951 7 3 1
887 966 45 38 32
19 559 37 33 33
725 833 90 13 13
507 730 8 8 8
357 730 78 37 8
367 719 100 99 99
320 368 65 29 18
237 499 84 80 77
590 739 15 4 4
534 737 1 0 0
315 908 76 38 0
809 856 82 8 5
656 945 49 12 2
919 924 69 58 54
556 945 2 2 2
485 745 26 24 24
386 539 83 73 64
881 970 56 40 33
145 438 75 32 2
720 896 62 39 22
433 679 39 0 0
370 496 89 29 21
165 613 37 31 30
417 696 32 14 1
341 736 67 67 67
934 963 43 30 26
405 912 71 51 48
79 796 67 50 41
660 775 2 2 2
444 482 26 7 1
468 873 89 65 44
772 956 65 50 40
118 918 84 48 34
36 566 100 97 97
117 582 31 26 24
246 985 19 19 19
485 966 14 12 11
29 299 21 8 7
64 435 50 41 40
118 672 35 29 26
555 851 22 10 0
910 948 48 7 2
242 270 21 19 19
848 892 50 22 11
660 802 70 50 43
739 926 50 40 36
977 980 13 10 10
49 992 70 41 36
752 900 73 44 24
479 764 68 39 34
83 754 71 63 63
816 863 68 62 59
471 697 43 24 22
383 474 43 43 43
511 725 11 8 8
266 907 60 28 26
836 933 16 9 6
176 442 41 35 33
581 884 17 15 15
125 634 16 15 15
762 804 48 45 43
725 950 16 4 3
3 87 77 77 77
177 584 64 40 34
850 966 31 9 6
763 866 85 71 61
732 892 72 26 12
234 706 37 37 37
865 871 98 36 26
954 956 39 21 9
675 864 97 81 70
783 869 100 90 86
326 514 72 50 40
450 672 71 46 38
875 965 24 10 3
32 623 25 20 17
33 256 85 54 34
51 360 24 12 9
591 703 25 22 22
468 948 1 0 0
363 933 64 37 29
701 813 12 10 9
708 711 50 27 16
272 384 18 17 16
755 828 93 93 93
846 851 49 23 11
104 351 95 45 37
289 923 16 12 11
806 908 71 42 32
960 970 30 17 7
382 586 48 20 19
714 760 87 58 53
4 631 97 81 68
597 752 34 29 27
613 815 7 4 1
373 790 24 8 8
926 929 27 20 16
262 519 10 9 8
706 882 65 33 31
770 990 25 21 20
741 989 5 2 1
645 739 54 24 18
418 922 100 79 77
198 217 12 10 8
198 242 28 17 13
345 636 91 80 69
56 748 24 17 12
837 871 64 29 8
370 810 96 11 7
183 304 72 66 62
468 898 61 49 41
391 676 85 83 82
171 258 31 5 1
672 744 98 51 37
970 990 61 21 20
345 461 15 12 10
441 519 69 50 31
722 862 63 19 4
617 684 77 63 58
816 899 72 42 16
59 624 26 10 5
944 977 23 21 19
258 848 10 6 4
489 532 96 72 64
93 564 82 10 2
855 977 3 2 2
380 760 79 54 47
366 507 80 79 78
11 561 57 19 8
317 408 55 30 11
378 962 97 94 92
18 856 15 11 9
934 958 96 86 83
242 272 35 21 21
124 194 33 11 7
205 832 63 32 4
308 697 55 36 20
87 844 56 38 38
849 875 24 16 11
267 840 0 0 0
782 938 74 46 44
655 814 85 77 74
856 864 84 39 24
124 217 68 58 54
908 950 94 24 3
423 652 51 23 21
849 984 39 24 20
279 428 10 8 7
788 824 22 2 2
923 973 81 52 51
613 991 29 27 25
551 966 30 16 14
579 623 15 9 8
697 936 31 13 3
890 954 35 28 26
667 776 19 6 2
935 999 56 48 40
805 895 66 41 41
257 751 7 4 1
31 590 1 0 0
245 656 30 26 24
43 935 2 0 0
849 937 28 23 23
205 509 84 43 24
645 676 61 42 42
365 955 76 76 76
758 916 20 16 12
428 761 78 51 47
681 891 66 51 49
474 555 86 74 72
492 998 21 15 12
485 836 64 34 26
417 697 72 48 41
458 537 0 0 0
780 872 67 46 26
859 903 95 55 39
210 743 65 31 12
637 830 45 23 9
498 651 85 68 65
495 684 77 60 47
825 889 4 2 2
660 998 7 5 5
533 736 29 11 10
643 708 30 5 1
48 372 98 36 11
529 990 68 64 61
32 287 22 8 0
527 548 90 29 27
425 745 49 19 2
293 373 60 56 52
662 803 34 28 27
778 916 41 25 14
21 523 21 19 18
413 489 68 35 34
309 485 10 10 10
126 143 21 7 4
935 938 55 28 8
13 515 73 15 10
318 483 46 28 16
199 691 88 54 43
5 76 0 0 0
229 514 11 9 9
501 995 88 56 54
834 876 69 50 38
758 800 35 20 7
603 937 20 12 7
765 901 85 59 53
329 882 88 66 60
875 969 43 22 6
426 745 95 48 27
192 532 22 14 9
757 942 81 16 2
753 862 46 39 35
767 818 32 15 5
595 596 89 63 46
496 628 55 41 40
3 518 46 13 5
116 482 68 25 5
380 802 4 2 1
855 921 64 56 53
524 832 94 41 28
944 981 27 26 25
528 592 83 40 34
369 880 10 2 1
169 739 93 58 55
741 898 54 40 35
532 878 48 41 40
41 121 92 70 69
601 700 76 58 47
222 465 45 44 43
115 815 16 13 13
100 967 57 50 49
614 977 3 2 1
442 748 72 70 70
536 683 62 46 35
164 511 100 97 97
107 437 12 11 11
155 373 39 37 36
541 694 57 54 54
161 526 70 17 8
146 519 78 61 51
916 956 3 0 0
86 487 75 49 40
397 892 31 14 6
59 675 30 12 7
384 579 19 15 15
780 914 25 15 12
780 882 67 60 59
288 501 33 21 11
966 989 22 19 19
828 868 65 52 42
343 511 60 34 19
563 858 36 5 4
342 795 51 42 35
206 995 22 17 17
39 129 62 37 22
385 931 24 12 8
348 766 18 12 10
30 387 50 44 39
438 781 50 49 49
10 347 54 39 31
54 373 91 72 53
582 693 63 46 37
430 975 2 1 0
372 929 38 24 10
896 960 18 9 9
565 741 73 30 24
711 977 2 1 0
767 885 65 64 64
301 672 19 19 19
581 915 7 6 6
572 630 62 54 53
542 936 19 8 7
131 646 86 50 18
85 577 80 61 48
132 952 55 14 0
14 521 65 28 10
669 854 72 65 63
824 866 30 28 28
515 855 77 31 10
635 873 20 12 6
484 647 26 22 20
192 208 65 27 14
925 994 25 21 20
442 503 39 23 14
480 989 90 68 63
515 710 59 21 7
913 950 53 44 43
431 968 0 0 0
888 971 18 18 18
276 640 17 16 16
69 294 89 24 9
110 462 0 0 0
842 992 40 14 10
746 902 82 66 64
969 987 97 91 91
644 885 14 9 9
32 136 43 43 43
663 834 60 53 53
336 339 61 35 22
581 1000 8 0 0
671 985 80 34 16
825 984 40 2 2
563 708 54 14 10
678 688 72 70 70
960 997 62 52 43
127 216 80 58 47
401 437 1 1 1
975 976 62 62 62
954 978 78 22 2
426 630 52 34 30
676 847 87 78 73
309 483 24 14 11
61 873 48 32 28
835 952 47 29 15
757 976 30 12 10
730 888 46 44 43
498 1000 23 16 15
68 482 54 43 42
484 569 12 11 11
235 716 7 3 1
446 776 45 44 44
250 678 49 40 31
707 802 39 24 22
831 942 98 69 50
784 895 85 47 36
649 942 58 30 24
731 977 25 16 15
166 711 93 65 50
383 505 50 8 2
719 971 7 3 1
613 675 56 26 16
150 397 95 41 4
236 475 22 10 2
898 920 83 52 21
227 373 36 28 27
590 719 79 72 70
795 949 23 17 11
587 607 92 67 48
428 477 65 10 0
666 921 90 47 21
387 529 100 15 2
924 974 36 16 14
33 553 91 53 38
862 981 44 25 10
289 317 32 27 27
593 823 67 24 7
344 582 37 26 17
201 692 31 12 1
743 894 94 87 87
474 943 82 37 7
553 893 4 2 2
974 992 61 26 26
864 955 35 27 21
379 771 3 2 1
527 723 3 1 0
37 873 98 34 16
350 997 45 14 6
883 959 25 21 20
927 962 58 33 25
237 833 15 0 0
329 687 9 1 1
88 133 57 23 21
162 858 36 30 27
462 769 5 2 2
703 911 15 15 15
791 832 27 27 27
756 938 75 45 33
42 786 64 50 49
118 894 68 42 20
178 689 15 10 9
454 874 46 36 36
570 648 82 19 7
306 607 2 0 0
268 748 95 73 70
692 702 92 41 28
60 915 40 34 34
406 411 56 22 14
783 834 66 56 55
222 821 33 14 13
173 523 17 4 3
160 727 12 12 12
810 992 14 4 1
262 619 48 22 7
642 734 58 33 22
984 999 32 19 13
704 926 29 29 29
744 864 94 86 85
679 885 62 48 43
950 995 13 10 10
208 525 94 48 47
88 204 19 7 6
913 918 14 4 4
192 688 93 61 46
335 501 16 11 10
446 749 39 31 29
769 824 32 29 28
855 985 90 75 72
577 680 19 10 3
323 860 90 35 4
804 927 42 41 41
434 902 48 28 15
237 679 86 9 1
397 959 69 6 1
888 1000 73 45 43
50 785 43 30 19
475 809 59 22 7
62 930 19 2 1
684 976 59 38 21
249 261 80 74 73
97 460 95 63 56
669 732 28 27 27
281 446 21 7 7
368 885 87 74 66
276 662 46 21 21
823 915 69 62 61
151 188 73 57 50
98 996 59 35 32
750 805 51 20 10
327 814 69 29 22
229 619 66 33 14
358 705 84 32 22
90 761 16 6 0
947 962 89 31 24
674 894 50 15 15
607 783 12 4 3
538 816 70 30 11
360 700 63 40 21
224 368 18 13 10
45 183 42 29 19
75 904 39 15 2
496 586 30 25 23
600 694 11 10 9
52 790 82 80 80
484 668 0 0 0
647 723 2 1 1
414 892 39 25 23
788 814 20 11 11
896 963 58 43 33
645 996 20 7 4
583 686 42 19 17
673 826 62 28 7
987 998 91 33 12
218 941 60 47 45
484 816 1 1 1
267 685 19 6 2
288 835 33 13 11
86 871 71 18 14
475 563 56 23 21
698 707 80 40 40
823 923 15 12 11
690 700 86 59 48
395 786 34 23 20
536 738 70 61 59
697 987 40 25 11
503 825 88 43 30
497 863 57 22 11
855 958 50 49 49
454 980 25 13 10
20 931 84 42 12
800 908 21 9 5
263 395 50 20 4
393 487 8 4 0
400 879 62 13 5
308 501 99 64 58
918 963 46 19 2
327 537 98 82 79
36 809 17 9 6
478 784 28 28 28
540 781 11 10 10
31 665 68 31 29
803 942 34 32 31
676 944 22 18 17
294 852 57 55 54
460 653 51 28 5
246 705 73 73 73
226 246 21 13 5
868 875 60 60 60
173 846 17 10 10
243 461 98 94 91
235 613 36 1 0
127 369 16 12 12
260 671 64 22 0
774 922 1 0 0
78 442 71 32 22
858 986 54 44 41
42 127 64 33 16
611 858 71 64 59
6 387 17 7 4
505 563 36 20 20
299 329 51 48 46
608 819 37 32 29
605 714 78 75 73
804 850 45 28 20
142 795 79 46 28
715 992 12 10 10
611 886 73 65 59
756 997 87 80 75
344 976 97 66 51
46 420 27 25 25
780 853 73 68 63
927 976 4 1 0
51 770 15 10 10
816 847 39 22 19
816 928 73 53 46
940 971 27 25 25
561 868 56 47 44
593 804 55 20 9
104 211 36 31 30
456 937 84 65 58
756 889 14 4 4
935 948 76 33 33
168 266 26 17 11
524 606 46 33 29
778 782 14 6 3
922 923 2 0 0
31 206 81 80 80
811 989 61 21 2
392 631 33 27 22
69 478 70 37 34
726 796 92 48 41
840 897 47 21 2
40 121 82 45 19
962 979 64 48 39
960 964 84 60 43
952 976 85 14 11
424 458 48 23 18
153 561 33 7 7
774 969 28 14 0
149 876 10 3 2
852 962 67 30 29
396 668 24 11 5
212 776 12 8 4
252 462 2 2 2
754 950 20 3 0
940 991 19 6 6
868 969 77 16 14
414 419 70 38 36
564 777 88 33 28
194 333 21 16 11
426 627 7 3 0
847 946 64 37 29
989 991 20 19 19
439 687 7 5 3
958 980 19 10 7
721 832 82 69 62
492 500 20 18 17
364 417 9 8 8
134 168 3 2 1
715 878 46 32 29
383 440 55 36 35
853 862 27 12 3
540 686 26 7 6
622 666 6 1 0
181 447 77 40 32
884 995 13 12 11
21 232 46 39 36
335 362 10 3 3
880 955 93 79 78
646 955 28 22 16
111 558 49 17 3
967 990 33 32 32
802 821 32 19 16
977 993 67 30 20
193 927 34 24 15
403 661 67 49 44
26 698 65 43 29
278 467 17 8 0
611 814 79 26 5
433 579 21 19 17
428 539 21 18 18
938 947 28 19 18
663 835 97 61 58
224 539 6 0 0
907 981 73 30 14
484 753 91 34 21
663 780 74 51 51
604 961 1 1 1
409 976 25 22 21
500 635 63 41 34
442 789 41 35 35
354 618 99 90 89
448 842 26 17 12
770 849 84 82 81
620 910 72 71 71
877 883 78 29 20
430 968 11 6 6
934 990 44 30 17
976 981 95 82 81
125 817 21 3 2
401 913 89 49 43
771 967 88 34 8
477 949 48 7 2
381 686 54 25 4
595 994 24 12 1
904 935 95 59 32
729 957 70 20 18
415 880 96 39 24
910 918 79 36 30
98 366 81 73 69
556 987 34 29 25
963 970 36 15 13
528 884 67 30 11
557 663 50 45 43
68 207 80 70 66
328 918 95 81 67
94 598 21 4 1
955 987 0 0 0
256 481 85 51 34
18 294 41 4 1
886 942 5 2 2
133 371 26 20 18
744 783 89 72 60
574 970 92 48 46
804 878 34 31 30
563 978 71 36 35
118 978 36 19 15
476 553 9 3 3
986 993 78 46 21
734 959 65 60 55
44 451 68 51 44
871 940 78 71 64
903 960 21 10 10
167 995 100 60 56
231 627 2 1 1
658 987 24 21 21
133 830 38 35 32
184 267 20 14 14
633 915 27 24 22
30 732 42 27 16
847 848 90 36 9
959 997 57 32 27
933 952 50 7 7
813 850 54 39 37
47 102 33 26 24
993 998 18 3 1
125 857 63 36 33
941 943 43 19 19
155 818 84 57 46
493 840 11 7 6
420 960 15 7 4
552 829 36 24 12
995 997 77 60 51
833 988 0 0 0
317 737 91 56 56
474 542 31 8 5
995 998 36 17 17
192 460 84 69 60
436 536 48 33 19
796 994 78 72 69
817 931 47 36 27
92 128 44 19 18
557 867 0 0 0
663 891 98 55 49
61 943 86 67 65
976 996 48 25 24
691 955 46 10 9
15 695 75 19 19
252 796 54 48 46
345 605 21 0 0
392 422 74 57 51
797 887 23 16 16
145 199 73 72 71
770 905 75 47 31
556 676 29 25 23
965 978 86 27 2
567 582 25 12 4
320 459 57 28 7
917 978 91 85 85
413 760 13 10 8
623 834 8 5 5
120 918 80 47 22
667 900 3 2 2
935 960 41 20 19
491 875 11 8 8
363 532 84 22 15
234 955 71 49 49
183 877 66 19 1
630 698 3 0 0
512 942 9 1 1
429 722 1 1 1
882 965 88 62 40
433 596 80 60 57
601 783 84 70 67
203 651 69 20 12
908 976 92 15 11
535 748 55 42 37
983 998 42 23 23
619 644 3 2 2
674 705 83 57 39
419 480 20 15 15
215 435 24 17 14
293 593 75 74 74
209 513 67 37 26
125 929 86 66 53
843 975 56 55 54
490 703 12 7 3
428 516 72 66 64
513 604 15 3 1
394 426 56 54 52
140 711 11 9 7
714 807 72 37 5
78 859 19 10 2
685 990 85 50 36
372 567 59 33 26
556 873 15 0 0
953 993 62 19 19
611 839 83 43 43
995 1000 46 41 41
551 814 58 44 40
742 860 11 1 1
500 746 6 2 2
376 539 45 21 21
303 317 27 23 22
970 979 36 3 3
385 925 87 81 76
683 778 64 51 46
140 485 29 27 26
618 903 50 25 21
500 602 30 28 27
599 922 0 0 0
383 536 87 53 19
727 937 39 36 34
744 801 58 53 51
847 926 98 96 96
879 913 14 14 14
532 615 74 34 22
423 584 94 14 3
824 895 71 37 12
929 969 32 15 5
334 578 76 74 74
797 840 35 11 1
711 911 79 58 45
341 700 89 58 48
717 761 1 1 1
561 651 86 33 16
528 767 80 25 25
324 567 95 83 82
386 978 6 6 6
990 994 93 12 10
928 940 22 13 7
557 558 88 88 88
987 988 24 8 7
263 908 43 25 14
778 799 55 50 46
749 832 4 4 4
208 479 49 14 12
159 478 71 54 41
897 986 59 38 26
947 998 73 59 57
567 992 14 10 6
940 954 16 12 11
348 998 35 7 0
928 990 70 63 63
786 997 7 7 7
633 672 79 67 66
676 824 54 7 7
552 841 18 16 16
817 872 50 26 4
158 863 47 30 18
233 764 85 80 75
562 602 73 69 66
890 925 70 48 44
36 254 6 4 4
206 391 3 2 1
475 632 55 29 29
245 903 87 76 66
578 959 54 19 15
379 706 28 19 18
580 989 45 39 37
127 663 39 23 23
556 714 78 72 71
774 825 62 46 39
233 388 25 19 19
333 886 54 30 8
449 921 90 67 58
90 471 36 31 31
861 925 62 30 28
264 964 27 23 19
559 730 44 7 6
488 669 71 26 1
524 707 23 13 5
374 471 55 47 40
979 991 29 20 16
460 702 80 73 68
810 953 45 30 30
97 477 65 48 47
280 639 57 24 20
338 471 75 49 33
492 630 6 5 5
587 751 88 43 28
797 846 19 14 13
486 513 18 6 3
697 722 59 28 2
343 893 28 20 14
214 992 15 10 9
602 626 9 4 3
682 818 61 14 12
400 521 96 14 10
741 763 65 57 56
963 998 41 20 8
318 806 22 9 3
362 790 71 60 54
86 865 15 14 14
938 984 0 0 0
632 905 74 37 9
362 365 16 10 8
312 654 36 17 12
944 991 91 81 77
272 595 85 50 18
65 237 7 3 1
877 915 44 15 9
604 758 94 52 52
737 855 75 48 45
63 950 30 23 19
128 883 19 13 7
398 564 96 60 53
484 951 75 33 23
788 900 33 26 20
759 918 18 8 4
391 478 15 4 2
879 909 59 44 40
144 947 49 30 17
71 671 46 32 27
422 708 17 12 10
658 812 63 45 41
622 673 24 15 10
937 941 85 76 76
764 795 0 0 0
381 942 9 5 2
85 248 96 25 20
552 982 64 59 54
611 778 25 4 3
90 203 32 25 25
245 627 27 6 3
572 670 30 27 24
708 741 89 84 81
769 809 70 67 64
56 999 27 13 0
379 946 1 1 1
748 773 65 64 63
943 995 26 13 3
12 875 66 56 54
389 652 99 98 98
950 980 92 62 49
926 983 100 90 88
22 711 70 62 56
531 736 27 26 25
64 420 37 2 0
857 895 3 2 2
234 853 71 60 59
21 245 28 21 17
393 903 36 12 10
651 927 95 48 9
690 698 5 4 4
554 829 30 28 27
111 866 26 10 6
363 706 58 32 31
380 541 96 10 4
449 950 96 61 53
853 861 92 64 54
816 902 16 6 5
576 686 82 48 37
447 973 21 18 15
893 903 79 75 71
710 930 60 45 43
544 845 13 9 9
200 395 38 12 7
573 971 90 43 20
730 799 16 12 12
966 979 92 42 39
609 858 40 4 1
767 916 51 42 42
489 768 99 56 18
626 991 52 5 1
149 576 18 9 0
869 880 21 19 19
4 472 76 22 3
149 310 68 18 16
57 130 96 46 21
441 679 94 47 47
193 733 0 0 0
420 504 60 50 50
874 913 90 47 35
226 717 8 5 4
736 784 5 0 0
679 862 75 61 60
868 928 40 28 27
971 972 59 28 24
411 477 46 31 31
637 938 35 6 1
345 879 4 3 3
765 820 51 46 46
217 895 37 8 4
760 860 14 9 8
105 303 59 26 11
11 717 87 85 83
903 977 65 55 47
547 658 69 39 33
532 942 70 68 67
862 942 11 6 3
735 940 30 25 24
631 874 94 23 3
415 586 43 42 42
751 795 98 23 12
212 737 94 89 84
741 905 92 52 39
50 657 89 87 85
231 625 29 18 7
474 997 44 19 12
927 973 0 0 0
126 380 87 47 37
151 379 94 85 76
916 978 11 6 4
302 486 21 13 13
545 910 45 20 19
603 978 76 74 73
928 999 64 63 63
691 941 40 29 22
280 625 48 42 38
260 786 66 1 1
702 770 36 17 17
255 844 92 64 57
594 851 85 33 21
509 678 37 16 13
816 942 19 16 13
468 528 15 4 3
777 869 95 84 73
254 620 67 29 28
327 887 81 75 74
319 361 3 3 3
482 495 91 31 2
552 871 81 66 65
697 876 71 26 24
715 747 50 35 23
817 970 54 26 12
359 756 44 17 13
83 978 73 20 4
762 877 1 0 0
105 681 46 34 33
984 988 14 4 4
91 368 20 2 0
901 999 62 13 1
238 837 66 62 62
679 881 85 46 17
163 526 10 10 10
158 920 17 12 12
953 977 73 55 44
794 858 38 19 17
283 679 21 18 16
112 344 71 28 4
155 189 59 52 50
927 968 9 6 6
732 757 33 17 1
428 953 84 33 31
4 393 53 34 18
478 573 89 83 82
498 650 15 10 9
277 788 3 2 2
725 830 41 40 40
184 815 38 2 2
833 878 39 26 21
5 892 9 6 6
855 911 76 48 37
500 589 83 53 31
103 706 65 32 32
636 735 96 80 75
276 636 40 14 10
864 943 8 2 2
826 994 8 8 8
112 323 76 71 69
637 763 85 84 84
683 890 86 61 57
295 329 11 7 6
394 637 79 72 68
490 914 86 22 9
819 829 59 54 49
406 585 5 4 4
296 505 66 33 22
917 965 15 8 3
306 821 13 2 0
495 793 89 80 79
443 937 19 3 0
592 859 85 68 62
174 765 49 22 17
485 671 95 35 3
615 908 29 25 24
351 647 55 37 35
395 485 66 61 61
879 973 69 28 10
856 980 95 80 73
445 736 9 5 2
384 901 74 55 48
535 644 38 32 27
417 996 45 18 10
554 980 100 55 27
473 570 59 34 13
118 862 61 43 42
918 995 43 27 27
723 897 30 23 19
188 437 59 30 14
785 847 76 38 3
804 944 52 28 12
323 764 17 13 12
956 971 16 12 10
616 984 34 17 13
252 884 52 42 36
174 677 45 5 4
260 656 42 38 34
705 851 30 21 19
423 732 24 14 9
747 981 89 63 40
666 959 67 42 20
858 953 11 2 2
243 424 35 12 1
584 876 99 53 41
165 220 11 9 8
800 948 97 22 16
738 948 79 46 27
28 178 26 5 0
423 630 63 22 11
841 890 75 9 7
777 925 50 46 43
44 533 77 66 66
7 431 46 25 18
299 734 59 41 39
210 342 24 9 3
189 805 75 45 24
756 798 86 73 63
423 588 30 13 3
859 871 18 8 1
117 565 19 17 15
188 634 23 15 15
745 791 36 34 34
571 831 97 22 2
896 933 88 74 67
102 124 15 13 11
559 648 94 89 89
748 839 19 14 12
902 952 43 33 24
457 783 67 57 55
889 998 72 39 38
10 698 79 50 41
575 814 44 28 27
312 386 23 16 13
842 962 36 20 16
459 782 68 64 60
375 811 80 39 13
492 543 21 17 15
894 989 5 4 3
61 106 57 35 34
940 997 65 63 62
602 922 100 31 2
351 709 35 30 30
625 921 69 62 60
706 843 63 8 3
379 812 97 29 9
305 865 70 38 6
625 989 13 9 5
954 990 48 11 8
83 373 16 16 16
565 668 68 32 11
583 662 59 30 17
138 816 0 0 0
419 526 55 24 5
342 909 66 15 8
505 665 77 64 59
560 975 49 24 15
17 536 20 6 5
441 545 26 21 17
613 683 40 27 23
365 561 79 47 45
655 789 33 33 33
828 856 10 6 5
249 513 11 3 1
965 997 65 65 65
534 563 5 4 3
44 416 29 28 27
664 970 79 55 40
566 798 1 1 1
523 689 20 6 5
579 743 13 7 6
301 883 63 30 30
183 266 51 23 6
834 945 95 81 77
2 316 27 19 19
523 813 33 19 6
405 826 21 18 16
579 921 46 41 40
204 262 28 21 17
461 946 97 39 38
213 732 38 21 10
679 717 87 80 74
983 993 93 15 9
37 490 10 7 6
18 970 9 4 3
844 887 37 21 14
848 899 66 61 58
446 952 20 8 2
48 843 13 8 8
477 578 76 75 75
365 797 15 14 13
982 1000 2 2 2
562 633 86 37 25
921 967 45 31 18
422 881 21 13 10
64 722 3 1 1
850 858 3 3 3
119 788 46 14 12
81 400 3 2 2
635 763 85 19 16
111 787 85 77 73
306 617 26 22 20
730 744 81 55 51
170 766 56 28 3
763 975 96 84 82
981 992 18 16 16
873 933 7 6 6
96 555 36 18 11
694 927 35 30 30
954 996 79 10 8
677 681 46 8 1
279 621 38 11 1
192 432 74 14 2
311 811 21 3 0
800 868 33 14 7
382 976 37 9 2
647 679 100 100 100
717 783 67 19 11
32 797 72 56 54
920 960 18 11 11
805 839 53 39 27
492 804 68 15 5
657 958 15 8 5
648 799 37 4 4
643 770 46 3 3
262 850 18 7 7
492 795 93 33 7
893 898 53 27 25
22 285 92 57 34
633 854 39 35 32
688 914 76 31 12
274 941 51 31 28
640 865 7 0 0
304 673 21 9 8
454 629 79 72 69
992 997 23 10 10
612 727 59 57 56
425 476 22 21 21
801 997 67 46 46
23 552 100 94 89
963 995 45 34 24
936 957 53 23 0
838 899 64 49 45
843 994 58 13 2
487 886 93 59 25
401 915 59 48 43
506 885 15 11 10
548 785 75 47 26
829 880 61 29 29
252 499 62 24 21
246 661 69 39 16
371 662 59 57 57
897 921 63 60 60
454 970 36 7 2
253 709 29 25 23
939 984 49 41 38
340 501 91 46 24
514 608 6 4 4
460 727 54 34 30
231 389 36 35 35
779 910 21 7 7
320 398 3 1 1
759 838 31 11 9
72 930 20 13 9
135 372 53 13 9
752 889 88 73 65
360 942 59 32 24
764 878 17 13 9
397 608 72 41 13
678 939 46 36 32
4 205 14 7 1
253 730 30 28 28
567 609 65 18 11
758 866 80 38 21
962 974 62 49 48
483 561 87 56 40
491 601 45 40 38
898 970 16 9 9
944 966 25 2 0
548 589 18 8 0
120 333 55 45 40
758 859 3 1 0
636 995 100 83 81
670 884 79 40 21
310 565 47 16 1
960 966 15 13 13
392 919 24 13 7
834 923 8 5 5
894 981 25 18 18
794 940 32 22 22
618 779 50 33 17
702 897 58 23 8
678 900 75 75 75
113 520 81 68 56
534 719 57 50 46
534 637 29 11 6
622 689 81 37 25
722 885 43 24 16
400 900 96 82 77
375 835 86 38 38
736 903 8 6 4
606 814 86 49 17
873 966 41 6 5
880 900 63 24 9
438 883 33 21 11
804 932 82 53 44
694 856 16 11 7
716 973 52 24 17
982 991 0 0 0
965 976 12 2 2
109 913 23 6 3
341 745 75 64 63
935 937 52 33 27
471 860 77 62 47
573 850 74 61 61
31 320 67 61 56
154 265 71 28 25
562 925 44 26 17
292 948 18 16 16
565 615 60 31 4
200 681 10 4 0
897 946 47 24 19
93 822 60 56 56
808 921 86 32 29
313 526 17 15 14
952 997 40 24 23
771 822 44 44 44
195 441 29 29 29
661 861 100 68 61
310 673 8 5 3
38 630 64 26 21
561 759 42 37 36
208 787 41 13 1
834 917 24 19 18
578 908 83 30 12
938 994 89 88 88
107 865 65 28 18
589 996 100 58 45
360 927 79 54 36
141 900 61 22 19
147 829 15 14 14
895 988 60 42 26
717 771 70 33 30
553 901 28 21 15
201 815 48 25 17
970 977 9 9 9
317 838 42 18 12
175 352 82 66 50
756 863 63 55 54
570 656 64 62 60
759 851 64 42 40
117 355 37 29 29
700 845 31 22 18
850 929 94 87 83
714 843 94 60 49
390 900 41 29 28
448 512 85 30 17
291 328 65 32 30
532 926 31 31 31
611 714 15 8 5
166 272 75 66 61
686 920 54 16 14
249 950 80 29 11
442 642 83 77 75
988 990 71 48 35
442 976 14 5 2
110 631 100 72 67
799 942 21 16 14
783 877 3 1 1
801 823 83 82 82
943 967 28 27 27
46 769 69 59 58
360 853 23 11 6
613 711 38 21 11
102 286 55 24 12
69 524 37 26 21
799 826 66 30 30
858 913 99 96 93
39 138 97 29 10
678 761 67 35 21
644 940 76 59 57
480 913 29 7 3
863 978 14 10 9
904 980 0 0 0
9 777 56 53 53
241 886 56 33 30
865 990 11 1 1
463 846 79 56 51
105 746 24 22 22
286 888 98 82 76
473 916 30 26 24
558 622 10 4 4
140 337 49 9 1
381 922 62 30 5
759 884 63 48 45
181 983 23 13 10
668 969 21 10 9
80 734 24 2 1
520 585 59 58 58
640 967 39 19 3
28 890 3 1 1
401 445 84 25 11
662 926 86 58 48
628 659 44 40 37
124 652 59 34 18
703 809 33 15 0
329 374 77 77 77
285 782 92 71 71
726 814 66 55 55
210 869 41 38 37
925 992 92 29 16
646 706 88 84 83
456 491 78 38 14
117 545 91 78 72
775 782 77 51 26
769 827 78 65 54
183 339 7 6 6
111 311 91 89 88
247 593 53 39 39
258 356 52 24 14
814 954 7 4 3
850 879 92 25 1
827 988 18 13 13
209 515 53 43 43
871 929 46 30 17
217 704 9 6 3
444 708 3 2 2
222 739 88 47 30
292 569 77 26 17
550 583 71 35 22
547 615 41 26 25
934 940 25 15 8
588 929 28 12 10
537 874 40 13 5
681 847 59 24 9
458 957 32 25 22
249 524 67 32 14
121 626 85 43 41
82 546 82 47 32
902 950 65 49 43
709 995 45 38 37
308 841 6 5 5
955 977 73 23 3
95 684 63 39 36
410 873 94 92 90
300 352 39 37 36
631 824 15 5 5
322 465 16 13 11
5 766 80 46 38
477 504 70 69 69
173 994 42 24 12
547 670 44 7 7
508 555 33 31 31
989 996 78 16 5
31 696 44 43 43
180 964 20 7 0
25 962 1 0 0
89 893 31 21 15
204 435 40 17 16
131 418 4 2 1
511 983 5 2 2
477 526 18 6 3
963 981 19 17 16
498 759 14 12 11
958 985 78 66 61
138 776 99 59 43
663 772 87 37 27
892 919 12 10 10
65 762 21 19 18
156 609 15 11 9
171 950 9 4 2
224 323 43 24 5
153 216 11 2 2
375 492 62 61 61
45 931 99 65 64
374 840 46 27 18
639 844 57 33 24
505 572 87 52 19
782 788 79 72 67
196 266 21 7 0
794 943 12 9 9
698 912 96 67 62
664 893 49 23 1
432 724 71 71 71
895 924 53 52 52
242 481 14 6 6
114 175 6 3 2
419 699 66 30 12
332 597 90 80 71
159 905 88 39 21
508 921 12 1 0
165 261 16 7 0
349 658 60 15 8
577 702 68 50 34
356 517 52 37 37
846 973 92 82 82
989 992 93 30 20
265 334 75 59 58
769 909 90 85 85
946 963 66 63 60
334 473 91 32 20
368 805 87 81 80
563 1000 16 2 0
854 864 88 71 67
381 989 68 58 55
383 860 62 54 46
89 768 46 28 21
552 647 34 23 16
476 835 98 88 82
769 862 20 15 15
147 575 22 18 17
622 661 23 21 19
829 992 5 3 1
844 877 76 63 59
695 698 67 22 12
184 298 32 22 22
646 959 3 1 0
984 1000 17 15 15
467 531 73 73 73
608 881 88 70 65
178 624 27 7 3
344 688 33 16 6
648 991 41 37 36
203 479 4 3 3
40 484 12 11 10
527 615 58 52 48
117 937 11 5 4
930 983 69 59 57
508 693 84 41 28
46 514 6 3 2
777 778 31 21 20
554 727 2 0 0
130 647 94 88 83
965 971 50 19 0
120 803 68 30 3
446 498 76 60 53
757 872 7 4 4
588 822 17 8 5
721 931 98 62 52
896 903 40 18 1
144 776 74 44 42
979 985 36 22 18
217 404 48 46 46
722 875 54 39 38
428 748 15 13 13
780 825 55 32 18
271 490 67 32 9
430 890 21 11 6
417 998 34 6 4
712 851 82 61 47
60 449 100 86 82
924 956 57 35 28
210 258 82 46 44
414 957 68 44 43
11 323 17 17 17
824 872 11 4 3
72 120 60 48 44
427 619 36 10 3
898 953 51 40 31
784 941 53 39 32
96 872 100 54 26
759 774 89 37 23
254 801 31 30 29
850 932 26 22 19
372 842 11 7 6
254 507 77 61 46
574 941 34 34 34
287 528 76 75 74
650 712 70 47 34
978 997 11 0 0
476 679 57 32 31
414 771 98 67 66
970 978 4 3 3
280 472 6 6 6
605 633 9 4 3
25 48 9 5 3
462 812 21 10 7
953 964 29 4 4
655 802 68 21 15
218 329 5 3 2
358 862 28 19 10
962 963 85 63 43
170 231 47 39 32
516 918 18 9 7
221 312 92 31 1
407 699 80 59 55
923 936 1 0 0
233 589 88 19 16
835 854 87 72 67
719 878 52 48 47
983 989 14 7 1
167 247 79 38 20
88 749 70 62 61
806 943 93 52 40
479 674 81 34 23
665 687 81 72 64
972 983 76 27 8
930 950 40 15 6
425 622 89 62 38
61 218 60 27 25
859 915 94 93 93
123 692 61 28 6
709 880 67 67 67
734 739 16 11 7
336 893 53 11 7
197 538 26 15 11
788 965 10 10 10
615 959 41 29 19
966 990 50 33 33
138 888 88 50 28
582 892 32 10 5
341 346 4 3 3
686 822 47 19 10
741 767 92 51 35
932 953 51 24 22
912 997 36 31 31
539 708 99 11 0
491 507 99 48 42
727 878 12 1 1
256 894 66 52 46
830 934 13 6 2
39 685 41 33 33
180 726 46 38 33
77 576 28 3 1
164 350 34 16 12
746 911 47 29 13
822 957 11 6 4
742 951 69 68 67
567 954 64 50 42
456 749 51 49 48
565 659 44 33 28
106 990 55 48 48
654 696 20 19 18
240 259 92 11 8
361 762 52 21 12
714 719 23 10 8
741 821 7 6 6
778 874 68 52 45
843 965 30 30 30
257 739 12 6 2
714 953 84 58 44
802 929 75 15 4
243 636 26 21 16
728 999 26 15 5
185 228 8 4 4
960 982 68 15 2
223 359 10 6 5
217 334 92 58 51
80 167 59 22 13
561 599 45 41 41
145 898 8 4 0
698 872 88 79 79
362 755 60 46 46
796 953 7 4 4
885 963 0 0 0
105 231 67 51 47
831 912 80 39 29
484 887 18 15 14
943 951 36 9 8
241 569 38 38 38
715 933 47 15 10
747 793 71 28 19
152 888 29 18 13
832 844 38 36 36
582 633 10 9 9
57 245 23 21 20
122 451 46 40 37
474 535 53 48 44
303 309 38 37 37
667 734 42 25 24
946 977 30 26 22
752 885 27 14 14
572 953 50 38 35
861 863 86 71 58
490 634 1 0 0
124 874 60 36 25
540 853 58 34 25
436 815 92 84 84
145 620 37 32 30
413 642 53 48 48
219 924 17 13 9
579 895 26 22 19
31 200 51 11 9
315 529 91 28 10
678 970 14 12 12
670 707 98 49 48
644 995 46 28 23
394 784 56 46 46
539 876 17 9 6
590 784 54 51 51
996 997 37 35 35
63 441 28 20 19
638 647 12 1 0
938 966 71 12 11
523 877 1 0 0
53 566 75 37 25
509 833 57 28 14
27 805 84 71 61
958 995 68 35 23
878 900 17 17 17
978 989 1 1 1
498 605 89 81 80
516 950 16 4 3
449 538 0 0 0
477 681 86 33 25
650 856 83 78 78
731 973 89 39 32
479 503 14 10 8
427 554 26 17 17
933 999 80 42 14
257 527 74 58 51
313 957 98 60 48
193 716 95 67 41
204 657 75 41 39
166 544 47 42 41
979 982 81 48 35
559 731 82 48 32
889 974 63 36 17
269 894 25 8 5
609 669 69 33 12
119 655 51 32 28
775 828 71 37 23
11 794 12 11 11
736 978 0 0 0
744 834 90 63 63
713 799 11 0 0
824 939 8 4 1
28 515 29 14 9
180 460 69 43 33
958 1000 47 27 11
225 306 65 34 22
873 986 1 0 0
572 906 50 47 45
583 896 28 26 26
205 683 97 71 53
548 603 27 25 23
760 909 22 22 22
919 997 15 11 8
499 765 60 42 37
603 723 70 59 56
379 447 72 57 53
295 350 36 28 24
749 830 70 67 65
323 689 35 18 5
825 934 68 28 6
565 831 70 36 25
50 350 17 8 3
62 462 29 25 24
310 713 70 66 66
908 943 37 25 24
693 828 57 53 53
914 942 34 32 32
298 637 46 28 25
299 819 13 6 3
893 977 81 19 7
4 272 44 11 9
93 142 57 26 6
151 620 30 17 16
255 314 83 52 22
279 808 74 28 20
171 780 47 43 39
237 778 22 20 19
434 904 97 42 25
683 841 34 12 3
589 841 30 13 8
449 996 18 0 0
312 533 73 68 66
113 718 7 7 7
796 976 11 8 6
425 967 33 27 23
791 957 79 12 6
616 699 69 65 64
1 392 57 53 53
61 448 18 11 10
354 945 55 39 38
631 723 50 39 33
607 925 99 74 56
337 616 39 39 39
112 734 21 18 18
908 999 4 4 4
43 677 64 49 44
95 367 67 34 13
48 406 0 0 0
130 521 16 11 8
111 715 99 99 99
553 621 84 57 39
797 808 49 37 37
857 967 63 28 9
832 835 5 0 0
872 932 32 22 17
417 512 95 36 11
318 439 78 61 47
30 858 93 79 75
831 962 62 46 38
360 386 86 35 14
157 510 47 24 7
859 875 34 13 4
68 637 3 1 0
87 737 41 22 14
58 519 1 0 0
110 301 42 28 27
845 942 58 33 30
602 821 4 2 0
470 994 47 17 10
445 983 14 9 4
300 812 11 5 4
546 891 78 76 76
939 1000 45 22 18
284 764 97 3 0
800 994 46 34 32
236 596 18 5 5
191 403 95 25 1
231 840 35 33 32
968 986 67 61 60
775 988 91 80 78
536 681 7 4 4
993 996 18 5 3
372 400 98 72 53
759 875 12 12 12
616 787 2 2 2
509 731 14 7 6
723 902 94 65 65
900 959 39 28 26
303 903 9 9 9
801 916 20 13 13
199 410 68 44 36
699 798 42 27 26
599 724 5 5 5
892 975 26 10 0
518 670 70 58 58
686 998 9 5 5
949 967 78 76 74
906 929 6 2 2
589 622 25 15 14
156 624 35 16 6
781 828 81 25 24
73 183 59 39 26
965 990 44 31 19
324 778 19 18 18
724 863 87 54 42
365 689 76 14 7
459 858 86 17 10
259 346 13 10 8
330 632 73 63 57
227 530 78 76 76
289 327 33 25 19
608 974 38 3 2
350 798 97 24 21
851 937 76 49 25
788 983 73 65 64
420 551 18 18 18
717 951 67 66 65
819 929 60 45 44
623 712 29 18 11
728 741 25 17 10
646 648 2 0 0
18 685 56 37 26
260 839 68 31 4
148 589 8 3 1
902 928 91 53 51
595 908 97 70 63
648 787 17 12 12
211 450 80 61 60
303 476 89 81 81
702 915 0 0 0
89 958 58 46 46
355 777 13 1 1
370 531 36 33 33
612 806 73 46 40
324 958 9 3 1
98 124 8 5 3
748 843 43 10 10
733 764 27 11 6
453 628 33 16 16
914 977 1 1 1
439 922 66 63 61
35 817 49 16 15
924 955 98 75 62
956 994 19 9 9
53 801 26 23 22
30 454 56 51 46
414 685 31 24 24
520 577 19 5 2
113 160 50 47 47
619 936 58 53 49
812 923 47 30 26
402 916 60 54 48
441 501 61 44 41
336 615 63 31 1
555 897 56 45 43
259 717 8 7 7
436 633 94 82 78
905 949 6 6 6
318 420 18 17 16
306 947 17 10 8
888 933 47 46 45
61 878 24 21 21
501 793 91 21 17
869 937 2 2 2
742 751 59 14 14
110 604 31 27 26
520 930 21 12 12
918 983 90 72 59
230 640 81 63 52
221 368 90 31 14
949 988 47 40 36
913 974 72 34 33
413 681 66 45 39
311 928 61 18 6
918 953 32 26 20
79 930 3 2 2
755 904 69 14 6
85 671 71 25 21
600 884 8 6 4
239 466 26 15 4
930 955 31 20 10
946 986 42 18 16
417 712 84 57 30
534 863 96 84 78
122 584 53 48 43
904 991 9 9 9
182 664 56 55 55
146 831 2 1 1
821 897 9 7 6
399 508 15 11 10
2 554 42 42 42
552 904 23 12 9
149 154 52 49 49
566 937 0 0 0
379 970 57 20 17
49 179 76 59 56
525 700 92 29 12
289 349 81 78 78
315 507 0 0 0
441 507 89 71 54
327 709 53 5 3
523 827 9 3 2
62 605 35 20 7
851 921 83 79 78
735 781 93 31 1
863 963 59 35 13
735 944 57 11 10
161 620 88 76 76
17 914 23 10 1
839 945 85 31 25
415 661 16 7 7
801 995 54 38 31
456 585 20 11 11
490 737 84 83 82
160 659 61 54 53
641 774 100 22 20
356 682 23 10 7
732 1000 70 17 0
763 804 30 22 20
664 797 84 62 42
955 982 20 12 7
45 639 70 38 38
75 150 60 30 13
818 983 3 0 0
99 493 6 1 0
242 540 80 33 15
30 344 65 58 54
878 931 72 39 21
316 470 81 3 3
471 923 86 80 76
723 778 95 5 2
272 810 80 61 55
970 989 4 0 0
357 997 12 0 0
624 667 52 13 5
223 726 66 12 12
762 784 47 45 43
101 494 48 27 16
247 950 47 27 13
3 437 8 4 4
216 559 64 48 42
473 497 39 28 27
22 940 62 39 34
556 567 50 35 25
663 720 7 6 6
133 808 94 41 34
150 678 64 53 48
85 753 11 7 3
927 967 46 25 22
693 712 24 8 7
308 842 100 53 20
290 957 74 7 6
911 966 59 28 16
285 850 44 33 32
635 683 18 18 18
818 985 81 76 76
921 934 54 20 2
309 468 89 34 14
408 965 0 0 0
821 855 100 50 33
170 570 51 42 42
538 730 75 62 62
661 731 62 48 43
968 989 6 2 0
251 998 62 48 45
665 685 49 48 48
938 996 55 51 51
22 638 60 4 0
845 944 18 16 14
45 937 25 24 23
42 104 53 37 28
511 543 86 67 61
48 958 15 14 14
131 922 87 29 29
761 772 34 9 5
228 494 17 3 3
972 994 48 48 48
354 751 44 11 8
51 264 25 24 24
666 886 78 41 13
242 681 65 16 7
358 487 20 13 13
638 952 62 15 9
332 373 79 47 27
386 578 17 11 9
516 804 32 12 1
924 952 61 27 5
646 774 42 22 13
192 694 47 24 7
854 961 29 25 24
181 902 7 7 7
374 673 55 46 42
201 646 95 77 75
508 968 76 64 54
866 903 30 12 4
688 752 32 23 22
309 628 5 3 2
506 663 20 19 18
90 436 96 22 7
481 700 49 20 10
976 995 37 25 14
156 605 65 48 32
951 957 49 46 43
651 752 53 51 49
660 758 5 2 1
333 705 69 23 6
716 825 6 3 3
409 867 6 2 0
510 529 76 52 48
440 719 84 78 78
664 785 42 29 27
718 932 8 4 4
419 544 24 11 8
754 881 31 23 21
289 715 79 52 40
499 548 15 11 11
804 982 45 10 7
264 327 4 1 1
293 911 13 7 6
957 969 77 61 56
540 806 60 28 27
860 985 80 71 70
513 884 19 10 4
830 913 73 71 70
408 914 43 30 19
96 973 98 74 62
94 531 5 1 0
919 969 1 1 1
667 711 30 10 4
798 910 12 6 3
708 857 19 16 14
706 965 26 20 18
330 737 65 63 62
780 925 29 17 12
994 1000 76 53 35
263 429 8 2 0
210 566 54 41 33
681 833 90 64 55
916 937 99 47 46
811 864 47 25 22
150 925 65 36 36
672 940 37 32 30
673 878 81 11 5
452 470 92 49 6
275 347 20 19 19
142 401 79 36 18
588 837 90 61 45
787 883 8 5 5
671 872 81 61 51
890 926 60 57 55
3 583 38 20 5
965 998 79 49 38
544 923 87 36 26
356 502 25 5 4
783 994 96 71 66
472 705 5 5 5
548 732 80 42 12
401 689 38 26 20
37 776 30 25 22
724 976 97 7 6
167 896 32 25 22
615 676 18 17 16
72 209 17 6 0
864 936 40 39 39
198 222 47 32 32
583 912 45 41 38
117 468 16 9 8
878 897 38 22 6
224 967 55 39 23
293 389 94 85 78
577 619 3 1 1
967 973 30 25 24
888 914 100 71 66
238 295 63 51 46
275 393 84 58 51
674 697 31 30 30
576 741 9 8 7
110 570 75 43 41
671 896 71 64 59
910 986 34 21 10
219 866 13 1 1
232 811 39 37 35
100 324 21 5 4
323 331 39 12 1
661 853 17 17 17
16 889 94 56 45
840 978 41 23 8
363 878 68 11 11
46 731 49 32 23
883 955 93 80 76
205 702 53 37 26
195 381 52 33 29
227 900 85 25 13
648 974 82 72 70
467 564 3 2 1
428 572 74 60 46
669 946 84 56 38
928 965 68 62 61
815 833 14 13 13
197 901 11 6 5
215 416 28 12 10
119 645 52 11 11
715 986 25 6 5
691 850 35 21 13
325 710 54 31 29
900 975 83 72 71
381 877 44 28 19
226 453 6 3 2
306 353 4 1 0
928 956 32 17 10
289 885 37 34 31
766 789 57 36 25
754 769 6 6 6
299 445 13 8 5
377 611 77 30 23
814 856 38 31 27
505 752 71 47 37
4 559 60 38 36
864 973 83 35 29
736 961 23 18 16
795 797 90 63 48
331 605 3 2 2
836 985 86 36 16
698 909 27 12 7
252 864 9 1 0
721 838 12 5 1
177 383 20 19 19
356 674 0 0 0
681 742 29 14 3
857 925 37 11 10
54 220 43 19 17
389 393 68 33 12
896 915 28 17 14
324 549 17 8 6
272 658 40 22 4
508 820 76 73 71
748 922 57 6 6
163 726 37 33 31
479 800 71 57 46
511 703 10 6 4
380 885 88 63 58
403 725 39 25 14
449 691 28 26 25
689 840 65 32 14
141 418 32 26 20
904 920 98 70 53
17 864 38 26 24
176 671 50 37 31
416 732 48 22 14
443 941 85 36 35
302 308 77 62 61
25 998 47 46 46
391 950 89 86 84
325 347 19 10 6
822 985 37 21 16
429 624 26 15 6
634 767 86 72 67
219 484 38 26 21
236 840 83 68 63
281 805 41 25 17
183 452 82 72 63
533 552 16 14 14
822 946 93 50 43
65 488 31 15 9
154 183 10 6 3
410 515 40 5 3
573 821 93 42 7
216 612 51 32 26
299 796 26 20 19
714 929 15 14 14
86 501 32 29 27
50 726 0 0 0
752 985 58 53 52
102 375 19 3 2
502 744 38 15 12
810 820 64 56 48
563 782 70 50 38
518 543 90 84 79
907 931 31 31 31
943 986 43 43 43
66 618 8 3 2
431 970 86 24 4
818 930 62 60 58
730 928 83 38 26
697 820 31 21 13
348 482 50 3 0
787 860 35 25 17
609 801 13 10 9
92 957 35 29 26
717 787 14 11 11
943 960 1 1 1
694 864 26 12 0
78 638 45 39 34
156 479 38 13 13
102 589 72 61 52
37 338 73 64 64
397 790 8 4 3
916 969 33 15 8
655 932 74 67 66
538 818 53 23 16
184 741 23 10 6
731 866 62 31 24
288 827 100 72 71
450 470 3 3 3
213 392 99 63 43
550 947 16 13 11
719 935 56 1 0
380 581 49 15 15
752 773 11 7 6
92 956 68 39 38
719 793 97 89 87
529 557 100 85 71
45 308 74 72 70
752 853 13 6 5
411 488 13 10 10
90 531 5 2 2
235 782 33 12 5
971 976 51 25 11
884 996 15 11 9
923 996 99 66 64
574 730 43 22 19
407 624 11 8 7
952 996 18 17 16
51 251 44 11 10
940 968 13 7 3
216 248 94 93 93
467 962 61 17 8
666 687 1 0 0
60 438 20 14 11
192 373 42 28 18
431 678 43 26 15
823 933 47 25 16
501 572 33 27 22
68 102 96 96 96
518 718 14 11 10
90 442 46 27 18
640 938 96 84 82
715 819 72 45 37
233 396 7 6 5
718 857 93 37 8
19 901 92 35 29
761 882 55 50 50
539 920 81 22 3
446 810 91 18 14
740 883 83 76 75
958 988 63 52 45
971 999 11 11 11
854 894 57 39 22
116 920 75 36 7
13 499 17 9 7
862 900 36 27 25
15 849 41 38 38
973 995 34 23 14
820 863 1 1 1
312 988 28 3 0
930 952 1 1 1
692 996 8 0 0
809 913 65 16 2
121 507 57 44 43
926 982 89 10 5
740 813 70 63 56
348 536 72 46 25
704 882 0 0 0
885 910 27 9 6
579 981 74 43 37
499 739 60 31 15
634 971 9 6 4
673 729 65 52 45
339 623 24 19 14
289 796 76 63 60
606 960 29 15 1
69 117 2 1 1
92 200 93 74 73
784 833 3 3 3
883 994 75 42 26
925 932 89 84 80
961 999 53 42 33
724 741 49 45 45
16 1000 54 15 7
500 851 67 58 54
277 682 69 34 25
11 406 61 53 53
688 921 0 0 0
648 904 57 28 17
802 864 2 2 2
210 693 9 6 6
97 238 53 19 17
243 392 64 30 30
75 314 76 69 68
158 210 48 7 0
889 939 2 1 1
47 599 54 32 18
685 720 66 33 12
25 124 8 5 3
615 657 72 65 61
162 365 37 20 19
802 974 40 33 26
807 911 61 18 10
211 579 52 22 1
816 908 29 12 12
261 487 64 31 14
440 449 56 38 33
681 813 18 9 0
492 919 95 28 8
504 559 86 16 9
255 981 31 18 6
865 957 92 68 61
801 877 9 3 1
276 801 77 39 25
155 460 44 20 15
261 428 82 46 31
639 697 63 27 10
31 914 59 21 5
646 798 29 5 5
903 989 89 64 60
889 922 62 60 60
840 842 13 6 5
242 673 17 11 8
888 913 62 45 33
195 448 30 19 14
802 981 0 0 0
137 794 56 55 54
188 883 5 1 0
488 903 24 21 19
3 192 99 68 66
380 484 90 13 0
577 611 55 40 32
340 861 54 28 13
561 878 64 53 52
379 661 26 12 12
893 958 95 85 79
158 385 21 4 0
138 607 49 24 21
982 985 47 4 0
791 903 78 65 57
530 832 21 14 14
305 856 84 52 36
803 945 19 15 12
418 971 11 11 11
57 948 55 23 13
353 487 52 33 22
729 899 11 8 5
815 926 95 60 50
379 887 41 13 1
731 739 13 9 7
821 828 82 56 33
147 592 20 4 2
152 293 99 86 73
945 994 15 1 1
16 400 30 18 7
635 676 18 14 14
464 467 74 24 7
250 751 97 53 52
94 672 86 58 38
9 15 87 49 42
294 534 15 6 1
804 983 19 13 10
716 986 49 42 35
209 362 97 95 95
292 490 69 60 51
509 980 22 9 8
396 876 81 25 17
569 613 77 48 26
639 657 75 18 2
757 882 30 25 25
380 812 81 49 24
451 961 46 28 19
909 989 70 15 14
533 974 68 33 30
109 404 100 45 40
196 504 15 4 2
237 801 61 39 27
63 256 20 13 12
234 633 48 33 32
793 813 59 36 19
542 574 32 13 8
857 932 38 29 29
878 891 79 28 20
510 997 100 50 21
122 832 31 10 4
185 522 16 4 4
287 372 36 4 4
87 930 86 50 20
936 1000 30 18 14
752 869 98 88 87
584 607 63 57 57
655 751 38 15 0
72 851 90 37 28
334 887 96 95 95
220 222 26 15 14
814 950 79 47 36
917 999 41 38 38
477 842 84 44 28
704 821 65 44 29
519 601 69 67 66
470 515 2 2 2
613 923 83 54 53
802 887 30 7 7
576 847 35 14 12
140 879 93 68 61
730 953 4 1 0
373 874 66 11 0
785 919 33 28 26
545 999 9 5 5
686 933 92 45 34
729 823 44 43 43
605 851 61 55 53
59 332 11 6 5
124 759 34 27 21
92 976 64 61 61
388 848 97 70 51
88 407 55 14 4
727 946 36 28 28
284 585 10 7 5
396 475 22 18 16
221 502 26 3 0
211 978 5 5 5
994 999 94 64 37
442 936 84 76 73
347 379 32 10 8
504 781 23 10 3
145 900 2 1 0
355 382 88 73 73
886 971 71 48 43
125 418 84 47 30
67 876 94 57 27
725 847 38 26 24
56 251 12 5 4
183 751 67 11 0
30 906 19 3 1
126 301 99 61 35
286 871 33 26 24
39 265 59 41 40
240 407 48 43 42
255 535 16 5 5
935 962 4 2 2
431 667 71 45 27
829 860 50 44 41
218 375 90 6 0
591 975 80 54 40
313 848 38 24 20
575 909 84 54 46
826 987 65 14 5
931 933 1 1 1
906 981 72 68 67
140 227 61 37 32
612 850 89 86 86
789 997 94 51 50
862 963 22 13 5
221 884 15 5 2
1 676 0 0 0
140 988 27 22 18
965 993 69 42 26
107 130 75 64 55
81 915 13 2 0
942 973 70 61 58
974 989 36 26 20
201 844 70 25 12
150 728 70 64 61
232 887 99 55 38
968 972 61 39 35
199 499 37 32 32
969 978 44 2 0
434 488 11 8 8
446 520 51 32 17
541 780 7 5 4
368 603 38 28 22
390 893 2 2 2
739 844 90 66 48
276 430 20 9 5
924 934 64 48 37
403 739 40 19 9
459 938 21 21 21
78 760 76 61 60
933 996 16 16 16
848 936 13 8 8
385 725 53 34 20
331 411 1 0 0
74 78 97 67 38
269 727 36 17 12
234 684 9 4 3
608 764 100 69 40
1 24
2 30
3 122
4 108
5 45
6 50
7 57
8 6
9 27
10 115
11 99
12 112
13 98
14 126
15 74
16 138
17 76
18 90
19 71
20 48
21 34
22 116
23 28
24 57
25 78
26 42
27 25
28 24
29 74
30 119
31 91
32 111
33 72
34 28
35 23
36 50
37 92
38 24
39 117
40 42
41 23
42 70
43 19
44 27
45 47
46 21
47 68
48 50
49 25
50 64
51 36
52 34
53 29
54 58
55 18
56 23
57 211
58 22
59 84
60 64
61 124
62 68
63 117
64 42
65 27
66 3
67 38
68 25
69 70
70 0
71 16
72 100
73 15
74 87
75 69
76 8
77 11
78 116
79 49
80 36
81 23
82 66
83 147
84 83
85 128
86 97
87 108
88 80
89 51
90 106
91 22
92 56
93 129
94 87
95 49
96 145
97 52
98 94
99 91
100 38
101 55
102 115
103 63
104 61
105 134
106 18
107 32
108 22
109 94
110 102
111 72
112 99
113 16
114 31
115 1
116 108
117 55
118 77
119 109
120 78
121 139
122 58
123 38
124 70
125 137
126 119
127 65
128 48
129 59
130 58
131 124
132 62
133 111
134 7
135 65
136 8
137 50
138 130
139 38
140 119
141 73
142 92
143 15
144 64
145 77
146 46
147 28
148 4
149 101
150 132
151 78
152 89
153 37
154 87
155 41
156 66
157 42
158 93
159 84
160 5
161 148
162 37
163 28
164 63
165 38
166 72
167 114
168 22
169 56
170 55
171 37
172 83
173 51
174 45
175 62
176 44
177 35
178 36
179 91
180 71
181 59
182 3
183 190
184 36
185 14
186 20
187 31
188 76
189 71
190 131
191 109
192 184
193 38
194 18
195 45
196 43
197 74
198 30
199 43
200 68
201 111
202 82
203 70
204 43
205 140
206 13
207 27
208 121
209 39
210 147
211 56
212 18
213 82
214 76
215 21
216 95
217 79
218 164
219 41
220 87
221 161
222 99
223 103
224 42
225 56
226 27
227 82
228 31
229 132
230 59
231 107
232 113
233 38
234 113
235 51
236 94
237 147
238 104
239 24
240 149
241 17
242 157
243 45
244 0
245 45
246 60
247 81
248 62
249 101
250 77
251 56
252 123
253 12
254 50
255 143
256 112
257 76
258 84
259 109
260 138
261 120
262 41
263 72
264 57
265 137
266 91
267 54
268 17
269 28
270 45
271 53
272 175
273 14
274 58
275 68
276 63
277 138
278 64
279 82
280 121
281 23
282 22
283 26
284 87
285 151
286 131
287 27
288 112
289 58
290 66
291 98
292 135
293 83
294 70
295 16
296 144
297 44
298 72
299 75
300 34
301 145
302 12
303 72
304 27
305 141
306 125
307 35
308 227
309 111
310 76
311 107
312 96
313 36
314 126
315 125
316 61
317 121
318 65
319 13
320 88
321 108
322 117
323 159
324 200
325 36
326 55
327 106
328 65
329 86
330 88
331 60
332 113
333 71
334 90
335 67
336 82
337 55
338 75
339 76
340 98
341 143
342 74
343 87
344 111
345 44
346 37
347 98
348 178
349 51
350 103
351 134
352 58
353 63
354 34
355 17
356 102
357 68
358 65
359 169
360 173
361 56
362 55
363 114
364 93
365 128
366 59
367 68
368 154
369 20
370 104
371 58
372 168
373 119
374 90
375 167
376 85
377 120
378 18
379 251
380 240
381 152
382 80
383 122
384 54
385 100
386 111
387 103
388 34
389 76
390 80
391 104
392 75
393 137
394 168
395 124
396 88
397 139
398 44
399 61
400 159
401 136
402 34
403 148
404 53
405 158
406 61
407 96
408 59
409 61
410 85
411 52
412 54
413 36
414 104
415 93
416 75
417 156
418 180
419 139
420 66
421 73
422 67
423 133
424 61
425 144
426 116
427 21
428 216
429 78
430 63
431 231
432 121
433 81
434 138
435 75
436 122
437 84
438 53
439 110
440 50
441 154
442 134
443 85
444 62
445 72
446 92
447 211
448 94
449 127
450 89
451 119
452 100
453 56
454 105
455 50
456 96
457 49
458 116
459 116
460 170
461 126
462 135
463 76
464 68
465 20
466 65
467 79
468 136
469 159
470 120
471 104
472 84
473 174
474 82
475 85
476 38
477 169
478 89
479 89
480 134
481 101
482 261
483 116
484 181
485 133
486 93
487 179
488 148
489 97
490 197
491 148
492 159
493 40
494 52
495 128
496 63
497 40
498 176
499 182
500 53
501 163
502 86
503 80
504 108
505 199
506 84
507 156
508 172
509 180
510 149
511 49
512 112
513 99
514 128
515 277
516 115
517 15
518 92
519 60
520 54
521 81
522 67
523 77
524 136
525 183
526 82
527 99
528 150
529 161
530 77
531 38
532 145
533 74
534 103
535 89
536 113
537 35
538 123
539 186
540 102
541 58
542 107
543 45
544 184
545 107
546 85
547 123
548 144
549 85
550 46
551 83
552 156
553 150
554 46
555 45
556 110
557 126
558 71
559 184
560 31
561 150
562 196
563 106
564 148
565 198
566 61
567 139
568 91
569 87
570 105
571 109
572 79
573 164
574 73
575 53
576 71
577 168
578 183
579 132
580 148
581 47
582 154
583 125
584 205
585 37
586 70
587 113
588 70
589 257
590 78
591 171
592 67
593 89
594 106
595 109
596 77
597 72
598 79
599 91
600 52
601 63
602 143
603 43
604 83
605 71
606 79
607 105
608 119
609 146
610 40
611 164
612 53
613 221
614 66
615 203
616 119
617 105
618 90
619 115
620 51
621 145
622 156
623 98
624 145
625 88
626 107
627 117
628 140
629 29
630 141
631 138
632 101
633 163
634 113
635 73
636 66
637 138
638 215
639 203
640 94
641 92
642 130
643 126
644 89
645 161
646 137
647 124
648 144
649 72
650 77
651 196
652 72
653 64
654 53
655 191
656 73
657 198
658 126
659 73
660 72
661 96
662 159
663 143
664 170
665 100
666 174
667 274
668 94
669 152
670 133
671 250
672 163
673 219
674 106
675 107
676 109
677 115
678 169
679 250
680 109
681 247
682 118
683 160
684 202
685 128
686 260
687 53
688 95
689 207
690 70
691 125
692 106
693 119
694 129
695 148
696 54
697 225
698 156
699 64
700 207
701 15
702 185
703 88
704 44
705 139
706 124
707 114
708 172
709 65
710 155
711 167
712 140
713 43
714 169
715 147
716 169
717 100
718 89
719 77
720 91
721 110
722 162
723 170
724 181
725 129
726 132
727 102
728 128
729 190
730 217
731 146
732 221
733 76
734 176
735 149
736 118
737 134
738 157
739 297
740 70
741 211
742 120
743 114
744 187
745 178
746 161
747 85
748 139
749 66
750 134
751 223
752 237
753 117
754 40
755 136
756 112
757 176
758 93
759 165
760 163
761 172
762 93
763 171
764 171
765 53
766 124
767 135
768 161
769 33
770 70
771 180
772 118
773 32
774 184
775 118
776 218
777 117
778 252
779 216
780 92
781 188
782 146
783 161
784 119
785 210
786 183
787 139
788 324
789 89
790 148
791 80
792 151
793 175
794 110
795 266
796 119
797 195
798 147
799 158
800 151
801 220
802 222
803 144
804 261
805 138
806 250
807 165
808 144
809 139
810 245
811 117
812 166
813 124
814 219
815 118
816 227
817 155
818 169
819 116
820 27
821 183
822 143
823 172
824 165
825 252
826 193
827 91
828 143
829 116
830 110
831 167
832 181
833 132
834 129
835 172
836 146
837 134
838 132
839 224
840 246
841 97
842 139
843 252
844 287
845 76
846 66
847 181
848 169
849 96
850 133
851 271
852 51
853 131
854 122
855 333
856 183
857 229
858 196
859 179
860 151
861 206
862 205
863 342
864 185
865 314
866 191
867 9
868 112
869 30
870 111
871 275
872 173
873 252
874 190
875 137
876 240
877 192
878 286
879 225
880 225
881 205
882 332
883 275
884 213
885 214
886 309
887 132
888 239
889 136
890 225
891 131
892 111
893 184
894 205
895 222
896 170
897 175
898 162
899 98
900 288
901 159
902 147
903 193
904 275
905 199
906 212
907 159
908 318
909 213
910 275
911 238
912 222
913 211
914 196
915 70
916 152
917 200
918 233
919 143
920 333
921 219
922 268
923 274
924 211
925 224
926 124
927 218
928 180
929 213
930 186
931 244
932 131
933 212
934 200
935 292
936 176
937 119
938 193
939 188
940 165
941 215
942 201
943 328
944 133
945 261
946 200
947 181
948 223
949 94
950 387
951 228
952 345
953 335
954 251
955 238
956 298
957 414
958 184
959 169
960 363
961 175
962 240
963 231
964 156
965 257
966 318
967 399
968 211
969 345
970 368
971 304
972 154
973 284
974 242
975 201
976 349
977 284
978 346
979 141
980 337
981 273
982 363
983 279
984 220
985 281
986 260
987 353
988 331
989 377
990 419
991 356
992 300
993 311
994 506
995 370
996 383
997 393
998 375
999 444
1000 349
