100 1000
92 97 39 37 35
65 72 24 1 0
47 66 67 62 62
71 95 40 1 0
48 95 82 72 69
24 60 1 0 0
95 97 55 30 17
12 52 19 17 15
89 99 76 54 34
80 95 72 62 57
11 43 39 10 7
84 89 31 21 19
52 64 25 21 21
25 87 52 51 51
45 83 0 0 0
46 84 38 26 20
46 58 79 78 78
13 58 23 16 14
15 75 54 49 45
38 74 89 63 60
44 48 31 27 27
19 87 48 32 23
15 80 26 20 19
16 40 70 64 64
24 69 48 24 17
61 80 51 46 46
65 89 73 33 17
4 51 69 62 61
73 94 51 46 42
49 96 73 61 54
4 57 14 6 5
86 98 43 33 31
37 98 40 39 39
30 66 65 21 20
38 96 72 57 54
7 68 78 71 71
28 33 9 1 0
70 83 91 44 6
8 99 62 44 32
65 73 29 24 19
74 79 9 8 8
55 71 63 19 19
37 67 95 72 49
90 97 17 6 6
9 25 12 4 4
44 78 58 30 25
55 94 41 30 23
88 89 54 26 10
13 35 32 21 18
62 67 88 85 84
37 58 100 93 91
24 33 44 44 44
78 95 50 19 18
64 68 49 37 35
58 89 57 48 42
49 69 89 86 84
20 91 55 26 25
59 71 36 20 15
23 99 39 17 9
40 100 14 9 7
7 38 6 4 3
19 30 5 5 5
36 97 6 2 2
48 88 57 23 8
35 83 9 3 0
68 74 82 40 31
6 85 18 8 5
19 45 66 48 34
6 19 82 77 77
88 95 14 13 13
28 52 6 5 5
2 23 23 15 14
48 75 53 16 4
99 100 14 13 12
39 48 81 25 21
1 70 95 19 1
41 69 76 66 63
91 95 41 27 14
3 65 15 7 1
72 90 11 8 5
62 85 2 0 0
54 93 43 7 2
9 34 80 28 0
43 54 0 0 0
43 84 89 51 42
57 100 74 67 66
43 60 60 18 7
40 94 31 7 3
40 96 39 9 6
70 73 73 45 37
18 53 49 35 28
10 30 3 2 2
17 61 79 76 75
41 71 76 66 65
89 98 1 1 1
65 85 27 27 27
55 60 75 27 21
58 83 58 48 48
9 99 22 9 1
17 73 14 4 0
87 100 90 83 81
16 67 70 60 59
65 92 73 41 22
97 99 63 60 60
84 95 40 35 33
23 42 88 73 64
31 46 61 47 44
41 43 40 23 9
97 98 95 26 23
63 74 97 70 69
86 88 11 4 2
76 84 84 49 38
96 99 52 48 44
64 86 35 12 0
39 79 76 31 29
81 99 75 53 41
70 79 34 29 28
54 77 60 24 8
30 49 1 0 0
23 86 92 60 56
21 88 30 28 27
5 15 84 45 39
87 93 23 14 11
59 99 87 65 62
46 91 78 45 36
19 44 11 4 2
57 64 29 15 9
64 89 18 5 2
62 89 30 22 22
67 80 23 21 19
65 82 97 10 5
32 100 43 39 36
65 94 44 21 9
57 93 15 3 1
61 63 30 16 8
11 82 3 1 0
66 86 74 28 20
41 64 28 10 9
78 83 10 6 6
33 53 56 21 12
29 46 7 1 1
42 75 61 12 8
17 55 48 29 24
55 56 51 36 36
51 97 82 81 81
11 100 8 3 2
15 90 64 18 14
78 89 85 69 54
58 93 45 14 7
86 93 31 10 5
62 93 26 16 14
33 70 15 8 6
61 93 59 28 25
52 73 68 38 38
74 75 33 15 14
81 90 35 3 0
52 99 18 14 11
58 75 9 1 1
80 96 47 42 42
8 35 16 3 2
90 99 68 44 32
61 89 46 39 38
38 79 38 22 13
80 92 54 43 39
4 26 85 59 44
55 57 86 24 9
36 41 47 30 19
93 95 40 12 6
42 74 67 59 58
96 97 1 0 0
3 13 71 68 65
15 49 75 27 23
9 16 10 7 7
95 96 27 23 20
48 56 97 26 17
54 74 33 29 28
60 73 57 54 51
1 67 9 4 4
30 33 98 60 47
36 65 98 30 23
39 57 47 16 1
33 60 11 7 6
61 88 57 29 25
32 76 26 14 14
36 52 83 60 48
31 60 85 69 64
76 99 66 41 30
54 75 52 41 33
44 89 74 39 23
24 68 47 39 36
61 72 32 28 24
5 35 36 29 29
70 82 16 13 13
72 93 20 17 17
67 96 45 28 21
45 90 6 6 6
97 100 34 13 1
94 95 62 49 45
78 82 45 12 4
66 83 86 81 79
40 77 27 7 6
24 67 11 8 8
49 73 14 13 13
49 64 18 13 13
85 94 19 17 17
57 91 39 38 37
26 58 15 10 10
68 76 72 47 43
33 56 13 6 6
83 96 92 58 41
82 88 79 4 2
9 59 88 80 80
67 81 38 35 35
31 99 96 89 88
98 99 80 63 47
41 63 19 17 17
68 90 11 4 4
59 84 87 47 36
26 42 92 37 13
91 99 94 81 74
94 100 41 6 0
25 95 24 17 17
60 64 81 33 32
42 87 8 1 1
55 90 70 18 5
59 93 3 2 2
94 96 65 25 6
43 49 33 24 18
95 99 49 46 46
82 86 12 12 12
28 60 42 32 28
84 94 70 21 14
77 88 92 73 68
84 93 85 78 74
46 51 31 27 25
93 94 31 21 21
23 84 9 8 7
54 61 13 12 12
62 80 81 37 20
85 98 28 26 25
19 34 57 38 21
9 30 48 10 9
9 70 84 73 68
5 39 3 1 0
33 43 75 47 47
8 20 23 21 20
56 95 41 31 30
52 65 76 51 28
11 31 69 15 10
14 72 49 13 12
33 47 48 38 33
28 41 73 52 39
46 78 85 64 57
37 71 34 20 17
91 96 50 48 47
60 90 71 39 35
57 76 47 35 24
63 77 10 0 0
44 71 49 29 10
66 70 50 35 24
30 58 11 6 6
65 86 42 25 21
8 31 95 70 53
33 67 44 9 6
51 59 0 0 0
75 86 32 31 31
13 94 72 28 18
51 69 81 32 12
26 68 0 0 0
45 47 81 45 34
26 68 54 19 18
19 29 11 6 2
46 82 67 8 1
60 83 56 5 2
33 92 72 23 1
59 80 94 59 37
35 49 25 23 21
61 92 31 20 20
3 84 22 13 5
55 95 99 92 86
36 85 91 33 19
72 94 83 71 62
21 73 84 18 8
1 30 34 22 15
34 39 91 60 59
50 94 99 52 36
1 34 8 6 6
45 91 12 10 9
32 57 82 30 11
91 97 89 69 50
1 85 28 19 16
32 45 32 18 17
58 92 31 28 27
23 32 95 43 42
56 65 71 25 17
11 49 9 8 8
26 33 9 8 7
69 71 70 33 22
88 100 18 18 18
53 70 37 13 4
12 27 16 8 8
84 91 30 21 12
93 98 92 65 39
14 75 94 60 32
25 46 8 2 1
79 86 5 1 0
47 77 44 43 43
30 68 87 37 8
89 91 66 16 16
43 82 79 52 49
47 51 48 40 34
12 23 14 9 6
88 92 56 43 40
61 95 32 18 7
94 99 32 23 14
3 35 68 59 52
83 88 44 42 41
44 100 24 22 22
24 35 72 54 48
53 80 73 38 35
86 92 80 48 41
65 71 41 29 21
93 99 22 15 15
63 66 0 0 0
5 100 94 86 78
95 100 90 15 7
3 14 7 6 5
69 82 38 31 24
90 94 61 33 32
10 99 13 3 3
63 75 62 30 12
5 61 24 19 16
77 83 16 2 1
68 71 42 42 42
1 44 56 40 27
40 80 79 22 15
43 70 65 47 43
22 35 59 40 21
87 91 9 4 2
16 80 52 30 15
49 98 64 27 26
24 57 28 18 14
29 94 93 75 67
45 60 97 64 57
90 91 23 14 8
48 67 42 13 0
1 12 29 23 22
12 94 38 29 29
47 72 81 69 62
37 86 9 5 2
46 65 69 66 65
78 90 87 86 86
84 90 25 16 7
34 47 71 47 47
50 88 74 53 52
2 72 24 13 4
19 82 7 2 2
9 80 11 11 11
75 91 61 46 42
30 44 72 56 55
29 59 23 9 8
16 76 30 15 12
40 91 100 3 1
7 69 7 7 7
39 45 22 20 18
75 81 91 12 8
36 92 65 61 59
92 100 54 27 23
55 86 60 7 5
80 86 30 4 4
13 68 82 80 79
45 94 53 31 22
46 54 85 41 23
90 100 20 12 12
26 73 17 15 14
32 56 76 56 49
22 96 76 55 51
78 93 82 68 63
26 99 31 17 8
52 61 33 12 12
74 83 44 11 8
20 36 29 28 27
75 87 37 36 36
43 97 61 52 45
20 25 78 11 5
55 92 34 21 21
46 86 64 50 50
79 85 84 44 33
13 32 37 10 10
27 63 75 47 45
87 99 94 40 6
34 86 5 5 5
74 77 57 47 40
30 77 86 78 75
33 35 76 28 5
11 65 58 40 29
77 79 1 0 0
27 92 55 45 43
62 66 64 33 10
66 90 12 11 10
61 68 89 37 21
17 84 35 22 15
59 75 11 9 8
79 91 8 8 8
95 98 86 59 33
53 79 29 25 25
20 100 20 20 20
17 94 38 18 12
47 82 97 22 10
12 45 6 3 3
25 37 35 17 5
12 60 100 67 54
58 77 71 53 36
68 95 49 21 16
29 42 27 11 10
64 81 16 10 10
3 11 46 29 15
6 67 26 23 21
43 80 63 47 37
42 49 63 28 22
6 39 95 78 77
42 99 7 2 2
47 79 45 25 19
42 61 85 19 13
57 66 47 43 42
43 48 28 4 0
65 88 41 37 33
78 80 82 25 5
16 35 82 6 5
10 34 83 52 34
53 93 13 13 13
79 84 49 47 46
43 64 3 2 2
36 74 60 25 23
23 53 39 24 20
69 95 12 8 5
88 90 21 17 16
37 73 43 33 33
28 44 98 85 83
74 81 17 16 16
43 92 6 3 1
89 97 12 10 10
72 82 47 14 10
33 88 46 42 40
31 44 82 29 15
6 46 93 12 12
56 62 70 35 9
31 87 37 1 1
11 80 53 44 37
23 87 27 26 26
86 100 12 2 0
18 41 39 9 2
90 92 21 4 2
25 34 27 10 9
67 73 88 43 40
54 87 83 69 65
92 99 70 40 30
4 93 16 14 12
32 84 86 49 31
82 87 68 57 55
59 61 4 2 2
32 35 16 3 2
98 100 38 15 9
42 55 12 11 11
69 76 52 35 35
65 79 48 33 28
64 100 71 64 57
6 32 35 17 8
87 90 28 24 24
10 73 67 42 26
81 100 4 1 1
73 93 57 45 42
51 70 6 4 2
34 74 66 11 7
54 91 31 12 0
84 86 35 16 6
33 57 32 22 21
33 66 91 71 51
26 53 81 73 69
59 88 23 15 8
66 72 84 54 29
86 96 67 48 29
7 32 86 25 23
74 84 65 28 13
11 50 65 37 25
84 100 85 44 10
92 94 35 11 11
3 80 2 2 2
59 79 74 15 11
81 95 82 18 1
73 85 48 19 18
19 77 81 47 28
66 96 61 53 49
67 76 74 74 74
78 92 93 73 56
7 26 39 8 4
75 85 62 16 5
56 58 4 1 1
57 88 74 28 18
8 14 4 4 4
40 48 4 3 3
70 72 28 7 3
87 98 62 19 8
79 87 66 46 32
64 83 27 22 22
45 48 24 3 2
6 70 10 9 9
89 96 11 3 0
92 96 2 2 2
85 88 66 25 14
28 79 51 12 5
59 96 35 33 31
75 82 87 75 66
65 78 54 31 25
74 99 8 5 4
11 33 41 10 4
11 92 94 64 49
35 39 7 5 3
12 56 82 14 13
11 13 24 9 7
48 65 33 20 15
1 38 86 61 37
30 81 46 23 2
43 63 45 35 25
49 94 63 13 0
39 87 55 32 12
15 92 57 22 2
43 47 76 70 69
90 95 16 7 7
57 85 3 2 2
6 65 92 90 89
10 79 94 70 64
29 61 48 37 29
12 64 64 37 16
76 80 66 42 20
63 99 3 3 3
57 65 79 75 71
27 35 26 23 21
73 77 87 70 54
62 74 2 2 2
66 78 24 3 1
7 60 82 44 24
82 90 86 48 16
33 90 97 60 52
28 39 51 20 6
40 85 22 10 1
38 51 91 86 85
90 96 97 95 94
25 78 11 4 3
92 98 35 25 20
60 76 49 23 14
35 61 94 51 46
28 94 81 52 35
50 55 29 25 25
24 64 7 6 6
85 96 50 46 46
27 81 0 0 0
80 83 7 7 7
84 87 49 43 37
80 99 90 42 7
50 78 32 14 12
81 93 65 51 46
71 91 59 41 33
11 56 13 7 7
63 79 92 35 33
43 75 53 17 17
13 85 62 42 34
78 98 28 8 6
96 98 46 17 3
38 81 42 16 9
76 100 73 26 17
37 95 40 6 3
37 91 39 23 7
10 92 75 21 13
46 50 36 23 14
96 100 64 51 49
27 55 39 31 29
27 34 14 12 11
84 97 47 45 45
85 91 89 47 44
86 90 26 21 19
23 62 71 56 53
83 95 49 31 30
44 96 92 80 78
7 42 29 8 6
60 86 38 36 34
72 77 50 48 46
15 67 85 52 48
76 85 55 22 20
58 90 41 19 1
44 51 99 90 82
2 11 35 16 3
22 25 61 50 50
3 57 55 55 55
91 93 86 82 80
49 100 19 14 11
89 90 85 53 41
38 65 19 12 7
54 84 36 31 30
11 58 63 19 17
37 42 67 27 27
62 63 21 11 5
70 87 72 30 13
91 98 21 15 9
32 54 53 32 13
83 100 85 26 8
41 80 45 28 13
39 75 69 29 7
51 67 37 17 11
63 88 83 71 67
15 68 91 57 47
31 84 46 35 29
61 98 84 27 9
9 94 94 45 23
55 85 2 1 1
12 28 7 7 7
92 95 47 37 34
5 13 79 36 35
40 63 20 15 12
78 99 36 26 24
17 42 20 13 13
30 56 9 8 7
74 100 68 29 8
76 94 55 22 14
40 59 10 6 3
76 88 25 24 24
40 50 43 22 19
72 89 80 44 43
34 54 18 8 1
38 54 20 9 9
40 70 72 56 40
10 64 42 21 17
44 81 30 20 15
18 56 94 38 0
14 57 96 82 68
56 68 73 66 61
19 75 59 24 20
71 92 72 14 5
54 81 69 66 66
23 50 84 8 5
8 12 82 76 76
75 88 2 1 1
16 57 22 20 19
26 74 9 2 2
33 62 43 21 9
3 53 47 18 0
36 39 61 32 7
76 91 35 17 10
26 38 95 85 77
27 32 93 68 64
47 50 12 1 0
4 97 87 69 66
62 92 75 35 27
25 35 73 33 10
74 90 41 12 9
79 100 2 2 2
62 81 32 31 31
67 93 83 55 52
26 43 16 8 7
15 51 95 85 82
9 36 71 48 38
73 78 58 9 1
1 57 68 27 21
5 47 44 40 36
86 87 46 23 6
21 100 96 38 12
34 68 62 50 49
53 91 1 1 1
26 66 28 15 2
81 97 78 60 54
16 22 96 32 27
88 96 16 12 9
7 12 85 17 16
25 57 6 5 4
32 86 67 64 64
56 93 12 6 5
18 43 9 7 5
54 92 54 37 25
69 78 85 32 31
4 29 35 26 21
29 80 42 23 21
16 28 61 58 57
27 61 8 7 6
9 75 4 3 3
81 83 64 3 3
56 96 58 44 40
40 51 40 37 35
10 69 13 6 6
43 78 61 53 50
53 67 60 14 10
21 61 33 17 12
26 61 45 24 23
78 96 17 12 11
76 93 52 24 21
11 89 68 17 12
75 96 83 56 50
82 85 99 57 21
74 82 10 8 7
58 81 31 28 28
27 40 55 40 32
76 97 67 6 6
70 88 1 1 1
22 64 86 44 34
74 92 1 1 1
31 47 35 5 5
21 78 33 21 13
36 69 51 35 26
27 85 51 51 51
41 89 17 17 17
46 79 45 34 34
39 41 22 13 9
59 94 28 25 25
25 85 79 43 11
72 86 21 17 14
71 82 54 43 35
25 31 69 62 62
17 31 42 41 41
10 90 73 36 21
65 76 22 12 5
11 53 7 6 6
48 68 77 43 41
53 68 12 11 11
44 99 68 35 23
27 47 79 22 9
38 93 83 31 13
29 31 39 35 34
40 78 75 64 63
56 75 33 30 28
54 73 0 0 0
6 17 80 42 39
68 77 89 47 16
27 39 12 7 7
1 32 37 33 31
4 32 96 36 36
1 52 5 2 2
68 98 42 11 9
31 34 53 36 31
13 88 25 14 11
64 88 13 4 3
2 51 17 7 7
4 25 52 48 44
16 47 3 0 0
30 88 78 28 19
82 95 31 7 3
18 76 11 8 6
4 56 2 1 0
11 46 26 23 22
27 64 48 29 21
56 83 46 19 10
28 61 85 52 42
3 98 54 12 6
37 66 26 15 12
37 89 18 6 4
48 96 96 91 90
46 56 35 33 33
89 92 63 57 53
44 53 66 29 2
60 65 81 53 53
62 76 48 35 33
42 54 10 8 7
14 51 88 61 44
41 96 61 41 28
18 64 6 6 6
70 86 30 17 5
41 91 72 65 62
79 83 12 6 1
12 44 21 2 0
45 84 24 17 17
60 98 93 73 72
65 74 6 3 3
35 76 84 49 42
66 71 64 59 58
4 10 72 14 10
42 70 51 15 5
20 99 61 43 43
93 100 56 33 29
67 70 36 29 24
48 87 84 40 23
2 15 90 68 61
87 88 49 32 32
48 99 5 1 0
25 58 10 5 2
47 60 81 65 61
80 84 81 46 29
35 77 32 22 18
88 91 98 62 47
50 52 89 79 76
21 62 100 75 65
5 33 8 4 2
42 80 11 4 1
72 78 38 32 28
84 99 69 47 39
22 23 49 27 9
36 58 31 20 13
64 74 57 15 14
71 94 95 82 81
71 75 46 13 2
81 98 98 68 52
25 52 9 3 1
39 90 34 32 30
60 89 20 5 1
2 86 59 44 30
81 86 7 7 7
84 92 96 17 16
91 94 39 26 26
15 87 2 1 1
42 47 60 43 31
5 32 45 12 5
85 92 93 78 71
65 68 44 33 31
54 86 94 91 91
28 89 82 52 41
74 97 47 10 5
26 97 67 34 14
59 73 79 27 25
21 34 22 22 22
79 90 65 57 55
3 39 98 67 60
24 81 24 12 6
73 88 72 55 47
29 93 72 46 31
6 80 73 57 50
60 68 82 48 17
50 77 3 3 3
77 84 15 15 15
34 38 86 73 72
76 96 67 49 49
88 97 51 35 23
35 62 94 53 23
75 93 14 5 3
12 51 56 22 15
50 57 34 21 12
30 73 100 46 41
48 60 22 13 6
45 52 91 61 44
89 100 54 49 47
12 47 27 15 13
17 49 61 27 16
60 62 30 26 25
55 100 21 11 7
47 86 15 12 12
9 66 90 49 41
79 92 80 33 16
17 28 31 16 14
19 69 98 60 48
78 84 25 9 3
58 99 10 8 7
77 89 2 2 2
73 76 49 18 1
39 60 39 25 18
22 86 75 66 66
87 97 34 25 24
34 92 16 16 16
13 56 75 47 35
2 44 72 22 22
45 72 81 41 38
53 69 75 59 56
38 91 39 17 8
73 97 41 31 28
15 70 94 36 35
57 75 19 12 10
46 53 0 0 0
5 63 90 83 81
3 23 4 4 4
64 96 60 39 31
5 70 56 19 19
39 62 62 44 43
22 68 15 10 7
37 84 13 2 1
38 48 39 9 1
4 72 5 3 3
18 31 24 21 19
76 86 78 64 54
44 79 50 47 45
17 60 51 41 37
26 54 17 16 16
37 94 100 72 65
29 76 19 11 4
80 81 91 40 31
15 29 62 44 28
43 100 30 26 22
4 71 3 1 0
42 48 30 29 29
15 19 23 13 4
83 90 35 34 34
2 63 3 2 1
66 84 33 17 17
31 81 57 46 35
9 95 15 9 8
53 55 1 1 1
37 88 91 76 75
30 39 39 37 36
78 88 35 23 18
42 76 12 5 0
10 63 69 53 46
88 94 8 5 5
72 73 56 6 3
39 59 51 27 15
52 93 66 22 9
55 78 38 17 6
36 48 66 28 28
31 51 98 74 66
40 60 30 23 18
61 91 9 4 0
89 93 46 38 38
62 69 92 36 19
16 72 1 0 0
83 86 16 6 2
72 79 47 12 9
17 44 45 40 36
70 97 8 5 4
27 70 46 37 31
31 72 66 54 47
2 49 92 91 91
39 74 11 9 9
10 24 61 27 13
43 57 98 50 24
72 76 8 2 2
50 82 41 14 7
22 51 79 73 69
94 97 38 18 12
14 86 95 61 33
42 100 35 34 33
16 55 38 18 4
25 29 11 0 0
49 79 97 74 56
65 83 63 30 26
65 91 58 41 31
68 85 66 26 16
83 93 49 46 45
59 69 39 6 1
82 84 32 12 6
6 99 86 62 60
51 92 13 12 12
26 51 98 82 77
37 69 22 19 19
42 90 83 33 15
84 96 49 44 43
74 91 22 13 13
47 48 32 9 0
58 82 5 3 3
46 96 28 15 15
37 63 44 30 28
71 84 34 28 24
3 29 19 1 0
30 75 90 58 31
58 87 95 41 18
33 46 78 21 5
73 79 36 15 15
10 56 100 19 7
68 96 22 16 13
64 95 74 19 10
27 65 37 6 6
57 96 49 9 2
50 64 58 48 40
47 91 61 47 38
43 91 27 17 10
27 80 92 50 45
76 92 48 39 38
83 97 2 2 2
44 95 50 50 50
24 34 22 18 14
14 90 96 61 45
4 8 71 63 57
18 97 23 23 23
20 37 22 2 2
31 52 70 60 59
22 53 69 36 3
20 49 29 19 18
2 38 24 2 2
50 85 61 57 57
27 81 87 40 40
11 74 2 0 0
82 93 69 58 48
62 73 77 69 65
81 88 72 40 22
7 41 62 34 31
38 52 78 73 73
56 100 27 11 0
8 86 8 7 7
21 24 78 35 16
65 77 18 5 1
13 34 44 17 16
16 64 19 13 11
70 92 87 60 49
50 83 4 2 2
56 78 37 25 21
46 70 2 1 1
20 59 5 4 4
3 79 69 27 27
51 79 5 4 4
6 81 15 5 2
51 71 43 7 1
68 72 44 40 38
73 99 71 38 32
39 88 3 1 0
47 67 61 45 39
32 64 80 72 71
30 100 32 16 7
70 85 67 48 43
1 129
2 104
3 133
4 128
5 111
6 125
7 142
8 55
9 166
10 244
11 232
12 175
13 145
14 145
15 235
16 140
17 112
18 84
19 140
20 75
21 145
22 167
23 157
24 110
25 173
26 199
27 183
28 164
29 129
30 261
31 206
32 277
33 304
34 198
35 266
36 205
37 178
38 190
39 285
40 204
41 149
42 278
43 262
44 251
45 145
46 249
47 248
48 302
49 179
50 196
51 183
52 147
53 208
54 170
55 238
56 351
57 298
58 171
59 200
60 355
61 281
62 271
63 159
64 269
65 412
66 220
67 210
68 351
69 237
70 362
71 236
72 235
73 377
74 268
75 376
76 361
77 190
78 328
79 330
80 418
81 355
82 382
83 274
84 420
85 327
86 316
87 313
88 375
89 294
90 390
91 374
92 480
93 328
94 440
95 361
96 310
97 260
98 328
99 399
100 398
