100 4000
43 76 58 40 26
9 77 49 26 14
90 100 23 14 13
44 79 27 26 26
50 93 32 26 25
43 98 18 12 9
56 97 66 22 6
98 100 18 18 18
18 73 69 56 50
66 71 63 33 6
15 67 19 11 10
46 55 26 20 15
41 59 98 38 10
86 93 27 12 11
34 46 86 84 83
50 94 5 5 5
30 73 70 58 48
52 73 58 41 33
36 86 41 34 29
34 77 52 47 46
29 90 23 11 10
31 40 5 4 3
29 37 70 57 57
58 67 41 35 31
81 99 71 63 61
26 73 67 33 6
86 97 36 29 29
21 64 65 63 63
16 27 56 4 4
68 81 59 39 37
21 81 4 2 2
18 89 29 4 1
88 99 62 22 20
56 99 1 0 0
35 73 31 16 6
4 64 32 21 18
35 59 43 41 41
7 11 32 31 31
24 60 60 41 24
61 69 32 18 16
67 96 87 43 9
52 98 13 0 0
99 100 69 16 4
54 90 41 17 9
84 98 10 4 3
77 86 38 32 32
97 99 69 40 26
55 62 58 40 35
10 89 66 31 16
31 100 6 5 5
63 97 63 22 22
29 32 7 5 3
46 56 97 54 37
72 77 10 7 6
55 82 26 18 11
44 100 60 39 19
44 58 7 4 4
30 62 15 2 2
71 88 38 33 30
26 34 4 3 3
87 94 49 21 6
15 28 83 34 13
46 70 97 54 26
10 37 85 68 64
83 89 33 18 4
49 60 79 56 48
9 56 34 30 29
78 98 18 3 1
59 80 55 26 14
80 81 76 50 34
44 62 52 23 16
95 99 80 68 57
65 78 84 56 43
32 82 51 26 12
75 98 38 37 37
79 82 4 2 1
73 84 12 4 4
45 52 19 6 5
36 65 70 31 3
6 87 82 50 50
26 57 2 1 0
18 98 69 59 55
92 95 40 10 10
48 72 39 32 29
42 70 14 10 9
57 85 70 49 28
85 89 19 19 19
59 68 33 25 18
70 73 4 4 4
40 53 48 33 33
21 46 35 28 21
65 80 91 56 36
71 95 97 77 57
88 89 9 8 8
90 98 23 22 22
46 82 86 6 6
30 75 13 2 1
44 72 10 9 9
47 56 70 65 65
75 86 77 39 20
69 71 0 0 0
92 96 69 56 56
64 82 37 15 3
54 64 60 40 30
89 92 32 12 8
18 80 54 9 2
24 65 16 6 5
57 94 98 65 56
66 88 28 19 11
98 99 23 4 3
75 92 26 3 3
79 84 44 19 6
3 10 79 16 7
1 58 35 21 7
41 44 40 14 10
11 21 16 5 1
84 87 38 34 34
79 99 6 1 0
66 90 96 92 92
48 71 87 76 76
49 84 51 43 41
52 64 56 24 4
5 59 66 37 32
37 97 19 12 10
82 86 23 20 18
40 95 61 30 26
66 76 30 26 23
76 84 41 37 35
82 99 80 80 80
57 76 69 33 0
77 88 27 24 22
70 84 23 14 8
74 97 49 34 33
58 88 65 61 60
15 39 25 21 17
84 90 11 8 6
90 99 90 60 51
85 87 57 36 19
4 61 51 22 9
97 100 47 19 6
91 99 67 53 47
52 65 85 59 56
19 78 11 5 0
43 87 60 9 2
40 73 45 43 43
24 47 51 19 10
1 24 18 14 14
91 100 61 56 56
28 82 90 41 4
9 98 13 3 0
50 78 62 48 45
73 99 0 0 0
32 54 28 25 24
70 99 32 5 5
11 86 73 33 8
47 75 53 48 48
78 93 98 71 58
18 69 54 34 28
82 88 63 56 56
33 63 81 70 62
4 20 21 21 21
36 89 87 43 21
34 78 53 40 38
45 72 91 41 37
19 49 35 33 31
72 75 75 43 37
50 71 84 84 84
43 57 2 1 0
90 94 73 69 66
17 75 38 36 34
37 54 25 21 17
61 98 88 29 9
64 80 18 10 5
55 61 45 30 28
22 72 30 21 13
50 74 30 26 23
22 39 46 20 19
48 91 5 3 2
92 99 79 73 72
27 28 48 37 28
23 80 72 51 47
79 95 12 5 1
88 95 97 46 26
75 76 70 37 35
36 96 55 23 7
83 100 63 36 34
11 66 6 3 2
87 95 100 67 64
47 57 3 1 1
11 82 41 22 15
29 58 86 77 77
84 100 24 18 16
29 61 49 36 31
4 9 48 43 41
62 63 18 13 13
21 41 52 35 20
1 65 57 53 52
71 72 70 33 29
53 93 36 20 17
33 80 15 13 12
14 98 61 60 60
29 33 51 21 11
15 69 76 33 32
60 61 3 3 3
30 39 72 26 25
2 96 91 90 89
81 92 75 68 68
24 88 53 31 15
61 81 17 12 9
39 49 11 8 8
61 74 76 38 7
9 92 23 20 19
83 92 50 41 32
37 62 53 48 48
44 56 43 40 37
50 51 34 7 7
2 78 5 1 1
39 63 3 2 2
11 42 19 11 9
18 33 97 96 96
33 54 94 18 0
8 10 15 10 7
24 51 71 17 16
5 33 78 14 2
24 92 5 2 2
43 78 44 31 29
74 92 46 43 43
10 88 48 28 23
27 33 100 82 71
11 30 5 1 0
73 79 81 53 48
5 76 40 24 12
12 25 8 6 6
95 98 49 20 7
89 91 7 2 0
8 44 72 40 34
44 98 25 25 25
87 99 10 2 1
58 82 31 13 7
55 92 23 20 17
66 85 71 43 33
77 90 60 24 1
80 88 91 79 68
94 95 66 58 52
51 59 52 39 37
1 20 93 86 83
33 99 54 43 42
63 69 11 10 10
6 40 6 6 6
35 70 6 3 1
78 100 22 13 9
18 30 81 65 64
25 41 100 23 20
1 99 56 24 11
11 48 77 28 23
89 90 32 13 0
44 96 9 2 0
13 21 4 4 4
56 70 42 37 37
73 74 36 20 4
29 86 57 15 3
28 49 98 82 76
67 84 80 41 39
39 60 35 19 12
29 81 2 1 1
27 90 34 18 14
47 94 74 38 8
22 42 53 49 48
53 82 17 8 4
70 76 69 63 62
84 91 61 50 50
47 61 58 36 31
54 55 54 50 49
94 98 50 49 49
54 68 21 18 17
55 69 32 17 17
24 57 57 31 6
72 83 86 27 25
96 99 24 22 22
3 73 4 3 3
51 99 54 48 44
52 93 50 36 31
45 90 26 16 7
66 81 85 49 38
70 91 39 17 11
89 100 69 58 55
73 80 74 26 11
81 95 97 42 31
70 96 77 55 40
69 78 10 10 10
47 78 44 39 39
63 96 76 74 73
29 65 58 10 10
90 96 7 3 2
92 97 55 32 19
55 70 88 71 54
46 66 13 12 11
77 89 95 34 2
66 92 88 27 2
79 90 76 24 22
36 47 49 18 2
66 83 28 7 1
59 90 10 6 6
14 27 85 53 49
33 48 48 33 21
22 48 7 6 6
86 88 50 34 22
90 91 41 32 29
86 92 42 24 21
83 91 6 3 0
5 98 74 51 40
83 96 60 50 50
61 65 96 63 36
1 83 26 19 18
64 99 22 15 15
55 66 70 54 42
16 60 32 25 23
11 78 3 0 0
4 69 18 6 6
62 86 43 27 26
61 68 44 39 36
4 78 26 25 25
70 88 52 30 23
93 96 66 50 48
37 100 21 20 20
17 63 25 16 12
82 84 97 53 20
15 62 33 19 15
72 98 10 6 6
60 74 83 46 20
58 76 43 13 10
49 99 90 55 29
41 82 31 21 16
63 86 8 0 0
38 41 2 0 0
14 96 41 22 11
34 50 78 30 16
81 83 82 62 62
6 43 30 30 30
45 71 96 9 1
84 94 46 10 10
93 97 52 3 1
49 91 97 58 54
32 93 31 21 14
3 11 19 12 9
52 88 98 68 45
11 84 24 20 16
70 80 55 23 10
32 63 62 44 39
7 44 50 38 38
47 51 5 4 4
41 65 19 11 3
5 27 39 34 32
35 84 82 53 49
38 61 87 62 39
2 36 62 25 16
60 88 10 7 6
69 88 46 30 29
7 39 35 18 14
35 42 52 42 38
84 86 38 7 5
71 92 71 63 61
42 82 14 12 12
67 88 9 2 2
37 51 5 5 5
40 72 63 48 48
61 82 31 23 19
91 98 11 9 8
81 90 16 15 14
27 30 81 24 5
69 85 8 6 4
69 81 100 38 1
54 85 78 46 26
76 83 90 71 65
35 39 84 73 62
86 99 58 43 37
38 63 45 2 0
19 82 36 23 10
21 55 55 51 50
13 88 78 77 76
44 67 82 56 41
64 70 88 31 3
81 98 31 31 31
53 88 79 53 41
14 25 38 19 16
55 77 47 41 40
5 20 70 67 64
82 83 55 25 21
25 58 9 7 6
9 74 1 0 0
71 90 54 28 24
12 23 78 71 68
29 69 45 23 7
4 76 76 42 19
4 68 83 6 2
35 74 40 34 29
35 52 62 31 25
54 71 19 14 11
17 43 45 20 11
14 87 54 7 5
57 71 12 9 9
42 90 10 5 3
83 90 8 7 6
45 63 37 8 8
7 24 93 55 30
92 98 43 20 3
35 40 58 31 20
24 93 61 26 24
12 83 21 6 2
42 95 51 32 13
26 91 35 18 15
20 21 14 3 1
55 88 14 12 11
94 97 24 6 1
62 94 93 76 63
81 89 52 21 18
35 61 39 10 5
28 44 43 20 20
5 15 64 53 53
4 30 8 3 0
25 86 36 7 3
18 46 83 57 46
41 75 91 29 4
38 95 24 13 3
14 52 48 35 25
72 76 3 1 1
36 72 41 6 2
41 87 33 20 19
6 34 48 24 10
82 85 91 68 68
26 48 74 26 14
11 53 85 69 62
32 79 88 71 55
59 99 23 16 9
51 92 25 23 23
9 90 35 12 7
37 47 16 12 12
54 56 40 10 1
73 95 92 49 41
67 89 26 19 16
35 46 39 17 17
6 66 58 31 22
17 78 94 93 93
8 60 88 88 88
68 92 58 57 56
18 52 44 12 6
1 8 65 31 15
36 90 65 11 6
67 98 72 71 71
50 83 71 17 7
21 68 8 8 8
85 94 54 40 31
90 95 3 0 0
22 85 62 38 26
61 84 11 7 7
56 76 22 17 15
28 64 31 18 17
49 74 53 43 37
23 67 63 49 42
50 56 67 66 66
26 65 42 8 6
4 11 1 1 1
53 79 19 5 1
89 96 82 52 49
28 29 77 29 15
85 90 35 17 13
43 89 54 50 49
58 91 88 48 48
19 46 46 40 37
27 46 11 4 1
48 55 0 0 0
93 98 75 56 39
67 69 100 26 23
27 88 45 5 4
85 100 22 6 6
75 77 19 16 16
34 64 73 66 63
30 80 18 10 6
69 99 71 51 41
55 94 64 35 21
3 47 82 80 79
56 69 22 14 9
33 56 9 6 5
84 89 71 71 71
86 100 14 5 3
48 62 68 46 42
33 87 62 48 44
9 91 48 23 0
34 96 16 0 0
58 73 9 7 7
2 16 13 10 8
15 91 37 12 0
20 44 86 67 53
71 76 11 6 1
68 82 38 19 16
40 69 58 30 15
12 73 76 33 15
18 97 38 37 36
8 86 58 14 12
87 91 100 94 93
91 96 39 34 34
64 76 42 42 42
4 45 37 36 36
26 61 5 4 3
69 96 13 4 4
39 59 33 8 5
77 85 14 8 7
36 42 75 41 14
69 95 26 9 4
22 27 10 6 3
74 98 34 31 30
34 100 97 87 86
16 57 83 65 59
46 73 33 13 13
20 48 62 55 53
35 66 12 2 1
17 19 38 26 25
68 80 9 1 0
32 72 31 23 16
68 90 39 8 3
58 74 76 57 52
84 93 72 45 23
74 84 64 15 14
80 82 97 65 58
16 83 100 83 82
16 59 3 1 1
17 42 54 17 14
91 94 17 14 11
56 98 0 0 0
20 78 28 13 12
55 86 12 9 7
88 96 64 30 26
22 96 30 26 23
60 69 84 50 36
46 51 1 0 0
26 85 64 22 15
62 99 78 28 26
47 70 10 4 0
10 67 58 38 37
97 98 71 37 36
87 98 82 61 57
79 97 71 31 24
33 89 25 19 15
15 90 11 6 4
11 74 84 61 54
60 90 70 42 14
55 57 6 2 1
31 93 42 35 32
30 47 90 29 10
51 89 75 34 15
8 28 24 19 15
34 94 86 40 19
55 93 99 74 64
94 99 61 17 13
78 94 1 0 0
5 68 43 16 0
58 63 19 9 8
91 97 62 32 26
12 87 68 56 49
73 86 41 23 20
57 58 40 31 31
14 59 28 11 8
42 84 40 31 30
36 78 63 38 26
3 49 17 12 12
86 96 46 40 34
62 97 15 9 9
8 48 83 75 71
30 74 85 17 4
64 65 43 40 38
39 74 29 5 0
35 37 37 27 18
3 71 50 21 9
10 72 55 33 12
94 96 95 90 86
14 84 28 12 1
42 48 39 27 20
48 87 53 35 29
42 58 27 16 7
61 94 38 30 26
27 80 26 22 18
42 91 75 71 70
41 51 75 73 71
53 99 80 44 41
66 99 35 12 9
88 97 91 26 19
22 64 52 22 16
16 94 95 35 16
84 97 61 42 30
24 41 75 70 69
18 48 73 66 62
17 82 32 5 0
70 95 83 36 33
60 72 45 35 26
39 75 94 60 40
34 56 94 89 86
3 13 51 48 46
91 95 65 38 37
19 21 46 13 10
89 97 60 33 31
25 65 38 32 32
79 89 14 8 3
75 97 77 32 10
76 80 52 45 39
4 22 60 50 48
48 79 36 35 34
57 64 85 67 67
13 100 8 5 2
72 84 84 54 32
50 55 3 3 3
12 88 39 26 16
57 89 44 35 27
10 41 74 46 45
23 95 15 14 14
20 60 90 67 54
72 96 17 14 14
56 88 3 3 3
70 90 45 33 28
27 56 4 0 0
44 86 59 46 41
33 46 99 25 19
21 43 42 33 25
30 66 79 68 57
72 100 9 4 4
4 31 26 21 19
5 96 64 33 18
87 93 9 7 6
19 71 30 29 28
11 67 37 21 6
63 84 62 30 19
43 62 66 33 21
16 63 87 23 13
52 59 59 45 40
71 98 93 78 63
62 88 94 40 0
51 96 63 14 4
8 96 60 60 60
19 52 97 74 57
25 53 25 17 12
38 84 75 57 46
55 78 28 14 5
24 56 40 38 38
55 87 55 48 43
14 86 13 4 4
21 67 30 23 16
38 70 95 65 43
20 91 60 20 16
36 68 12 11 11
48 74 30 29 28
49 97 98 80 67
75 90 60 50 42
10 29 89 8 1
53 73 74 67 65
55 99 49 12 5
16 21 46 41 39
56 58 56 44 36
14 78 95 91 89
62 74 69 30 6
12 79 80 41 23
29 76 71 67 64
78 89 81 73 72
41 50 54 25 13
39 85 23 21 19
18 53 49 48 47
63 76 2 1 1
46 63 61 59 58
41 91 61 31 31
56 85 89 56 34
89 99 57 41 35
72 95 56 54 54
52 75 3 2 2
53 67 82 62 61
72 79 23 23 23
83 86 29 22 16
70 75 59 44 37
20 38 48 34 33
15 66 2 0 0
28 87 57 20 19
90 97 33 21 13
57 75 30 22 17
14 68 77 50 31
63 88 65 52 43
36 54 19 7 2
81 88 47 37 37
54 82 18 7 3
31 78 96 11 9
71 74 81 68 63
4 75 61 10 0
25 42 2 2 2
96 100 67 53 50
3 95 70 59 54
15 36 54 22 13
71 89 10 7 5
51 63 93 29 21
96 98 14 10 6
37 43 2 1 0
80 95 17 15 14
19 35 61 32 10
11 27 82 39 35
9 39 75 32 25
76 78 73 57 55
11 90 87 52 41
21 76 64 64 64
69 80 90 16 6
87 100 0 0 0
20 51 80 53 41
3 27 18 9 5
41 63 18 5 1
11 93 29 17 7
63 79 96 21 8
29 82 32 31 31
43 82 1 0 0
84 85 58 52 52
44 50 62 9 5
10 87 82 80 80
32 83 100 94 93
30 37 34 7 2
20 81 16 10 8
3 78 70 16 8
78 90 28 15 12
6 92 58 15 13
52 89 85 73 67
58 68 45 30 30
19 54 20 9 9
81 84 53 41 29
60 98 30 20 12
7 81 56 34 12
80 84 96 81 70
77 80 25 4 3
26 90 13 6 6
30 46 50 15 13
13 25 47 15 4
5 82 45 26 14
79 94 66 50 39
9 76 82 60 50
9 88 31 27 27
36 83 66 19 9
51 65 44 36 34
50 62 84 44 35
3 39 23 22 22
68 96 12 3 1
49 66 100 100 100
45 55 41 21 13
73 85 98 77 68
45 57 42 33 31
59 79 71 27 16
66 78 99 85 75
15 99 50 24 23
18 41 32 24 23
49 56 67 47 45
31 57 69 4 3
65 91 64 34 7
72 92 72 67 63
82 97 42 11 7
33 58 37 13 7
20 32 0 0 0
25 60 19 1 1
20 80 9 8 8
4 6 67 28 28
79 81 64 35 6
5 49 64 32 8
62 96 95 57 57
54 88 100 98 98
69 73 85 67 52
7 87 15 3 3
6 35 42 38 37
50 96 8 3 1
65 96 77 48 35
56 80 76 42 14
30 59 83 47 36
33 62 22 19 19
96 97 32 7 0
54 65 77 63 57
15 64 50 32 23
74 80 4 1 0
57 79 38 20 5
95 96 16 9 9
85 91 27 15 15
6 60 43 21 9
10 23 19 12 11
10 93 13 7 7
82 90 3 2 1
5 34 71 65 65
71 91 44 38 37
27 53 94 77 60
63 83 21 8 2
78 97 62 41 31
63 72 13 10 10
33 47 53 51 50
21 42 69 33 19
41 43 8 2 1
30 52 4 4 4
15 72 1 1 1
2 17 43 41 40
58 87 22 9 1
56 87 26 16 15
64 98 87 15 9
63 68 47 47 47
89 95 36 23 22
4 62 45 33 33
52 54 68 59 56
77 99 67 65 64
88 90 22 13 13
41 88 20 8 8
93 94 22 19 16
76 87 74 59 52
47 97 44 35 33
64 83 62 33 6
92 93 0 0 0
61 90 18 18 18
86 87 81 29 1
32 67 70 31 10
73 89 63 29 5
77 87 3 2 1
36 38 67 54 53
59 84 56 41 38
26 98 35 23 12
88 91 51 35 32
76 79 79 39 35
60 82 41 37 33
27 31 63 40 40
89 93 39 32 25
88 98 75 49 45
45 95 1 1 1
76 89 57 42 39
83 98 14 10 10
26 97 7 5 4
29 44 1 1 1
24 63 60 37 24
67 80 14 9 5
24 26 5 1 1
15 49 27 12 9
20 42 1 0 0
78 84 20 12 11
36 48 14 7 4
79 96 91 76 70
14 21 19 18 17
50 53 92 92 92
82 89 95 54 16
5 28 20 7 1
39 81 22 14 12
25 89 28 27 27
83 97 77 72 69
30 35 0 0 0
19 50 11 11 11
59 96 4 2 2
87 100 87 11 1
85 93 1 0 0
85 86 99 25 3
85 96 54 49 46
47 58 93 41 35
1 67 86 60 40
5 6 95 49 41
68 73 0 0 0
25 59 0 0 0
42 57 77 42 11
86 98 39 32 32
28 85 95 66 58
46 92 34 21 20
56 59 23 22 21
74 82 40 28 18
19 36 34 28 25
44 75 18 11 7
24 25 83 77 75
43 60 18 12 8
11 35 89 39 30
18 88 69 43 18
7 89 36 36 36
28 68 90 52 33
17 74 16 12 11
16 88 97 86 86
53 62 36 27 25
87 97 53 34 20
47 64 89 74 74
72 91 3 2 2
18 21 17 9 2
33 74 52 47 47
47 79 41 30 25
5 38 58 14 9
72 81 38 20 6
43 77 78 24 13
88 92 77 5 3
92 100 65 33 24
4 66 57 54 53
42 78 75 68 66
41 70 47 33 21
15 98 87 22 20
50 66 90 70 60
30 53 81 29 24
7 41 27 24 24
12 97 2 1 1
46 76 4 4 4
28 45 23 9 0
71 75 67 60 59
73 98 50 22 8
5 87 36 31 31
14 57 65 35 14
25 84 28 16 9
45 48 64 8 0
30 57 47 25 12
86 95 16 11 8
26 93 96 44 29
65 92 51 40 34
75 100 47 18 16
74 76 38 26 15
77 100 2 2 2
75 88 14 1 1
76 81 39 27 25
13 36 82 19 13
44 68 12 6 6
59 83 21 8 6
12 77 26 22 18
2 41 49 31 20
22 34 33 6 4
67 71 11 5 2
15 93 40 13 2
58 79 82 64 48
78 88 13 2 2
73 90 21 15 9
61 79 96 50 10
55 89 36 16 8
2 11 56 38 24
71 77 41 16 1
15 55 73 62 56
20 95 78 69 65
7 65 8 3 1
57 100 87 23 4
46 69 71 51 48
66 89 26 8 2
28 98 87 41 39
13 41 32 32 32
40 67 83 63 61
55 67 95 16 2
56 65 83 68 62
79 91 42 23 14
36 71 38 12 7
40 99 36 11 2
54 78 27 24 21
59 95 71 27 8
40 76 79 45 39
35 60 66 66 66
69 75 31 17 6
64 97 6 3 1
60 68 60 29 29
14 72 92 12 8
55 79 7 6 5
15 61 24 19 14
54 66 7 3 2
8 98 75 50 40
31 98 24 15 15
49 94 79 49 21
82 100 55 31 11
64 91 89 57 50
42 96 51 33 31
6 70 66 5 5
54 79 59 15 6
54 76 52 32 12
40 66 23 1 0
27 85 33 18 16
38 56 88 66 57
65 87 62 14 0
58 98 84 61 45
70 85 68 51 46
46 96 11 11 11
7 94 42 29 27
4 84 2 1 1
32 50 51 50 49
59 67 33 14 7
29 47 26 20 17
12 40 83 51 49
63 65 68 21 2
21 37 5 2 0
40 84 78 75 73
25 45 67 16 8
20 28 26 25 25
51 100 98 97 97
45 87 53 43 34
41 78 44 7 0
70 74 33 12 12
3 55 28 2 0
57 83 34 16 12
86 89 94 31 17
23 83 66 60 60
34 97 74 15 12
8 42 24 11 3
47 53 96 93 93
53 80 32 27 23
22 68 99 33 6
48 88 8 4 1
9 66 92 70 54
18 36 33 11 5
65 72 31 16 9
17 55 38 27 22
16 45 11 4 0
1 37 5 4 3
58 92 53 32 29
52 57 30 15 8
32 98 53 42 36
50 65 87 60 37
70 82 41 24 7
41 90 92 55 38
4 39 64 27 20
74 78 2 2 2
8 66 71 48 45
38 55 56 44 37
10 64 76 75 75
86 91 19 13 8
65 100 48 36 24
44 70 94 4 4
43 56 42 11 8
69 82 51 33 28
8 57 29 27 27
15 81 48 23 23
62 91 9 0 0
59 89 44 15 12
32 77 64 51 47
43 64 44 20 2
30 82 48 47 46
64 94 48 16 13
93 100 9 2 1
4 100 14 5 0
25 87 100 86 72
65 95 1 1 1
51 55 3 2 2
58 83 34 16 10
39 71 32 8 7
73 77 72 55 48
29 78 41 26 24
44 88 68 68 68
7 36 18 6 6
8 100 75 72 72
78 82 66 56 51
28 92 7 5 5
20 86 11 3 0
16 48 85 33 16
77 92 42 20 0
5 19 83 72 64
11 44 15 11 7
61 80 93 83 81
33 94 8 5 3
51 86 18 16 16
16 50 99 76 53
31 85 74 47 45
69 89 55 53 52
52 63 61 29 21
49 98 84 50 16
42 54 74 22 19
10 22 11 10 10
3 57 64 44 35
22 40 83 71 64
49 63 64 46 40
7 23 20 16 12
1 19 32 24 21
12 63 88 18 11
49 65 85 77 74
82 94 5 3 1
15 78 99 27 2
3 58 82 50 33
48 66 65 53 53
89 98 61 42 33
63 85 88 26 11
65 93 67 50 48
25 40 19 16 14
33 90 54 33 27
83 84 67 53 45
17 86 98 61 31
48 54 100 87 87
43 80 34 30 26
35 100 29 24 21
28 90 51 50 49
46 64 32 20 8
8 67 27 9 1
8 33 95 87 79
72 80 88 50 49
63 98 24 11 11
73 93 42 34 29
83 85 37 15 7
13 27 3 3 3
17 18 51 35 30
18 68 16 15 15
76 90 65 1 0
22 87 56 50 48
48 57 40 23 20
4 51 77 42 40
18 56 28 22 21
55 75 95 45 26
56 67 21 6 4
45 70 6 5 5
48 69 22 13 11
69 90 74 70 67
36 98 89 61 34
13 55 47 46 46
67 99 20 14 12
67 75 76 49 35
85 92 12 3 0
15 21 7 3 3
53 68 36 13 8
9 44 56 34 33
21 23 15 7 5
20 23 71 62 55
68 97 41 12 7
21 70 68 60 52
53 92 10 8 7
28 83 23 14 14
9 12 5 3 3
25 82 61 40 30
22 90 37 19 18
10 38 56 28 24
53 91 45 42 39
95 100 6 2 1
78 96 54 25 4
33 68 59 18 3
1 10 48 22 16
77 83 53 49 46
9 47 77 55 35
68 73 67 40 39
15 74 4 3 3
62 81 23 22 22
62 75 61 33 25
37 39 78 29 23
45 46 84 54 53
15 86 70 54 45
20 85 71 30 3
36 79 91 71 58
60 100 80 36 36
17 65 19 13 12
63 80 34 32 31
9 43 89 74 72
75 79 5 3 2
22 73 60 59 59
18 50 83 18 1
69 83 44 7 5
20 36 16 9 2
67 83 60 19 16
16 33 8 5 5
48 63 48 19 14
36 59 93 31 9
21 48 8 4 2
26 51 95 30 30
7 21 83 61 51
39 51 11 7 6
39 87 12 3 3
16 64 88 47 30
58 61 27 25 23
1 76 18 12 6
11 72 3 0 0
14 50 12 9 7
12 33 4 2 2
61 78 69 50 48
59 76 31 8 1
4 8 92 55 20
72 97 57 25 15
3 17 4 3 3
9 86 47 42 39
49 52 23 6 5
57 74 81 55 54
43 79 61 12 6
1 93 25 15 11
58 96 4 0 0
80 85 66 62 61
8 50 42 31 29
81 85 77 50 40
40 57 60 49 49
67 82 78 32 24
23 72 28 24 23
35 75 51 24 15
15 44 68 64 64
21 29 61 20 14
86 90 84 80 80
87 90 17 8 3
39 93 60 48 39
43 47 94 53 39
48 70 4 1 1
93 95 69 55 45
5 54 20 6 4
26 28 44 24 23
68 94 33 19 16
17 29 79 50 30
7 82 12 10 10
31 79 74 32 2
56 62 92 57 46
36 51 36 18 14
22 52 8 2 1
55 98 98 84 77
31 49 28 21 19
1 47 60 33 18
76 77 5 0 0
37 50 13 11 10
58 77 47 10 1
51 53 79 17 5
14 73 96 54 49
47 74 72 46 42
74 79 40 21 2
4 52 80 39 14
22 38 48 24 21
80 94 83 66 66
83 87 25 14 6
54 62 20 11 2
4 16 63 36 20
37 94 96 9 8
7 20 75 63 58
66 75 68 20 13
3 34 32 13 9
12 27 84 46 29
42 51 72 48 47
56 57 63 33 23
25 61 91 78 77
39 99 25 14 11
79 98 62 13 1
31 69 73 64 62
22 44 71 69 67
46 71 40 26 20
24 97 22 14 10
27 70 57 20 8
65 81 37 17 5
82 95 12 8 8
54 67 55 30 28
31 65 79 74 73
30 41 94 26 10
32 64 45 18 17
78 86 75 46 46
57 68 19 15 12
21 60 47 40 38
70 94 13 0 0
30 58 20 20 20
57 60 50 5 1
30 71 63 36 28
68 87 12 6 5
14 93 25 24 24
46 90 20 15 12
56 71 82 46 19
35 86 30 29 28
40 80 54 29 9
8 80 83 67 67
72 87 91 22 15
62 79 57 22 20
7 88 28 26 26
11 75 2 0 0
7 79 51 43 40
45 92 47 19 1
53 95 31 21 15
71 96 64 37 22
90 93 31 25 24
60 94 52 42 34
53 59 97 44 18
27 98 100 68 56
57 67 51 20 14
47 86 16 9 7
52 74 28 14 13
66 72 1 0 0
79 87 36 12 9
48 85 28 17 16
81 94 10 9 9
56 92 96 76 60
83 94 86 67 67
53 66 21 15 13
2 44 4 4 4
22 98 58 50 50
42 49 86 26 12
43 46 55 54 53
49 81 71 36 30
16 81 83 52 47
29 49 53 40 28
31 37 47 30 25
38 86 42 23 19
57 70 73 40 29
31 54 33 13 8
29 98 60 36 25
86 94 23 18 13
18 60 89 23 6
35 45 94 85 84
45 81 72 66 66
23 41 14 8 4
39 97 54 31 28
31 61 69 61 56
92 94 19 16 13
85 98 19 10 7
30 44 31 16 16
12 60 19 16 15
24 46 82 41 22
59 92 14 8 7
39 47 52 40 40
74 89 83 49 24
71 81 23 12 4
15 16 49 17 10
9 73 10 5 0
43 45 61 10 10
33 83 55 39 25
73 81 80 37 10
18 92 75 46 19
40 86 63 26 2
19 79 97 66 57
16 89 24 11 3
73 94 34 23 20
36 70 48 45 43
67 78 28 12 9
36 53 4 4 4
3 40 21 18 18
38 82 37 31 26
2 43 26 12 12
37 52 59 10 10
77 82 64 49 35
21 78 89 36 15
84 88 47 23 0
36 41 84 79 75
11 95 44 26 15
59 69 40 12 2
23 27 85 16 4
75 93 18 12 9
63 71 34 14 1
51 66 63 53 43
71 84 9 6 5
34 43 4 2 2
9 97 6 1 0
29 55 47 27 25
33 77 16 13 13
18 82 89 71 55
57 90 41 41 41
18 49 1 1 1
10 76 45 41 40
12 91 90 59 55
43 92 63 43 37
64 78 90 59 36
45 94 33 9 4
79 85 84 67 67
36 92 50 48 47
64 90 88 85 85
55 63 46 31 28
55 68 81 19 8
27 55 24 10 2
19 95 95 72 54
17 88 6 5 4
5 43 95 5 4
30 94 73 31 30
10 60 0 0 0
45 66 80 63 46
39 95 0 0 0
10 16 52 38 38
4 15 75 60 59
65 73 44 26 25
56 82 30 29 29
10 62 10 8 8
68 70 27 26 25
25 73 31 22 21
27 75 91 38 15
78 91 79 37 21
58 62 91 62 60
55 80 57 39 27
85 95 6 4 4
59 63 46 10 2
90 92 57 11 10
43 74 3 3 3
68 89 69 15 5
19 47 25 3 3
64 77 90 56 45
37 92 43 6 4
24 95 62 46 44
6 99 46 46 46
12 95 82 76 75
70 86 83 54 35
10 21 57 53 50
47 50 47 24 13
57 96 82 35 23
28 50 52 44 43
58 59 13 10 9
8 19 0 0 0
25 26 10 6 3
41 85 46 20 13
8 32 82 31 27
5 18 45 30 28
12 99 35 18 16
72 86 15 0 0
80 89 54 38 33
10 83 50 22 22
39 92 70 68 68
39 66 12 8 4
91 93 82 74 74
36 94 40 36 32
36 49 47 17 7
82 91 38 12 0
38 89 80 26 24
28 88 90 62 40
4 12 85 26 17
34 85 9 9 9
3 64 95 41 24
42 77 29 14 6
10 36 41 33 31
44 60 61 58 55
60 67 35 18 4
69 72 98 66 35
59 66 78 58 46
80 99 69 67 67
28 30 31 25 24
20 35 99 66 36
76 86 55 28 6
10 51 84 21 9
41 92 76 18 2
24 29 67 23 22
3 81 64 26 19
87 92 32 10 7
21 87 9 2 0
5 80 60 28 21
27 72 62 43 26
52 68 21 4 4
69 97 32 6 2
58 100 30 28 26
5 83 50 39 34
14 82 81 25 0
14 28 78 60 57
47 54 47 24 21
87 88 9 3 2
32 37 77 36 1
44 48 99 25 2
57 77 60 30 18
8 90 69 16 14
31 53 47 23 11
14 90 78 25 24
29 41 39 29 25
87 89 33 24 17
11 39 66 23 15
18 58 50 11 11
46 58 91 74 66
54 61 63 49 36
18 95 72 26 25
81 86 31 29 28
24 28 90 34 27
27 38 100 86 81
61 97 74 26 12
33 98 44 20 1
15 52 9 5 4
29 64 46 18 3
1 42 75 54 54
47 88 12 3 1
31 88 85 57 30
15 87 51 34 29
4 48 24 15 14
63 66 61 48 41
4 89 67 25 16
61 99 37 17 13
1 64 93 83 83
4 59 56 39 23
11 34 39 19 0
36 84 30 17 9
57 87 55 37 24
26 45 10 5 0
35 63 46 41 37
58 81 41 27 23
76 82 0 0 0
53 71 84 46 46
56 86 39 22 12
27 87 90 33 29
31 89 97 61 48
81 91 70 69 68
9 82 1 0 0
42 64 41 14 1
52 61 49 28 19
19 29 12 5 0
11 33 72 49 36
94 100 8 6 5
74 90 42 24 20
43 58 96 51 19
63 81 92 76 63
66 93 92 31 15
17 38 65 57 51
52 90 88 60 35
60 95 80 43 15
24 81 52 51 50
30 78 30 27 24
68 99 83 28 19
2 62 5 3 3
55 96 1 0 0
63 74 62 29 27
3 31 34 23 17
59 60 43 24 18
1 45 27 7 0
25 80 76 53 51
39 61 70 48 37
55 95 21 11 11
17 99 4 1 1
37 40 73 34 16
10 47 88 83 83
59 70 96 71 60
3 44 14 1 1
71 93 5 4 3
2 92 49 37 36
78 87 81 64 54
30 64 77 73 72
39 45 57 42 33
72 73 31 31 31
34 82 71 46 21
40 48 73 51 49
68 100 18 8 6
53 72 84 78 78
19 53 40 21 12
14 91 3 3 3
50 61 32 12 0
64 89 52 51 50
6 45 17 5 3
77 95 11 5 2
52 99 2 2 2
70 72 2 1 1
16 24 52 39 39
16 29 85 82 81
25 29 41 23 7
53 86 51 30 19
17 51 47 32 21
7 15 70 43 43
51 95 13 8 7
61 100 29 27 26
51 62 41 37 36
54 81 41 27 17
73 92 100 81 77
39 95 38 6 3
40 59 66 41 34
66 82 10 9 9
26 80 49 39 33
17 93 98 34 28
13 64 13 13 13
31 82 83 55 55
8 93 86 54 27
2 35 4 1 0
39 54 31 12 11
38 44 54 51 51
63 87 25 19 15
41 84 1 0 0
42 52 3 2 2
69 84 72 42 38
8 35 64 10 7
33 34 21 7 2
38 91 66 66 66
27 66 42 24 14
31 34 3 1 0
55 85 27 16 12
68 78 96 53 29
14 70 54 33 22
26 78 19 8 6
48 53 99 50 32
59 82 37 31 30
28 89 37 12 8
51 88 62 40 38
29 60 19 9 6
32 45 38 19 18
26 76 3 0 0
65 84 10 7 6
16 79 6 5 5
54 94 41 28 28
53 70 25 15 15
58 69 14 14 14
14 32 66 32 17
2 100 74 62 60
24 27 15 8 5
13 20 31 31 31
48 55 18 2 2
80 98 12 11 11
2 6 27 20 18
75 87 39 31 30
31 46 33 32 32
68 86 13 13 13
5 60 76 68 65
26 95 90 32 11
41 53 76 9 3
23 97 34 26 23
18 67 40 10 0
56 91 5 2 0
68 84 40 35 34
52 60 29 9 0
38 99 25 15 10
13 95 66 20 10
15 92 15 5 2
32 95 43 29 29
10 24 32 23 22
38 94 23 18 13
56 100 97 68 59
67 79 13 12 12
65 71 84 61 45
30 99 87 45 12
20 74 100 4 1
80 91 66 59 55
2 68 89 35 0
56 81 36 19 6
44 66 59 21 20
69 87 30 30 30
83 88 8 6 6
59 98 100 53 53
25 74 27 25 25
63 67 11 6 5
1 9 26 7 4
62 84 17 13 13
42 69 22 10 8
31 96 57 42 34
1 28 35 10 6
4 40 16 5 3
37 86 79 33 33
30 93 91 41 38
65 86 11 9 7
23 36 33 33 33
6 10 29 16 16
51 54 97 61 41
50 70 68 36 28
84 96 78 46 16
60 76 35 29 29
24 35 29 17 14
71 83 70 68 66
36 58 62 55 54
19 39 26 11 9
48 80 72 14 4
38 76 65 57 54
35 43 58 30 11
7 34 66 47 33
14 99 33 13 7
79 100 58 12 7
75 84 59 30 10
25 70 35 22 22
20 50 43 31 27
41 74 84 72 66
32 71 14 11 9
6 39 43 13 5
38 59 96 62 38
53 58 48 17 13
1 98 12 10 9
67 81 30 26 23
33 70 23 19 19
18 39 15 9 5
61 83 55 27 1
2 65 51 48 45
30 70 58 32 9
44 91 43 12 5
74 81 8 4 3
10 25 42 28 28
65 94 2 1 0
28 58 69 67 67
37 80 23 13 7
4 98 16 16 16
89 94 55 29 14
38 71 13 9 7
33 52 63 42 30
12 50 15 5 3
61 86 9 9 9
51 61 7 4 4
10 30 18 11 11
13 90 76 39 38
29 38 73 32 20
81 93 22 21 21
24 42 83 26 9
93 99 44 18 3
19 67 75 31 18
16 65 11 8 7
16 56 12 10 8
20 97 100 100 100
88 100 91 57 44
45 64 90 43 1
2 66 1 1 1
69 70 72 47 46
72 85 5 4 4
57 65 93 83 80
51 91 83 47 44
39 46 64 35 12
8 73 77 57 37
33 76 84 77 73
18 19 19 7 6
42 71 87 50 38
47 71 82 45 45
29 46 77 31 8
4 26 87 74 62
51 69 100 89 87
58 90 35 30 27
14 51 80 35 24
51 74 40 19 8
60 83 82 64 62
72 89 35 24 14
54 60 89 60 56
81 100 45 15 4
66 74 54 50 46
72 99 52 49 49
56 60 28 15 11
63 90 37 20 10
11 69 82 64 50
54 89 8 2 1
34 62 99 65 62
23 85 12 12 12
45 59 54 15 7
24 87 24 4 3
32 81 48 39 38
17 20 22 15 15
30 88 83 69 63
73 87 37 7 7
49 79 80 57 54
51 71 57 54 54
63 94 89 46 7
45 79 100 74 63
47 76 68 27 27
8 9 97 65 60
66 97 53 20 3
2 80 36 19 17
8 29 26 21 20
18 87 5 3 1
5 47 72 46 38
28 42 73 67 67
41 99 92 57 49
42 81 81 19 16
32 56 53 17 8
21 25 90 65 54
77 94 86 81 79
85 97 79 70 70
51 60 20 17 16
47 84 75 40 36
19 97 84 69 61
14 97 20 10 4
12 59 32 9 6
73 97 78 74 73
37 68 69 37 24
50 54 34 29 24
27 68 87 76 72
48 73 49 46 46
1 56 59 48 41
8 58 86 76 68
78 80 19 17 16
2 37 91 65 47
3 23 90 66 53
2 49 43 13 3
2 22 71 39 18
11 60 12 9 9
28 72 96 39 4
66 84 43 29 24
2 31 9 5 5
14 36 63 39 35
67 74 47 28 25
68 72 43 23 9
28 59 44 11 4
58 66 62 32 31
76 88 29 18 8
51 97 39 24 9
4 32 35 2 2
76 100 5 4 4
68 95 5 1 1
23 39 61 23 15
38 87 53 27 2
60 65 60 58 57
52 79 23 14 14
53 98 32 18 16
4 93 80 64 63
37 56 9 6 5
74 99 63 36 33
44 77 89 32 5
42 46 61 49 46
37 57 93 72 56
48 59 13 8 3
9 24 0 0 0
45 84 0 0 0
82 93 2 1 1
2 27 67 58 53
69 98 39 14 6
16 97 18 10 7
6 90 16 13 11
22 82 46 24 20
51 78 85 70 67
14 100 78 52 34
22 41 14 8 7
1 66 25 7 5
43 91 67 64 64
84 99 83 78 75
58 94 53 49 48
20 99 71 53 46
67 92 53 42 39
27 54 1 1 1
48 52 7 6 6
21 45 56 40 25
67 70 88 43 38
44 83 25 24 24
13 44 38 34 33
39 91 8 2 1
57 82 40 35 31
69 79 85 75 67
74 100 66 45 41
27 50 59 35 26
11 89 77 19 7
41 49 62 51 50
39 76 68 49 32
8 12 100 61 23
74 91 27 27 27
32 59 0 0 0
9 85 7 4 4
77 78 77 53 45
65 99 4 2 0
67 85 72 63 63
14 46 76 36 25
8 46 39 38 37
23 55 78 24 20
40 64 78 40 15
2 77 50 36 34
32 46 42 39 38
58 85 29 16 8
23 53 96 83 76
87 96 88 33 2
21 27 94 57 49
75 91 60 47 42
61 85 10 8 7
51 75 23 8 4
32 51 53 37 28
41 52 0 0 0
10 46 8 4 2
75 89 5 5 5
9 99 28 22 22
34 95 33 32 32
5 62 39 28 23
19 94 23 8 6
2 3 15 10 5
79 92 70 42 42
32 75 41 30 19
11 73 40 8 2
48 95 33 31 29
18 35 77 60 47
4 25 14 13 12
27 44 54 46 42
85 88 6 0 0
10 78 10 7 6
37 59 98 71 44
68 76 6 4 2
64 96 23 23 23
33 73 37 5 0
51 98 29 9 8
13 67 100 70 55
36 67 46 18 14
20 75 37 35 35
25 27 46 26 13
72 78 93 55 50
59 97 61 44 35
19 20 2 2 2
16 39 36 22 10
71 80 26 13 10
50 88 100 53 53
19 45 13 12 12
7 19 40 2 0
32 34 88 21 13
26 68 11 7 7
30 100 14 12 11
28 65 48 27 12
42 75 20 13 9
23 99 32 11 2
5 41 72 43 34
23 30 37 31 30
52 85 43 14 4
80 93 87 40 38
95 97 90 76 74
62 76 66 23 13
72 93 73 60 50
35 51 81 29 8
34 66 99 52 46
27 71 76 54 34
52 62 75 39 39
78 85 83 63 52
3 52 43 27 14
6 52 10 9 9
49 92 36 20 17
50 91 46 2 1
11 31 40 21 19
44 81 53 26 25
27 100 99 92 86
42 67 69 38 25
30 40 97 73 52
7 30 96 47 14
9 52 30 27 27
37 66 37 37 37
31 71 43 29 28
31 43 71 57 44
19 30 0 0 0
35 50 67 36 27
13 62 30 18 15
21 50 34 33 33
19 72 1 1 1
39 44 2 1 1
37 72 35 34 34
69 76 60 48 38
42 92 30 21 14
46 79 39 7 4
26 58 97 96 95
4 99 73 50 41
4 58 79 65 55
16 46 39 12 9
74 88 73 13 9
13 97 70 35 35
17 79 31 27 26
27 91 14 14 14
33 49 7 0 0
30 72 68 51 44
33 38 29 13 11
72 82 75 30 16
27 76 56 42 29
60 77 77 48 27
91 92 10 8 6
62 90 3 1 1
29 66 52 30 20
29 36 54 30 28
44 46 12 11 11
20 76 94 68 61
12 58 86 51 28
36 39 4 0 0
32 69 68 55 48
16 23 38 36 35
20 65 89 84 83
36 61 36 7 4
43 75 80 75 73
15 43 25 16 12
61 77 44 35 31
46 67 28 19 17
62 82 17 13 9
28 73 25 17 9
36 56 57 41 36
72 94 84 21 20
9 19 68 37 32
22 62 55 33 31
32 40 34 19 16
78 79 82 46 39
23 25 98 14 5
18 38 28 5 4
75 80 86 41 39
25 31 5 1 0
66 69 46 19 5
74 96 88 50 45
29 63 18 8 5
68 77 12 7 6
39 67 25 22 19
43 84 97 60 58
17 84 45 44 43
70 100 18 10 9
38 78 2 2 2
30 92 87 69 69
67 86 84 57 43
30 33 18 14 12
72 90 92 80 73
3 91 75 48 36
4 71 46 20 12
62 71 47 31 15
16 55 13 11 11
45 69 6 3 3
24 96 44 31 26
42 79 86 69 64
36 44 90 87 86
3 48 49 25 1
5 57 68 47 45
62 92 2 2 2
28 91 34 28 28
45 47 14 14 14
31 35 54 19 18
11 88 53 34 31
12 64 86 33 7
24 39 68 35 3
45 65 57 35 23
51 67 54 40 36
48 96 44 10 10
15 30 53 11 2
42 45 63 12 11
27 77 7 2 0
2 85 96 95 95
13 74 37 36 36
73 99 93 85 78
44 49 87 28 3
7 93 91 74 57
19 91 45 19 19
22 78 19 14 11
38 92 69 67 66
39 64 30 25 23
21 35 53 13 0
24 58 98 74 50
14 38 39 36 36
66 68 88 59 53
46 77 49 15 8
15 57 74 48 27
59 71 86 57 51
20 55 88 82 76
77 79 39 36 36
45 80 63 58 55
36 82 58 40 23
74 87 50 31 31
67 100 59 46 42
82 92 9 9 9
57 95 11 7 4
17 22 59 32 29
15 26 56 11 3
2 93 54 40 29
5 46 39 38 37
37 78 3 0 0
4 79 56 37 37
4 70 75 29 14
3 61 73 27 25
46 54 91 4 2
49 80 29 14 4
1 69 47 22 17
17 57 63 30 9
14 34 13 11 11
29 51 79 67 63
29 42 94 88 85
3 97 75 74 74
34 93 43 40 37
44 61 32 28 27
54 84 36 20 12
26 35 42 23 14
4 74 18 13 11
29 72 4 4 4
27 47 91 78 77
33 64 39 9 7
60 93 10 8 8
34 88 15 13 13
52 67 11 6 5
57 66 7 6 5
46 57 99 85 83
23 82 86 31 9
12 14 55 48 47
35 88 59 14 11
14 65 98 73 50
3 87 45 20 13
52 82 61 20 14
21 95 54 39 25
20 52 88 23 12
64 68 96 10 9
8 88 30 14 6
61 89 49 33 33
63 95 72 48 44
18 96 80 46 42
35 97 46 21 2
53 63 63 57 55
6 75 56 35 30
34 48 94 86 83
4 49 40 19 2
39 65 48 22 11
46 81 79 74 74
47 98 56 55 55
60 64 60 48 37
21 80 13 6 2
32 85 29 9 8
19 80 59 55 52
42 55 5 5 5
24 94 56 38 31
11 97 38 22 11
10 92 45 25 15
47 73 48 32 18
32 96 33 20 18
77 91 51 46 44
71 99 71 55 49
57 92 30 28 27
27 45 92 71 68
43 81 30 10 6
24 66 47 21 12
82 96 13 12 12
50 81 84 30 29
27 63 82 38 18
3 96 75 61 59
2 81 33 23 16
25 99 92 23 5
38 48 25 19 16
49 59 7 4 2
62 67 73 57 52
56 74 66 53 46
81 82 18 15 14
64 86 69 28 28
31 48 94 92 90
56 90 8 3 3
2 55 36 26 26
75 78 50 30 12
66 73 62 47 46
84 92 5 2 2
57 84 80 26 26
16 71 91 51 30
66 77 70 35 3
82 87 31 23 23
28 84 29 24 21
22 89 39 39 39
26 64 15 6 6
2 38 32 14 8
39 96 20 7 7
10 39 98 86 74
57 93 93 55 41
5 93 98 73 72
1 23 11 4 3
8 79 81 48 37
39 100 14 2 1
1 41 23 6 6
31 81 23 5 4
47 93 57 40 26
6 15 30 7 6
11 52 44 3 1
40 49 38 31 25
6 59 30 2 0
12 34 28 24 22
4 91 5 4 4
11 49 67 41 38
24 75 81 65 49
18 28 39 34 30
7 22 41 24 24
4 43 83 63 55
27 93 14 6 6
23 32 54 48 44
1 34 16 5 0
37 69 0 0 0
38 85 97 11 10
85 99 64 13 1
43 71 71 68 67
27 65 18 17 17
40 100 82 47 16
35 68 85 50 41
76 94 48 24 22
38 98 57 44 39
73 76 7 1 1
10 59 5 1 1
10 20 67 59 56
38 54 47 18 16
11 70 31 25 21
49 58 84 50 31
73 88 6 1 0
15 35 88 79 78
28 86 84 73 67
33 67 81 61 60
13 52 31 18 7
8 49 29 20 18
35 99 94 10 1
73 82 75 70 66
9 50 35 24 18
23 79 41 21 10
23 87 0 0 0
26 84 97 32 19
71 85 9 5 4
41 61 65 43 24
5 75 71 70 70
24 53 6 6 6
6 13 73 35 0
2 69 7 6 6
45 54 12 1 1
18 47 70 60 51
10 17 96 68 47
28 81 31 22 20
31 87 68 64 64
6 97 70 22 13
63 82 39 14 12
20 58 100 29 26
19 64 94 87 82
78 95 81 38 4
63 78 97 81 81
15 71 58 46 41
11 29 81 49 47
55 76 15 1 0
66 91 59 44 43
13 59 66 57 54
54 63 69 68 68
5 25 54 23 17
11 61 21 18 18
4 67 13 7 6
27 41 19 18 18
30 36 61 42 36
7 63 29 15 11
10 49 88 12 9
58 95 89 74 73
59 75 55 40 35
37 73 13 9 9
15 25 54 48 45
44 93 32 10 1
35 77 67 49 34
75 95 51 38 33
38 57 18 5 3
49 77 64 50 38
54 96 11 5 2
20 98 51 15 2
11 51 33 7 6
45 96 82 56 53
34 76 53 49 46
54 57 27 20 14
17 68 11 3 2
40 43 51 17 3
76 91 40 24 15
22 30 16 15 14
31 80 20 19 19
26 69 33 19 10
59 91 74 35 21
11 22 39 14 7
51 58 70 25 17
34 75 17 12 8
32 59 57 24 20
9 67 4 2 1
18 24 4 1 1
3 92 61 31 25
30 31 36 33 33
9 89 28 26 25
10 18 24 17 13
18 71 81 70 62
68 88 10 9 9
49 67 85 48 25
42 65 48 38 38
5 94 20 9 4
54 80 0 0 0
22 53 84 52 35
1 87 63 59 56
9 13 7 2 2
20 26 84 83 82
33 66 83 82 82
28 93 4 3 3
45 76 57 24 19
56 68 5 3 1
50 75 65 29 21
20 82 75 75 75
19 33 82 62 60
19 89 6 6 6
24 83 66 56 54
27 96 76 34 5
53 55 28 22 22
5 7 92 35 24
12 70 14 7 0
48 61 70 61 54
20 32 40 21 12
11 99 73 62 56
14 42 94 41 28
69 93 34 32 30
62 66 96 55 40
7 27 92 46 44
33 37 64 35 13
60 96 21 21 21
21 31 13 10 10
68 91 22 16 14
15 40 97 74 67
67 95 73 54 44
5 86 97 80 76
34 68 29 27 25
10 50 11 7 5
1 95 17 11 11
21 90 91 27 5
69 92 9 5 5
39 94 9 7 7
66 67 79 78 78
34 42 58 39 35
17 94 18 13 10
27 48 97 12 6
30 34 80 71 67
27 67 73 29 12
40 85 84 62 62
6 95 38 32 28
14 61 7 2 0
41 56 6 5 4
29 67 23 15 15
1 60 46 40 36
31 92 84 42 40
29 35 36 31 26
44 53 8 5 4
22 58 72 53 43
38 77 42 10 6
75 96 31 22 20
9 22 59 30 24
44 84 25 15 10
13 29 29 20 16
49 54 10 9 9
80 100 56 39 36
19 59 99 77 66
73 83 99 50 26
71 94 46 24 19
22 61 41 34 28
8 15 98 20 9
34 83 42 27 23
12 45 6 5 5
44 80 5 5 5
17 26 8 8 8
20 84 30 17 8
1 81 63 52 52
43 52 76 58 57
42 63 39 37 35
57 59 34 33 32
6 8 50 28 12
16 49 79 49 32
3 82 8 5 2
26 74 75 64 60
39 89 43 37 34
68 85 71 53 50
12 20 11 5 3
19 77 2 2 2
59 61 93 22 19
13 33 99 68 68
30 61 33 10 0
26 50 10 7 6
71 79 15 7 3
56 75 84 47 22
34 57 37 29 25
34 65 55 39 35
51 79 4 4 4
64 79 45 19 10
22 57 72 54 46
92 93 12 5 0
6 81 58 51 48
47 77 62 60 58
69 77 96 68 64
23 68 68 55 44
71 73 57 48 45
13 37 21 1 1
8 38 92 48 6
19 48 78 58 47
55 72 4 1 1
65 83 87 14 5
16 99 36 24 23
23 64 91 22 12
16 17 83 50 48
14 76 15 11 11
65 89 73 34 21
38 80 53 29 24
52 72 57 19 0
15 88 46 36 31
57 62 22 17 14
8 94 22 16 11
16 74 13 8 6
39 77 57 31 29
6 22 24 19 16
65 74 91 15 8
36 50 15 13 12
64 67 52 49 49
19 62 81 9 1
34 74 53 30 11
8 24 94 70 50
38 90 14 11 9
36 62 57 38 24
41 58 31 24 21
1 51 30 16 15
1 31 23 22 22
43 85 66 62 60
43 97 70 50 30
57 99 88 72 56
30 96 3 1 1
38 43 79 52 46
3 80 82 52 31
5 66 68 30 0
32 55 56 11 8
54 100 79 47 47
60 71 22 21 21
16 31 33 16 14
6 64 94 77 61
45 73 2 1 1
1 46 52 50 48
10 28 8 7 7
16 73 100 31 14
16 51 7 4 3
37 75 47 27 26
63 75 83 49 39
15 97 28 20 17
64 81 65 17 9
28 100 31 24 17
11 63 56 43 31
43 88 13 8 8
13 17 39 35 33
20 70 74 58 50
80 90 53 18 13
70 98 35 23 21
79 80 34 17 5
3 12 65 60 59
53 57 41 30 30
65 90 5 4 3
37 89 93 49 34
60 85 8 7 6
71 100 40 27 26
13 50 10 7 7
65 68 60 25 21
36 55 48 28 26
47 49 19 15 14
73 96 48 37 27
13 80 83 64 48
64 74 15 3 0
47 80 42 42 42
1 17 44 8 0
10 71 72 42 23
55 58 11 7 3
60 63 71 14 4
64 93 94 39 29
79 93 84 65 64
53 60 67 66 66
37 44 32 31 31
46 88 73 55 45
2 40 57 32 8
18 100 13 12 11
46 78 4 2 0
3 67 95 92 92
14 49 17 7 1
65 70 81 67 65
11 98 37 25 14
25 96 23 21 19
52 95 43 22 17
25 37 91 86 84
65 82 5 2 2
6 46 99 76 70
47 87 4 4 4
9 68 94 45 24
34 41 76 20 17
88 94 20 12 5
62 69 69 41 25
20 67 53 12 8
15 89 71 71 71
38 100 97 78 66
36 75 19 18 18
29 31 55 39 37
4 27 69 64 60
62 85 87 59 52
67 76 69 53 48
51 87 95 86 84
20 93 68 57 55
53 100 5 2 2
31 95 56 3 1
9 30 18 9 9
29 85 50 15 10
44 47 74 72 71
36 81 45 28 21
45 74 61 15 8
33 44 17 6 6
60 70 16 16 16
58 75 21 11 11
22 75 60 44 42
65 66 6 1 0
79 83 25 23 21
76 98 25 20 19
22 66 50 48 47
34 38 11 5 1
47 62 84 64 57
48 77 44 42 41
24 74 40 28 19
49 61 35 34 34
44 87 37 24 17
13 91 23 5 5
34 53 25 14 3
76 99 78 60 51
9 69 45 11 7
14 63 62 17 14
13 24 0 0 0
19 88 79 47 26
27 36 15 13 12
25 54 19 3 0
6 44 16 7 5
27 59 78 28 23
12 57 94 60 58
46 68 37 34 33
45 97 31 22 21
74 77 33 19 8
13 69 28 15 8
32 73 96 54 24
7 17 38 23 12
1 79 86 85 85
70 93 83 65 60
33 39 37 20 18
23 46 61 51 49
12 31 83 45 33
80 96 99 87 81
76 93 0 0 0
47 69 45 15 2
35 83 5 3 3
31 66 61 47 45
47 66 11 4 1
13 56 35 18 3
38 72 87 29 29
32 97 47 29 23
81 96 46 42 42
6 96 7 6 6
25 79 50 31 30
40 41 63 38 37
34 86 63 46 45
3 21 65 48 31
32 78 20 20 20
26 43 49 48 47
4 29 8 1 0
23 63 83 65 65
14 64 35 23 13
11 71 29 25 25
46 75 35 11 9
59 78 47 41 38
73 75 77 53 36
69 71 77 52 52
43 51 80 77 76
67 73 36 31 27
1 40 60 54 53
1 3 29 22 21
13 35 25 22 20
13 22 25 9 9
61 63 68 14 2
10 96 64 16 15
28 77 41 34 33
33 69 16 12 12
56 72 70 44 21
44 82 21 8 0
3 42 30 24 23
35 62 87 34 25
26 46 86 23 11
32 84 2 1 0
76 93 55 27 6
77 96 82 44 40
23 37 47 35 34
50 92 11 10 9
8 78 57 43 29
41 71 31 29 28
46 83 0 0 0
40 47 89 30 12
13 99 12 4 1
19 58 58 47 45
32 65 21 12 10
56 78 69 62 59
21 72 9 2 2
39 52 31 31 31
51 76 41 6 5
11 17 11 11 11
60 80 57 14 13
65 79 32 23 19
43 59 51 24 15
28 46 81 23 4
13 43 76 47 31
13 18 59 58 58
17 83 35 32 32
9 62 13 10 9
45 89 48 32 17
23 65 25 22 21
39 50 3 3 3
18 93 3 2 1
26 56 97 95 94
4 73 59 37 33
62 72 29 23 23
27 84 78 44 42
42 83 47 16 1
75 81 93 92 92
19 60 10 4 2
42 56 19 16 15
14 48 4 2 0
76 96 30 19 17
70 77 26 9 8
37 67 50 36 35
1 36 26 22 22
42 66 53 53 53
37 91 40 21 19
18 66 63 48 37
1 71 94 44 38
53 94 77 3 2
74 93 48 5 3
23 58 8 8 8
20 31 10 7 7
52 92 12 6 3
61 91 1 1 1
8 47 66 56 54
19 86 10 8 6
21 89 48 43 43
71 97 29 15 6
49 85 89 61 52
33 84 27 19 14
13 71 42 12 9
31 47 22 18 17
28 67 53 47 42
4 87 100 74 62
7 69 3 2 2
33 97 1 0 0
7 61 18 12 8
4 88 58 56 56
48 49 78 50 43
20 45 99 34 27
34 89 29 22 22
17 32 92 91 90
59 65 56 17 10
37 71 30 26 23
44 45 96 74 71
67 97 37 27 26
20 73 59 48 47
61 75 90 2 1
33 45 69 16 9
65 76 57 24 6
18 29 4 3 3
49 76 96 57 40
45 83 55 38 32
21 47 27 19 15
21 44 75 54 42
38 66 4 2 2
23 76 72 41 37
45 51 61 36 36
13 60 82 14 9
55 97 71 50 41
22 46 40 25 23
15 42 72 48 42
21 69 33 26 19
3 46 94 47 34
8 68 80 33 31
78 99 8 4 4
21 74 43 40 38
51 80 58 37 30
6 54 59 46 34
19 41 81 41 39
5 77 95 49 42
43 83 57 42 29
21 59 77 63 61
9 54 26 17 16
16 82 17 7 7
40 45 28 12 10
58 89 12 3 1
7 18 86 49 47
54 92 0 0 0
46 84 88 58 53
23 50 39 24 19
66 95 18 11 10
45 91 76 69 68
23 59 1 1 1
22 31 44 18 1
20 33 80 11 1
29 75 25 24 24
17 72 20 14 14
34 44 41 33 26
53 64 60 59 59
60 97 0 0 0
6 33 70 67 66
46 60 15 10 10
61 62 32 24 21
14 43 39 27 26
27 42 40 38 36
21 97 88 20 5
42 80 52 52 52
8 20 56 2 0
35 71 34 14 13
42 50 83 77 74
54 70 7 7 7
50 86 56 34 26
49 87 5 4 4
43 65 33 13 12
19 76 73 42 21
61 95 40 3 2
9 35 85 7 1
35 96 24 12 11
59 77 53 20 20
54 98 97 46 8
25 46 95 62 43
23 28 83 46 28
25 98 60 35 29
31 83 21 7 4
55 59 16 15 14
70 97 69 43 42
40 90 40 36 34
8 62 38 18 15
21 58 54 44 44
51 52 81 43 23
4 94 99 76 54
33 51 2 2 2
41 89 37 12 2
27 95 38 38 38
2 74 22 19 19
52 87 21 21 21
26 33 64 42 26
24 71 71 41 31
3 16 49 27 10
23 51 48 41 34
18 34 12 6 2
5 95 33 21 18
3 19 25 14 6
38 46 73 28 1
46 85 11 5 5
54 73 21 9 5
15 96 18 15 12
58 71 59 5 3
6 86 99 72 62
45 62 28 27 27
24 36 36 32 31
8 77 80 61 54
15 31 19 7 5
83 99 76 76 76
64 95 8 5 3
24 55 50 45 45
13 70 94 92 92
10 85 25 14 14
10 70 44 34 29
13 39 86 14 13
32 70 23 18 17
46 94 14 5 2
61 92 41 39 37
10 14 93 60 43
41 69 24 18 18
76 82 33 13 10
40 78 87 15 7
64 88 52 26 8
74 95 9 4 0
6 73 22 7 3
9 25 47 23 9
24 70 78 24 14
50 98 48 30 21
19 26 9 4 0
24 33 53 47 46
44 74 86 59 32
47 68 84 52 46
25 83 14 7 3
58 80 51 44 39
30 91 8 3 1
19 31 75 59 57
38 79 13 3 3
74 86 91 48 24
50 80 2 1 1
6 63 28 22 16
55 74 26 16 8
22 29 69 50 39
29 52 79 79 79
5 42 5 3 3
47 65 26 26 26
5 16 76 29 15
5 84 71 17 6
28 61 33 16 8
25 90 53 48 44
44 69 49 41 41
62 77 98 81 64
7 73 72 20 19
16 26 89 62 43
20 40 40 35 30
29 40 13 3 0
26 47 56 32 11
23 49 83 76 74
24 99 86 84 83
8 89 42 35 30
88 93 22 11 6
12 16 76 47 22
2 46 94 91 89
43 69 7 5 5
57 98 14 12 12
11 38 50 35 27
77 81 83 61 44
21 63 23 20 20
12 47 93 66 43
29 53 65 43 28
50 67 15 12 12
2 75 27 11 8
74 94 13 6 5
9 80 38 14 2
69 86 12 12 12
17 48 26 8 7
16 40 7 6 5
15 77 14 9 5
35 53 79 23 10
44 71 2 1 0
30 55 81 22 13
34 58 55 16 5
46 52 43 33 26
19 38 60 46 38
16 72 96 85 75
8 85 86 78 72
3 74 72 49 42
27 64 76 73 72
25 33 74 36 27
40 81 6 6 6
62 64 4 2 0
38 65 22 17 12
37 48 77 67 63
25 39 12 8 8
54 92 72 25 3
69 94 6 3 2
42 44 82 72 68
17 61 90 47 19
3 90 84 25 0
55 60 48 28 25
72 74 9 4 4
45 75 1 0 0
13 24 72 40 17
68 98 96 56 22
28 55 73 31 23
18 63 87 35 31
63 93 23 18 16
78 83 100 46 41
43 63 56 21 15
1 21 63 57 53
26 49 35 23 14
46 61 68 31 30
30 54 49 27 14
33 88 23 22 21
29 56 9 9 9
74 85 90 52 44
20 71 49 33 19
29 71 65 31 17
53 61 20 18 17
27 40 54 35 27
37 38 56 46 40
36 63 85 72 61
13 86 43 34 33
1 85 36 36 36
10 45 42 22 15
30 95 25 11 1
37 61 32 21 14
21 54 62 39 36
13 47 55 53 53
20 25 36 24 19
53 75 89 43 4
12 46 100 68 51
32 80 87 11 8
19 32 34 20 15
12 93 70 18 1
32 38 31 16 8
9 96 94 92 90
28 53 33 22 17
40 70 47 39 38
17 50 23 14 10
74 83 67 56 52
48 100 36 21 20
51 82 70 61 56
15 75 84 22 5
5 89 7 6 5
65 88 82 36 11
25 36 20 14 11
32 74 56 44 44
23 40 54 36 27
23 93 1 0 0
31 68 18 5 5
80 83 13 7 2
40 82 3 1 0
4 24 0 0 0
18 78 32 5 2
66 100 40 35 30
68 83 36 17 11
17 34 87 66 49
33 57 75 71 70
38 52 74 36 15
57 97 68 47 47
1 7 71 58 46
16 53 39 9 4
67 72 61 43 39
28 36 94 59 43
4 55 25 5 3
48 68 83 2 0
47 83 33 10 10
13 73 0 0 0
7 78 58 51 46
24 34 85 29 3
15 80 64 10 0
60 91 89 60 57
21 65 50 31 23
4 60 58 37 22
8 61 43 37 37
59 88 91 68 48
14 22 96 36 14
26 75 39 39 39
76 85 45 40 37
38 45 32 3 3
15 100 51 20 19
34 73 52 18 12
9 18 54 13 3
49 73 58 41 41
13 23 32 30 30
30 50 27 13 12
66 98 4 3 2
19 40 28 27 27
64 87 0 0 0
25 38 18 17 16
20 57 13 9 5
19 65 98 87 77
39 58 4 4 4
18 43 85 22 7
34 70 1 1 1
37 65 65 54 54
2 47 8 4 3
9 46 14 10 10
50 64 65 64 64
59 81 40 30 29
1 63 49 44 44
18 84 96 67 62
25 75 71 43 27
52 77 20 19 18
62 100 54 46 46
3 26 75 44 33
59 73 96 35 26
40 71 89 50 11
40 97 35 16 13
2 61 67 52 50
42 87 94 54 40
41 86 15 15 15
35 57 68 60 53
33 78 91 87 83
4 7 10 9 9
15 82 87 83 82
6 38 2 1 0
65 69 18 11 10
15 53 47 23 18
39 56 76 49 37
49 57 20 10 4
21 28 14 9 7
42 97 54 31 10
9 17 26 13 8
60 78 16 10 10
23 38 39 23 21
12 15 72 55 48
60 89 47 42 42
12 22 1 0 0
20 77 55 28 27
70 87 96 43 36
65 67 72 34 20
81 97 19 2 2
14 69 91 55 50
41 55 16 14 14
1 35 9 5 2
22 60 73 61 56
27 61 48 31 20
33 81 56 29 28
7 91 47 19 1
32 87 66 24 0
28 39 55 21 9
35 72 23 8 6
7 38 32 11 2
62 68 63 4 0
26 54 40 27 17
2 29 18 8 8
18 54 43 9 4
47 72 83 22 22
39 84 28 9 2
32 91 11 7 7
21 57 98 44 36
43 53 69 26 20
1 12 0 0 0
10 98 78 55 49
53 87 70 37 37
62 73 6 5 5
56 93 67 63 60
48 78 43 30 19
13 85 47 27 10
53 78 46 44 43
50 59 57 52 52
6 21 86 86 86
1 39 69 34 16
14 74 58 34 30
39 79 36 31 28
18 32 98 41 8
30 45 47 9 9
7 59 39 11 11
28 97 68 29 22
6 47 16 8 6
38 40 75 40 32
40 54 18 12 11
5 65 84 80 76
23 96 9 9 9
47 89 94 32 0
30 97 46 6 6
80 92 34 25 20
4 56 34 26 19
21 91 42 34 30
80 86 49 33 28
61 67 50 46 46
25 43 11 11 11
51 68 16 14 13
38 42 77 17 6
20 68 75 28 2
27 34 92 44 39
31 50 94 77 71
17 98 57 46 40
54 75 23 3 2
28 71 28 7 5
3 7 34 24 21
34 52 28 24 20
50 77 62 54 47
54 93 96 90 89
24 43 24 10 8
21 30 27 20 19
21 34 73 66 66
28 37 88 10 7
1 33 75 65 55
45 84 69 22 16
33 53 11 6 1
15 46 83 52 34
70 79 87 60 56
14 24 72 63 55
23 78 82 66 64
1 11 86 70 63
14 37 28 20 20
17 100 27 14 2
45 60 12 10 10
61 96 67 35 10
49 62 37 23 11
20 79 66 34 31
36 60 66 50 46
19 61 10 7 6
2 50 65 57 56
37 60 54 25 4
12 41 32 18 17
15 50 22 10 10
63 64 73 19 12
8 82 40 37 35
67 68 62 32 23
61 87 81 29 8
65 75 9 5 4
52 66 23 23 23
31 72 8 4 2
29 89 11 1 1
4 38 76 70 65
13 40 65 32 31
80 87 75 38 35
34 60 62 55 52
24 37 1 1 1
2 76 83 24 15
17 35 17 6 3
34 36 100 25 7
41 52 2 1 1
30 83 51 40 30
29 68 80 35 10
10 60 77 55 55
6 31 100 71 42
41 42 41 13 7
20 100 65 55 51
43 100 54 39 36
7 64 71 20 11
64 92 11 5 1
70 92 61 19 8
63 77 13 12 11
3 22 72 66 60
39 41 16 10 7
46 97 30 23 20
29 80 6 6 6
23 77 78 31 16
48 67 18 18 18
44 78 86 31 26
63 73 79 48 19
64 71 82 57 49
21 62 93 78 68
54 83 62 23 23
34 54 53 44 43
32 43 98 52 11
51 85 83 80 79
42 43 95 71 48
36 52 34 11 2
8 71 48 27 17
2 10 90 89 88
67 77 35 15 0
19 75 18 10 3
36 77 28 26 26
33 50 53 40 30
14 47 68 59 56
4 86 13 8 7
21 22 51 50 50
9 27 2 1 0
35 36 60 18 9
7 60 18 11 9
56 77 8 7 7
59 87 85 78 76
49 93 65 63 62
75 85 91 70 66
17 81 11 11 11
48 60 96 27 21
6 56 91 9 2
36 43 18 10 7
48 83 2 2 2
7 26 49 37 29
26 52 6 4 2
24 84 59 47 46
33 95 7 2 0
75 82 4 2 2
14 40 53 37 27
44 73 13 12 12
29 95 10 9 8
22 94 24 4 4
68 79 68 55 48
6 32 60 27 15
28 78 66 31 29
4 77 87 54 43
40 68 21 5 1
61 73 41 41 41
2 86 6 3 3
16 22 78 30 28
2 15 65 42 34
10 74 84 36 9
6 27 81 47 13
14 79 27 25 25
31 64 40 21 9
32 61 92 53 32
30 63 2 1 1
3 85 73 43 13
20 94 14 14 14
46 49 45 16 13
48 99 82 55 29
9 37 39 29 25
48 97 40 36 34
42 85 43 19 1
20 89 5 3 3
64 84 14 9 4
26 38 80 79 78
2 54 79 53 27
23 70 77 40 30
9 63 70 59 58
31 41 39 18 17
10 68 49 45 45
15 32 23 15 8
49 71 40 0 0
7 57 67 34 24
8 37 15 12 12
22 81 15 15 15
48 75 58 11 2
13 31 13 5 1
53 76 93 19 10
23 48 50 7 6
9 94 37 27 27
8 18 97 67 39
24 31 0 0 0
66 79 59 59 59
44 99 46 39 34
44 85 76 36 24
5 78 70 19 15
51 70 17 13 12
57 72 39 9 5
21 86 50 47 45
36 45 10 8 7
23 52 40 2 0
7 25 30 25 24
48 76 85 77 74
59 72 4 2 0
17 39 45 23 6
21 38 28 16 5
24 48 19 4 3
1 68 23 15 12
10 77 32 17 4
66 96 89 85 82
20 29 53 35 33
16 37 29 24 23
71 82 49 35 32
41 66 49 35 30
48 90 6 4 4
11 94 90 41 9
36 95 38 37 36
19 68 1 1 1
40 87 0 0 0
47 95 76 36 30
70 89 33 18 3
66 80 29 18 18
1 94 93 88 84
4 46 80 63 47
12 67 41 38 36
11 43 84 71 63
53 89 12 4 2
13 73 12 6 0
68 93 35 16 16
25 48 33 21 16
46 74 15 13 11
15 29 3 3 3
44 64 23 18 15
15 47 31 19 11
30 60 70 33 16
52 81 68 31 14
7 12 53 44 39
15 45 8 8 8
24 31 97 93 90
42 99 44 35 31
13 16 4 2 2
17 95 52 50 48
60 75 24 10 2
41 94 61 31 19
43 44 48 39 36
41 47 31 29 29
62 93 26 23 20
1 5 5 3 3
49 95 15 10 5
4 35 55 7 3
41 72 64 58 54
9 71 75 49 43
5 79 1 0 0
53 56 78 25 21
34 87 96 75 69
41 79 41 28 28
15 94 24 19 17
56 66 32 27 24
11 57 3 3 3
30 89 38 28 28
33 41 83 60 57
17 90 29 15 13
36 87 33 20 14
23 87 16 9 2
4 36 2 1 0
5 37 37 29 26
3 75 9 1 1
22 70 35 22 19
47 85 41 22 10
59 86 56 25 16
16 77 11 9 8
49 96 20 16 15
40 89 79 70 62
29 94 77 50 49
79 86 20 13 12
38 50 15 4 0
1 78 60 28 13
83 93 86 46 41
36 66 33 14 12
5 85 85 30 17
10 79 38 33 31
57 81 24 6 6
12 32 63 30 26
12 100 38 24 13
73 78 18 10 8
48 65 85 81 81
47 90 32 22 21
40 56 49 47 47
7 42 36 17 15
44 92 9 6 3
11 59 29 19 16
13 38 44 25 20
49 68 72 46 46
32 68 62 36 21
2 52 89 75 65
29 48 56 31 28
42 61 88 85 85
48 82 95 89 85
51 64 61 39 39
6 19 20 2 1
3 37 83 42 17
4 28 64 43 39
59 100 64 21 15
14 17 51 46 42
6 82 66 62 61
57 69 92 47 22
16 20 30 24 20
26 82 69 39 34
5 73 71 6 5
21 53 66 46 46
9 20 16 7 1
8 16 33 28 25
78 81 60 36 17
42 68 42 20 11
16 30 54 25 24
5 13 72 70 70
17 31 8 8 8
30 79 73 25 7
63 91 30 8 5
15 65 91 77 77
37 46 87 61 54
25 95 56 39 32
11 92 91 69 62
20 61 15 12 12
1 30 63 30 15
60 86 85 82 81
52 83 25 20 20
43 70 92 45 5
45 98 41 21 20
36 100 78 62 54
34 79 61 23 10
56 63 12 2 2
52 71 94 42 42
5 100 48 25 22
53 77 24 11 2
2 87 17 8 2
49 64 32 17 5
17 30 94 42 2
27 37 34 26 23
53 54 57 25 24
57 86 12 9 7
1 52 27 25 24
43 93 95 13 4
49 53 95 52 31
14 95 41 15 0
83 95 8 5 5
30 77 89 72 67
62 87 88 43 36
3 56 42 31 21
76 92 14 9 5
75 94 64 34 9
8 25 70 46 46
69 91 85 83 81
43 66 64 57 57
15 59 30 6 2
38 81 16 15 15
36 91 4 3 2
22 76 78 38 23
6 55 65 28 11
18 31 9 9 9
26 44 94 71 69
22 71 12 4 3
17 69 78 30 12
12 37 81 17 16
5 45 67 66 66
29 70 74 52 44
64 69 2 1 1
41 68 88 56 33
38 69 38 20 13
44 55 53 44 44
14 80 68 43 35
24 82 34 20 7
16 43 70 54 54
53 83 8 5 2
44 90 4 3 3
23 35 40 37 35
56 79 59 23 6
46 48 46 33 31
35 67 80 49 35
58 65 62 52 45
7 31 15 4 0
35 94 2 1 1
27 73 90 34 25
42 88 100 95 93
26 40 50 34 22
75 83 65 33 11
13 75 2 0 0
33 86 87 44 37
13 77 17 11 8
77 84 88 39 17
28 33 97 41 26
56 73 63 40 24
8 75 70 48 32
15 37 58 45 37
26 83 8 8 8
22 92 51 14 0
65 85 44 19 7
8 74 64 18 8
63 99 4 1 0
75 99 25 12 3
14 58 81 36 18
28 60 13 3 3
54 95 95 33 2
34 84 56 23 19
2 64 32 9 2
13 79 66 7 2
52 58 16 9 3
37 82 94 66 64
63 89 35 17 12
39 42 94 67 64
17 40 78 49 27
34 55 68 36 12
72 88 12 7 5
3 9 67 66 66
25 91 18 17 17
77 97 21 7 4
10 43 20 13 11
6 9 40 33 26
15 24 86 35 16
31 38 46 21 1
31 99 1 0 0
64 66 43 41 40
35 98 39 30 29
29 57 81 31 25
7 50 38 20 14
4 95 26 10 9
36 85 43 41 40
3 38 5 4 4
45 99 98 73 72
20 39 52 4 1
12 53 8 4 4
55 56 90 25 13
49 69 14 7 7
54 59 51 27 16
66 86 58 58 58
34 80 90 57 48
57 61 52 37 35
45 67 94 46 45
41 83 34 30 30
68 75 17 8 1
17 59 91 84 83
15 58 86 71 61
21 94 34 15 9
50 99 70 70 70
7 28 78 50 23
2 90 86 56 42
33 79 6 3 3
59 74 79 37 23
24 68 48 33 22
13 89 46 30 21
20 87 69 24 20
29 54 24 14 4
33 85 71 54 38
20 37 18 10 7
17 52 48 2 1
3 88 97 60 38
6 72 55 45 35
13 65 3 2 2
58 60 0 0 0
52 80 14 13 13
39 98 37 22 17
5 24 37 22 13
15 22 24 3 1
7 14 85 80 77
55 91 11 9 9
40 52 74 73 72
22 32 48 31 16
5 51 41 19 3
42 59 18 2 2
1 49 46 43 43
5 61 56 37 19
7 90 78 57 42
38 60 35 30 29
30 87 30 17 9
1 55 23 12 3
7 92 17 16 15
51 73 48 29 11
48 81 91 61 35
7 100 42 2 2
13 54 89 32 20
26 59 2 1 1
11 23 22 1 0
8 27 98 22 12
51 94 23 14 10
32 89 25 18 14
6 78 64 3 3
28 63 3 2 2
22 43 75 75 75
82 98 1 0 0
33 60 25 10 3
2 71 19 7 5
37 79 86 80 75
26 81 50 42 39
47 100 63 34 9
55 71 66 38 38
22 100 87 85 84
49 90 45 41 40
1 53 90 80 78
2 88 32 10 6
28 56 43 7 5
41 60 72 70 68
1 13 15 11 10
6 7 2 2 2
45 77 33 25 25
24 85 71 23 12
1 70 50 35 31
49 78 38 13 3
16 69 62 24 10
38 74 16 14 14
24 64 55 32 10
59 85 71 39 39
1 77 65 41 17
55 65 23 20 19
2 24 41 14 6
52 94 47 10 4
8 43 90 87 87
17 67 14 13 13
70 78 81 38 38
27 74 87 75 71
9 15 30 19 13
46 89 40 16 16
19 83 70 36 32
41 67 35 34 33
48 64 4 0 0
67 91 33 22 21
32 60 16 11 8
40 79 88 50 37
67 87 0 0 0
26 37 8 7 7
38 62 77 77 77
31 91 65 51 44
49 50 37 17 16
21 52 8 8 8
7 84 68 22 15
69 100 83 56 41
44 94 61 51 51
78 92 7 3 2
40 74 69 50 35
24 67 37 27 22
5 8 61 17 7
36 57 69 45 32
6 28 19 15 15
27 62 55 37 37
2 19 24 20 18
43 95 47 26 5
41 81 41 19 7
3 4 36 24 21
10 11 80 38 3
14 33 34 24 18
41 93 82 36 15
56 84 36 16 6
2 34 7 4 3
1 6 34 12 10
47 91 14 10 7
49 83 32 25 24
6 20 12 6 6
46 65 71 43 23
37 53 88 50 21
53 84 65 23 7
55 64 97 46 13
12 17 89 86 84
31 74 66 60 60
50 82 24 22 20
40 44 39 21 7
29 62 26 11 6
30 76 81 79 78
29 34 27 14 12
26 31 32 30 28
54 74 35 14 0
21 40 76 49 49
5 39 40 39 38
48 89 33 30 28
56 95 56 21 19
20 63 62 22 16
40 50 98 42 24
4 92 61 45 33
50 87 33 15 0
9 100 42 16 2
19 43 61 35 26
60 66 25 16 11
3 89 0 0 0
37 96 69 42 41
26 77 9 8 8
46 53 57 6 1
21 75 52 32 27
35 93 12 6 6
14 16 27 20 17
30 81 99 6 4
43 61 23 18 16
31 45 28 23 21
10 42 84 53 34
54 87 40 3 2
47 99 3 1 0
18 77 89 60 32
67 90 30 18 16
19 93 28 1 1
35 80 30 28 26
27 92 51 38 25
12 38 52 28 21
6 58 65 36 32
6 74 56 18 12
29 88 78 42 30
28 74 28 7 5
6 88 64 63 63
2 89 82 75 68
4 82 50 43 42
22 99 70 56 47
40 77 0 0 0
32 47 36 10 5
31 84 62 62 62
50 76 43 31 31
25 85 79 26 16
56 94 88 37 6
58 93 56 7 5
12 44 6 6 6
19 51 69 20 19
13 28 73 64 59
38 93 54 47 45
43 48 88 45 29
28 54 31 0 0
27 86 22 7 4
27 57 79 48 36
28 66 37 23 23
47 96 17 10 4
1 54 33 30 30
5 91 20 18 17
38 73 67 38 30
4 83 22 14 9
1 12 51 41 41
13 49 19 4 2
66 87 36 28 26
44 52 44 7 7
31 33 68 49 39
39 48 63 62 62
32 44 58 29 1
29 74 77 55 52
32 49 63 30 17
42 62 17 16 15
2 39 54 51 50
4 81 62 42 40
23 61 91 81 81
15 51 77 14 8
57 91 33 32 31
7 95 100 9 7
50 84 95 7 0
44 95 80 74 69
24 30 4 2 2
9 60 77 74 73
16 75 13 7 1
19 99 82 68 64
53 96 30 21 20
39 43 93 77 76
77 93 62 31 30
62 95 59 14 8
3 51 12 5 4
34 63 78 71 71
30 90 68 66 66
11 19 11 6 6
7 49 62 40 36
8 95 80 60 41
22 65 10 4 0
3 84 7 3 3
21 77 50 23 11
31 75 2 1 0
22 93 66 24 16
5 50 26 22 22
30 32 9 4 1
10 12 85 17 10
32 100 82 62 48
60 99 22 20 19
9 53 28 21 19
6 51 50 41 39
23 84 48 43 43
14 29 77 31 25
39 68 44 26 10
9 38 30 18 7
23 24 55 40 38
56 61 73 62 53
22 45 13 7 2
13 45 41 13 6
14 35 7 3 0
4 37 61 57 57
52 96 21 18 18
37 69 78 73 72
16 28 73 38 30
35 69 36 23 20
54 77 78 64 63
56 96 2 2 2
25 56 3 3 3
62 89 25 4 1
34 67 92 87 87
25 50 11 6 3
46 93 35 30 30
5 21 81 78 76
29 96 35 15 2
19 25 73 66 63
57 73 18 5 3
59 64 45 42 40
17 46 67 25 4
62 65 71 22 9
8 92 27 7 5
25 71 12 3 1
16 58 81 62 57
42 86 97 49 20
36 76 60 45 40
81 87 77 34 33
5 30 77 76 75
53 85 87 84 82
11 62 17 16 16
5 88 62 33 32
10 95 11 6 4
9 29 100 100 100
16 25 81 61 54
10 34 82 82 82
63 100 76 71 67
10 69 27 27 27
31 51 57 57 57
4 47 88 85 84
5 53 22 21 20
58 64 89 48 7
67 87 81 33 2
45 93 99 54 20
70 71 20 16 15
12 51 61 25 4
54 69 95 56 36
31 36 8 7 7
35 81 52 47 42
2 97 94 84 84
64 73 63 14 7
17 66 34 17 17
18 25 55 46 43
31 76 19 9 7
20 41 75 57 43
25 30 99 97 95
13 46 20 5 1
49 89 13 10 10
14 44 68 40 15
71 86 32 26 22
37 88 26 25 24
77 98 69 30 16
10 40 19 14 12
61 93 55 11 9
25 59 59 22 1
30 86 31 28 27
39 53 14 6 0
9 24 58 49 46
46 80 82 57 36
25 66 97 76 68
84 95 2 2 2
42 100 12 11 10
9 72 92 63 40
33 61 69 66 65
8 19 73 16 8
44 59 96 37 37
42 74 99 48 5
23 34 12 10 10
51 84 5 2 0
19 28 6 1 1
29 84 43 12 1
49 82 99 82 76
18 81 21 13 13
31 39 69 66 66
32 41 8 5 3
58 72 20 13 10
52 55 26 8 6
49 72 42 18 1
33 82 73 44 31
30 49 57 30 17
6 12 4 3 3
35 95 75 18 14
6 57 15 2 1
24 45 71 40 27
26 62 96 66 51
50 60 1 1 1
21 39 55 44 38
28 57 16 9 6
6 83 97 47 30
26 70 51 31 17
1 25 90 39 13
9 65 69 51 39
12 74 68 28 12
46 95 76 71 71
12 54 58 34 22
73 91 34 21 12
16 36 85 37 16
64 75 31 27 25
10 82 43 41 40
15 63 3 0 0
50 79 28 6 5
30 69 8 3 0
17 60 7 4 4
8 54 62 48 45
7 10 93 10 9
32 90 78 10 6
24 49 75 26 15
14 54 48 14 13
45 58 78 42 39
10 57 62 31 29
22 47 16 15 15
21 98 9 9 9
20 46 59 27 23
3 20 16 10 4
38 49 54 49 48
1 74 42 9 0
25 69 100 67 44
16 52 22 11 3
20 96 13 11 9
11 14 33 32 31
14 31 58 41 37
63 92 74 72 71
12 61 31 2 2
45 68 68 67 67
18 64 97 63 51
31 70 4 1 0
16 18 3 2 2
14 62 39 21 6
7 83 12 12 12
23 60 12 9 7
13 81 86 78 77
45 53 66 36 30
17 73 97 62 45
36 69 86 79 75
17 97 33 18 16
15 70 23 14 8
36 99 40 13 13
2 12 41 28 17
34 98 57 6 1
1 26 90 69 49
14 89 29 18 14
40 63 24 4 1
55 100 44 19 3
2 83 27 23 23
43 73 74 24 15
43 99 34 17 17
6 94 71 33 2
31 77 33 10 2
29 73 45 42 41
30 65 99 41 33
27 32 35 30 26
19 70 41 5 0
15 76 96 40 28
22 35 6 4 4
9 51 42 25 22
30 67 100 48 14
9 84 12 2 2
56 83 49 5 0
3 89 51 48 45
11 28 31 17 17
60 92 41 25 22
42 94 46 10 4
32 94 89 84 79
1 73 95 35 11
43 86 63 37 13
50 69 18 17 17
20 22 47 28 24
55 81 17 9 9
2 5 24 23 22
25 88 98 80 70
25 100 75 40 24
36 73 21 4 2
5 81 41 34 30
24 100 30 11 5
25 94 1 1 1
12 92 33 8 5
9 81 73 20 0
18 99 67 25 13
35 90 53 32 23
37 87 78 65 65
27 52 59 37 28
16 98 73 73 73
20 24 53 33 32
19 90 43 17 5
33 75 37 14 4
54 99 55 19 3
53 97 7 7 7
49 100 70 56 50
35 64 68 3 1
62 70 46 17 6
33 35 97 69 61
56 98 66 39 26
40 42 42 28 17
12 81 4 2 1
47 67 76 52 39
30 48 10 8 6
40 91 17 15 14
37 42 17 15 13
25 93 2 1 1
6 29 21 17 14
35 55 80 26 13
65 98 19 10 4
23 92 81 37 15
52 56 4 4 4
36 97 92 89 89
38 68 5 4 4
76 97 34 15 4
25 34 78 20 8
17 28 47 33 31
25 63 67 37 26
64 72 22 16 13
32 36 33 19 18
58 84 12 10 8
14 15 55 52 49
6 18 100 51 18
4 57 95 90 87
9 57 14 6 5
3 68 45 36 36
2 98 89 66 66
51 77 46 42 41
22 24 21 6 3
54 58 53 10 7
46 86 33 9 8
44 54 93 88 88
12 62 59 56 54
73 100 69 40 21
4 44 45 20 15
8 14 56 14 9
40 51 45 33 27
33 100 41 19 12
21 26 79 51 27
33 71 99 67 66
37 70 55 39 39
1 32 82 37 28
38 47 31 17 9
22 86 87 60 53
33 91 58 51 44
14 83 61 51 45
8 76 88 22 11
28 99 86 39 38
43 49 7 5 5
25 28 18 12 6
21 56 59 24 6
32 62 56 44 33
8 11 76 73 70
35 78 34 16 16
26 86 27 17 13
52 100 87 81 80
2 26 47 33 23
20 59 73 72 71
62 78 42 21 20
46 99 31 18 5
14 88 27 10 0
52 76 36 21 12
34 71 21 17 17
20 47 17 10 10
7 74 9 1 0
60 84 82 61 41
16 35 76 15 5
11 45 50 15 14
3 62 42 20 6
7 67 17 16 16
35 48 78 66 64
62 83 65 46 35
26 29 62 14 4
45 61 27 6 4
17 96 10 3 3
23 56 15 10 8
7 37 66 31 13
69 74 83 16 12
16 80 92 55 53
19 44 43 24 16
3 93 74 29 10
34 92 96 47 12
60 62 95 22 8
34 37 54 26 12
34 69 82 79 76
1 22 47 44 43
38 58 89 44 41
3 25 0 0 0
25 64 76 42 21
11 56 52 44 42
15 95 63 27 22
15 33 82 72 68
18 83 69 36 35
54 97 39 10 3
19 100 92 18 12
32 42 27 14 3
3 94 44 44 44
27 83 77 77 77
25 47 62 44 38
60 81 74 55 41
37 95 97 61 53
20 49 52 21 15
17 44 77 77 77
27 89 83 36 36
4 10 98 31 23
52 69 74 56 39
10 56 73 46 32
27 43 51 23 9
16 91 92 76 73
21 96 1 1 1
35 82 50 37 32
31 97 86 77 72
28 47 2 2 2
11 32 38 23 22
51 57 56 42 28
13 61 12 6 4
28 80 0 0 0
48 58 22 13 6
31 42 60 11 2
5 69 86 30 22
3 98 49 40 35
17 41 98 93 91
50 57 24 17 17
43 72 35 14 11
19 84 15 6 4
37 49 99 55 52
55 83 80 56 46
51 93 37 31 28
38 83 62 43 42
13 84 83 38 18
18 90 16 11 6
6 68 23 11 7
19 56 22 4 3
46 50 42 42 42
40 88 35 21 12
10 86 76 44 24
23 91 67 37 35
17 64 84 27 6
7 43 15 15 15
37 45 18 10 10
12 36 85 52 19
7 40 12 6 2
5 52 65 57 53
21 71 45 24 23
31 52 43 31 29
51 83 98 68 40
2 56 57 20 3
10 54 68 30 11
3 99 42 36 34
14 23 51 48 47
19 81 28 28 28
28 76 42 25 13
21 79 86 70 55
45 56 46 45 45
2 67 86 35 9
47 81 19 7 2
34 47 58 39 32
11 85 70 55 52
58 97 7 2 1
9 16 62 40 20
52 86 60 41 36
34 81 8 2 1
68 74 49 36 36
18 22 34 23 23
20 53 64 29 17
52 97 4 2 0
12 48 98 15 2
40 92 23 12 9
35 38 29 25 24
31 62 95 20 1
40 96 97 86 84
14 67 48 43 43
70 81 89 36 35
40 75 19 15 12
18 94 31 15 0
16 90 18 17 16
18 40 50 35 21
7 48 54 41 32
16 34 34 26 23
34 51 88 56 25
3 41 12 12 12
17 87 38 28 23
25 62 69 50 50
46 59 74 50 47
35 91 27 19 15
5 22 46 28 12
3 59 28 24 22
37 85 98 44 12
3 70 77 33 32
20 92 89 44 23
74 75 95 30 9
26 67 95 40 35
41 80 85 28 8
6 41 84 30 12
26 66 34 18 8
62 98 20 10 7
10 63 58 27 15
1 72 83 24 14
15 34 77 48 27
17 70 32 5 4
8 36 96 90 88
44 51 95 34 25
29 100 56 35 34
33 96 6 4 4
42 89 9 5 5
15 83 34 28 22
24 38 14 13 12
61 71 55 52 50
13 96 26 17 15
16 93 36 10 7
22 63 35 22 15
16 42 3 2 2
3 6 48 29 22
19 92 64 43 27
16 100 61 41 39
33 40 48 34 29
5 67 2 1 1
61 66 49 17 16
10 55 1 1 1
30 98 21 12 5
6 50 87 41 24
40 87 83 49 31
6 80 96 67 58
60 79 93 90 89
54 72 26 3 2
9 26 13 10 8
12 84 88 56 31
36 74 70 29 1
2 28 3 2 2
3 30 63 52 52
35 44 15 15 15
9 55 10 10 10
44 57 18 9 9
42 73 36 30 25
1 733
2 625
3 833
4 874
5 919
6 958
7 813
8 1020
9 672
10 908
11 750
12 935
13 708
14 960
15 996
16 941
17 787
18 916
19 820
20 974
21 749
22 730
23 680
24 931
25 915
26 794
27 1123
28 1002
29 917
30 1128
31 800
32 1022
33 917
34 1045
35 1055
36 1047
37 932
38 1012
39 817
40 1013
41 945
42 1018
43 1132
44 913
45 1016
46 1161
47 922
48 944
49 1082
50 786
51 1034
52 942
53 1044
54 1117
55 884
56 999
57 1076
58 967
59 1214
60 931
61 1030
62 1106
63 1089
64 1316
65 1041
66 889
67 1178
68 1192
69 1045
70 1146
71 1062
72 948
73 1192
74 1336
75 1176
76 1011
77 1040
78 1088
79 1112
80 1027
81 1050
82 976
83 982
84 1101
85 1098
86 1007
87 1174
88 1022
89 1042
90 877
91 727
92 950
93 1102
94 1040
95 1146
96 847
97 1043
98 1015
99 1035
100 1016
