200 2000
4 194 81 31 5
101 168 94 25 14
188 197 37 33 33
11 139 78 75 74
35 157 78 70 65
124 172 41 19 6
125 136 62 47 35
105 122 30 10 3
168 186 46 32 21
85 108 75 37 0
129 198 44 33 28
127 168 39 23 22
127 188 100 68 38
56 154 35 10 10
59 150 49 40 35
104 156 63 45 29
116 121 48 47 46
17 198 17 16 16
5 38 2 1 0
171 175 33 31 31
66 186 31 28 25
32 63 90 59 52
127 189 65 41 21
74 199 34 26 24
114 157 11 8 8
68 92 15 13 13
137 143 83 16 7
89 182 97 73 72
111 197 21 12 10
116 158 69 36 21
1 193 50 37 27
96 185 83 40 27
197 199 93 80 78
25 67 14 0 0
172 180 7 3 2
191 196 51 41 31
166 191 6 3 3
164 185 21 21 21
146 173 4 1 0
107 175 27 25 24
39 113 65 36 28
115 125 37 15 3
103 119 86 65 65
34 160 61 22 13
71 149 7 7 7
188 200 65 51 44
14 113 0 0 0
105 143 56 31 19
56 116 63 46 42
93 129 98 83 74
16 157 73 30 21
78 170 79 63 59
139 154 55 53 51
94 163 2 1 1
199 200 8 4 2
69 96 13 12 12
110 197 20 8 6
171 185 71 63 62
149 180 47 42 40
7 16 47 29 20
146 193 23 22 21
4 60 4 1 0
3 102 33 30 27
65 102 66 42 36
193 195 56 37 32
136 180 4 4 4
139 191 99 47 10
79 181 100 33 26
169 199 95 91 89
170 190 31 28 26
92 116 61 49 38
127 186 40 27 22
150 184 6 1 1
53 112 13 4 3
41 46 11 5 3
151 162 6 4 4
77 111 50 21 7
61 160 1 0 0
89 116 11 11 11
136 150 94 13 3
132 163 51 33 25
6 176 16 4 1
144 167 77 36 2
196 200 68 19 11
135 142 27 13 3
40 172 36 9 2
139 143 99 56 17
134 185 99 63 61
157 188 58 32 8
103 117 22 10 9
95 143 7 3 2
92 104 70 58 57
191 200 50 22 1
150 168 28 11 1
196 197 9 6 5
93 149 80 44 19
125 141 46 34 30
130 172 12 6 6
11 78 100 8 8
41 137 51 39 37
189 200 43 25 22
161 162 48 47 47
152 167 14 10 9
75 86 94 16 5
17 158 24 18 14
173 199 20 15 15
167 195 96 95 94
119 155 18 9 4
184 187 98 58 29
61 127 43 26 18
163 186 2 1 1
32 65 17 11 9
72 130 44 40 40
110 139 67 33 23
149 172 83 49 15
142 173 1 0 0
19 192 85 56 36
57 133 8 4 2
146 169 75 57 56
123 148 42 32 32
90 106 44 33 24
138 162 67 19 9
169 172 16 2 2
37 114 80 64 63
108 128 73 67 66
41 107 14 9 5
132 182 16 11 11
27 140 74 38 37
40 102 8 4 4
94 144 4 3 3
184 186 22 10 6
6 180 26 22 18
17 45 80 59 53
158 164 57 7 6
136 169 33 33 33
1 163 84 78 72
63 107 93 45 3
70 128 53 50 50
87 146 11 4 4
91 170 52 29 11
182 195 92 35 2
138 166 12 10 9
91 159 48 33 32
85 121 41 17 8
49 163 25 25 25
88 108 19 3 3
191 193 48 48 48
177 198 1 1 1
12 49 95 62 42
91 157 61 59 57
87 192 57 35 34
41 60 10 9 9
94 186 69 39 13
23 138 51 47 46
82 91 22 13 9
30 135 70 57 47
136 193 8 3 1
155 193 1 0 0
104 152 54 40 39
30 199 22 21 20
92 94 7 6 5
77 157 82 58 47
28 90 50 26 19
59 124 81 58 58
167 196 72 57 56
107 140 68 63 59
171 172 47 24 14
42 75 8 7 7
85 107 34 27 24
27 145 37 28 28
92 97 78 28 12
142 159 63 29 26
103 129 42 22 13
65 85 75 51 37
33 188 27 12 3
26 129 59 52 50
159 186 77 24 14
10 79 53 20 2
103 165 81 13 4
169 179 16 10 9
87 104 88 38 9
82 200 30 8 1
90 183 67 20 11
181 184 50 37 29
10 110 84 31 20
152 168 52 30 25
120 176 16 13 12
7 194 8 2 2
6 69 4 2 2
176 192 15 8 7
1 28 64 52 44
33 94 83 44 28
160 166 72 34 24
92 155 75 36 13
178 187 22 20 19
93 144 54 44 41
10 92 69 48 34
17 103 61 14 13
33 73 73 62 60
151 185 59 30 22
76 195 31 23 23
145 147 81 53 40
43 170 67 65 63
179 186 86 52 36
90 123 13 6 1
103 182 60 24 4
54 155 27 11 11
172 181 65 36 25
111 153 90 34 6
75 195 19 19 19
196 199 63 41 34
56 104 45 20 18
187 193 94 81 74
33 193 90 26 19
49 199 4 3 3
65 90 88 75 73
114 168 80 50 41
7 174 2 2 2
66 107 15 4 0
103 142 80 45 27
169 186 94 61 31
173 198 87 40 0
45 146 8 8 8
35 153 21 9 2
102 130 9 2 0
119 140 22 21 20
198 200 7 6 6
24 61 58 34 34
166 172 5 0 0
183 191 35 13 11
15 89 80 46 25
185 188 61 50 50
50 113 90 56 52
14 147 32 27 23
156 169 99 45 41
135 193 35 17 12
62 101 37 15 1
32 42 41 15 10
77 189 69 36 5
138 165 40 19 12
32 156 65 25 20
41 148 30 18 13
138 185 72 47 34
23 72 66 32 19
112 139 50 42 35
76 120 84 32 31
133 195 73 56 54
162 189 45 29 21
49 135 46 36 27
186 197 0 0 0
77 200 78 47 30
76 165 39 26 21
45 125 79 57 56
49 185 69 64 59
82 151 72 45 45
154 170 15 6 6
128 184 8 8 8
41 127 16 13 10
9 137 91 71 58
66 199 19 12 9
192 193 4 2 1
8 195 18 17 17
14 142 66 50 47
142 181 58 34 27
99 103 50 30 11
140 141 21 17 17
35 144 100 88 80
38 160 14 12 10
16 155 56 37 36
75 185 5 4 3
47 67 36 23 14
113 129 68 54 54
79 85 90 83 82
91 153 13 5 4
21 75 98 53 37
79 98 82 22 10
141 198 38 8 0
17 90 20 16 14
78 113 6 3 3
103 130 59 56 56
157 169 47 34 24
4 148 89 53 44
128 130 21 8 7
174 196 61 35 13
52 91 65 13 4
31 167 86 26 18
11 104 69 53 42
146 180 96 75 54
141 181 49 45 44
122 124 11 6 3
109 118 4 4 4
60 67 62 40 37
28 143 33 21 19
10 137 29 15 11
74 149 77 77 77
184 194 16 12 9
64 141 100 14 2
142 163 35 13 10
114 183 1 0 0
131 158 18 9 4
146 147 62 39 16
166 175 92 49 41
115 132 13 8 4
160 199 81 34 15
179 188 16 13 11
145 164 25 22 19
21 101 5 2 1
85 134 72 22 20
32 185 66 54 54
101 114 60 31 28
122 125 53 36 20
34 175 68 56 45
92 154 44 34 32
40 189 19 7 4
101 135 98 22 9
70 177 71 39 21
16 42 86 47 23
150 190 31 18 14
133 189 63 45 39
53 61 43 40 40
31 100 44 9 9
77 120 75 53 49
183 199 55 41 39
156 176 42 42 42
192 198 61 34 27
98 158 64 63 63
165 183 63 42 35
16 138 22 16 13
144 172 30 17 7
156 187 41 31 28
137 182 25 21 20
187 190 79 47 26
151 178 22 13 7
157 190 92 32 19
133 200 20 16 14
167 183 72 67 66
77 90 5 5 5
144 168 65 11 9
163 175 49 10 2
88 126 74 73 73
176 182 36 30 26
63 180 17 2 2
65 126 4 4 4
3 87 76 45 21
43 125 11 10 10
23 168 36 34 34
62 102 76 47 18
86 115 70 20 16
30 120 51 46 46
51 128 53 12 9
121 135 26 10 3
192 194 85 69 60
122 175 12 11 10
55 185 30 19 13
11 72 75 31 21
34 197 96 62 60
187 189 49 40 39
19 74 75 57 45
136 159 7 4 3
175 191 70 34 16
135 137 10 0 0
101 145 27 17 11
173 195 80 49 39
133 178 12 11 11
165 196 21 18 18
55 89 59 36 26
19 58 61 25 4
84 141 36 33 30
147 156 78 46 34
30 157 4 4 4
79 153 21 14 13
119 148 27 18 14
17 60 76 75 75
190 195 23 16 15
3 198 90 89 89
145 158 54 16 15
2 94 1 1 1
158 172 65 53 42
151 175 87 52 37
89 181 6 2 1
121 149 73 18 2
184 191 16 7 1
68 128 16 2 0
80 186 37 36 35
13 33 22 11 2
34 174 76 64 60
56 78 70 35 20
88 125 47 17 9
125 157 53 25 15
86 99 96 75 74
164 189 81 36 21
148 176 69 35 16
146 174 90 50 36
102 139 39 27 27
49 83 59 43 33
56 195 20 14 12
132 188 55 54 54
65 148 69 8 7
125 178 67 34 19
112 193 45 45 45
102 107 49 45 41
149 182 94 36 13
154 158 4 4 4
138 184 57 15 12
88 196 7 7 7
15 62 60 42 27
79 121 18 16 15
114 132 65 55 45
78 189 100 77 65
96 153 73 71 69
123 191 31 16 14
27 171 72 47 38
61 89 44 21 19
56 155 55 41 39
18 126 99 83 77
92 158 6 4 3
193 199 71 41 35
154 189 47 47 47
50 71 44 37 35
136 197 24 12 2
176 190 6 2 2
19 197 45 41 41
156 161 47 22 19
77 132 87 86 86
158 174 3 2 1
156 188 64 53 45
198 199 80 53 29
101 140 27 6 0
68 93 74 40 13
73 113 17 16 15
186 189 9 2 0
137 174 91 48 34
174 195 99 35 24
169 175 33 15 9
31 190 57 26 10
18 174 49 15 10
78 133 37 13 12
44 81 33 15 6
174 200 34 9 0
161 181 36 22 17
129 159 29 26 24
60 93 78 67 61
34 127 2 2 2
109 179 96 78 62
116 137 43 16 10
92 131 6 3 2
145 187 43 16 14
89 125 24 21 20
84 149 61 60 60
45 183 9 4 2
60 64 80 64 64
9 45 29 19 14
53 97 85 33 27
185 192 83 51 41
90 184 22 7 7
164 191 63 57 54
76 158 90 75 73
96 183 55 47 47
19 125 96 56 56
29 46 38 13 1
1 112 83 76 71
131 147 27 11 1
44 166 88 49 13
168 177 82 54 41
163 187 17 14 14
17 151 72 72 72
133 145 27 16 13
124 199 13 13 13
124 191 49 34 21
20 47 98 46 25
35 75 56 28 11
81 151 12 5 0
23 127 48 39 39
48 162 18 0 0
123 125 75 59 57
31 105 26 19 18
2 142 1 1 1
42 169 4 4 4
194 195 99 59 40
112 152 20 19 19
13 73 59 18 16
27 47 0 0 0
193 197 0 0 0
32 174 45 36 28
113 145 24 22 21
174 184 49 18 12
107 132 47 37 33
195 199 75 59 58
29 68 70 47 40
57 125 83 14 5
187 191 99 34 33
197 198 72 48 29
13 20 32 27 26
183 198 7 6 5
172 198 18 7 6
86 178 56 23 17
36 108 24 3 3
161 193 11 7 4
16 95 9 5 3
42 163 88 41 8
93 117 71 52 37
112 164 34 5 3
143 193 85 73 70
40 45 32 14 3
5 102 76 59 49
191 195 8 8 8
181 191 16 4 1
123 124 46 34 29
64 66 15 13 12
85 154 71 71 71
138 199 76 60 60
80 98 85 30 1
89 147 42 8 2
44 186 22 17 17
3 5 86 85 84
138 158 57 49 48
131 154 97 66 54
36 100 81 49 27
36 116 90 59 56
191 192 58 51 50
22 105 74 28 19
73 155 12 10 9
100 109 64 25 4
95 183 67 14 8
188 196 63 22 21
103 115 35 10 8
50 57 59 41 25
125 156 7 4 4
179 191 78 70 67
60 152 56 52 49
172 178 37 1 1
12 186 68 55 46
50 100 15 13 12
6 115 70 48 48
60 189 56 54 52
48 92 39 15 11
28 158 90 55 25
100 172 28 17 17
164 168 90 51 51
122 180 38 28 22
94 127 79 33 8
86 89 77 58 50
145 148 51 26 26
3 48 52 40 38
4 20 70 19 19
184 185 74 39 37
103 192 24 22 20
179 198 66 27 14
111 127 92 69 62
143 158 63 6 5
70 147 80 15 15
134 183 79 69 66
83 192 48 6 5
186 193 83 49 42
115 197 68 56 56
148 168 5 2 2
21 153 53 35 21
142 164 69 11 2
140 184 73 19 11
111 178 29 11 6
54 69 13 8 6
25 151 59 41 27
89 168 29 14 3
33 45 4 4 4
63 182 97 49 21
144 146 17 2 0
39 75 10 4 1
98 182 91 67 60
48 137 71 53 47
93 109 52 28 18
2 75 8 5 3
133 148 8 5 5
131 152 59 48 37
51 112 68 26 24
76 181 19 12 12
144 158 7 0 0
109 181 52 35 25
55 117 60 49 46
81 85 59 40 37
87 139 32 30 30
23 25 49 26 13
152 169 59 14 7
84 104 87 29 22
64 188 86 82 80
126 136 1 0 0
101 116 15 4 3
114 130 33 23 19
112 178 8 6 6
71 188 51 10 3
107 182 53 45 45
80 180 17 9 1
188 194 73 39 18
64 142 99 48 46
98 118 30 24 23
15 63 60 39 38
163 189 85 36 29
52 75 37 30 29
168 169 74 72 72
30 60 98 55 31
13 94 24 4 3
62 78 37 12 8
92 137 29 22 15
142 147 30 18 18
107 155 25 14 8
91 110 19 6 5
75 158 54 22 0
83 125 54 31 26
140 155 53 12 3
48 73 86 50 24
118 132 66 61 56
92 144 73 34 14
23 147 90 51 48
31 37 54 10 7
31 188 58 44 40
46 190 86 31 28
34 185 94 68 58
24 119 72 22 8
79 131 67 47 35
173 193 74 19 18
168 184 27 16 6
28 120 20 7 1
139 163 71 58 57
43 167 40 35 34
108 137 9 8 8
31 95 76 74 74
120 157 14 4 0
22 29 95 35 10
148 152 94 27 0
23 151 19 9 2
89 123 65 64 63
65 195 19 19 19
110 134 28 17 15
174 177 29 17 13
76 189 33 18 14
59 108 68 32 9
6 22 29 22 18
93 156 98 63 40
195 198 72 34 32
133 181 63 40 22
123 196 97 64 41
100 197 5 2 0
37 63 82 68 65
120 197 22 20 20
4 139 41 15 12
162 188 1 1 1
112 113 60 27 8
76 121 72 58 58
28 192 15 12 12
168 194 59 53 50
104 114 13 2 0
66 76 22 5 0
49 139 77 24 9
108 187 23 19 17
68 114 71 64 64
22 114 49 42 42
100 152 19 6 0
175 179 29 15 4
87 94 100 60 59
94 199 89 77 77
49 138 22 7 2
108 160 19 17 17
57 145 83 25 14
16 50 65 38 33
137 184 18 15 12
11 77 87 23 3
125 192 4 2 0
17 153 42 11 4
134 162 2 1 1
109 127 99 86 76
24 127 90 43 7
2 183 66 63 62
180 196 61 50 46
163 172 51 36 28
45 50 44 13 10
134 196 25 21 19
143 159 61 25 21
171 174 61 54 54
76 141 81 72 72
17 116 4 4 4
44 140 60 59 58
112 133 88 80 75
110 178 64 6 5
140 185 63 14 10
144 173 9 3 0
75 102 39 35 31
50 86 78 62 57
129 176 62 28 27
126 150 44 21 18
44 136 61 54 52
36 103 56 27 22
114 165 95 41 0
122 163 88 77 76
87 199 58 29 16
151 184 5 2 2
62 93 26 25 25
65 185 45 5 3
122 160 80 34 6
31 124 95 63 38
152 157 47 31 23
187 198 13 9 9
163 168 43 7 7
58 137 85 78 76
5 127 58 30 13
16 92 33 13 1
53 116 41 38 37
49 191 2 2 2
186 197 2 0 0
74 187 72 22 17
181 195 22 7 4
73 75 89 54 45
182 188 64 27 8
140 180 26 16 7
126 146 66 49 42
62 196 91 57 52
137 192 46 37 36
173 190 77 13 6
71 98 29 28 28
72 73 30 17 6
168 185 7 6 6
106 176 36 21 16
75 168 70 54 42
37 142 89 87 87
31 67 46 32 27
20 145 66 40 37
105 192 2 1 0
138 198 74 31 26
79 119 46 35 35
100 113 84 67 63
138 144 21 18 18
77 92 44 18 1
124 130 64 33 12
183 184 64 17 17
149 157 28 21 18
123 140 67 34 25
161 172 37 23 19
159 192 63 44 44
8 178 31 28 27
17 117 55 46 41
10 62 38 29 29
129 135 12 4 2
3 197 64 52 51
102 110 42 38 35
95 124 88 50 36
52 188 10 9 9
140 200 90 54 28
34 138 91 83 76
17 175 49 28 18
127 153 36 31 26
170 193 73 49 49
1 140 5 5 5
91 196 0 0 0
154 173 26 8 6
78 165 46 45 45
100 142 25 11 7
85 182 6 5 5
129 196 4 3 3
173 177 15 5 5
115 129 24 3 0
5 78 23 18 14
18 198 40 22 18
70 175 33 14 12
188 193 6 0 0
174 180 99 78 59
21 22 22 21 20
39 178 50 50 50
42 55 73 28 25
128 187 95 59 31
38 76 66 63 61
118 120 36 31 31
48 193 2 2 2
58 61 63 55 53
35 134 51 40 40
132 191 41 36 35
105 193 26 15 11
22 185 78 28 0
164 176 26 26 26
85 163 94 66 51
16 126 7 5 3
126 189 70 45 25
128 171 30 15 12
25 165 71 62 58
38 61 77 29 1
62 151 95 88 83
158 165 15 12 12
154 180 29 15 4
8 186 44 18 16
104 108 74 70 69
11 60 21 21 21
138 191 34 9 3
156 197 64 50 37
81 160 86 78 75
43 109 54 30 30
38 39 3 2 1
37 89 18 6 2
156 195 62 18 7
136 182 7 7 7
114 194 25 17 12
64 161 83 71 65
8 78 22 16 12
132 157 89 57 55
108 142 22 12 11
16 146 50 9 8
163 182 61 59 59
28 121 6 3 1
89 98 10 6 4
82 190 35 24 23
86 196 40 12 4
114 160 72 25 24
74 157 42 27 13
71 139 92 68 61
6 116 63 41 21
129 130 62 52 49
120 150 55 23 9
12 56 83 42 37
113 199 36 28 24
165 182 36 18 15
9 55 94 74 57
135 169 67 32 23
11 127 6 3 0
77 140 48 34 20
7 35 92 74 70
127 193 94 60 51
79 189 36 22 21
41 195 32 22 22
161 170 13 8 3
106 155 32 12 2
75 170 83 65 61
9 179 71 30 17
140 192 92 56 49
145 188 50 49 49
69 174 78 74 74
65 72 24 23 23
160 173 89 62 44
103 179 47 26 21
179 197 63 50 38
94 126 76 62 53
165 189 67 54 50
95 139 20 17 17
67 166 9 8 8
140 153 43 38 36
62 105 81 45 9
158 187 34 33 33
78 173 72 31 28
139 156 58 53 52
31 79 77 68 61
173 191 100 76 58
23 200 43 7 4
18 169 37 22 20
161 198 48 45 43
34 88 31 28 26
158 175 15 8 3
45 168 91 54 20
164 167 12 2 0
88 114 0 0 0
75 132 28 27 26
74 177 19 16 15
104 159 93 92 91
47 164 7 6 6
66 92 67 25 24
7 49 57 56 56
50 173 7 7 7
183 186 77 35 20
115 161 56 22 9
122 139 33 16 14
27 143 100 47 16
53 64 65 60 58
128 196 38 20 9
47 56 45 36 34
64 107 80 65 64
96 178 93 74 63
166 188 3 3 3
54 182 100 39 12
125 149 38 32 26
13 71 69 20 20
152 153 4 2 2
68 145 33 32 31
177 192 73 54 39
4 73 62 48 35
10 129 87 69 67
38 65 7 4 4
92 107 69 38 32
76 163 92 89 89
172 175 60 15 6
134 158 94 81 78
82 94 49 42 41
44 84 51 45 43
7 144 47 15 9
51 133 99 84 70
169 192 84 84 84
126 185 83 76 73
177 191 87 3 2
78 134 73 47 33
87 140 90 43 30
21 134 35 30 27
1 133 92 90 90
87 92 32 8 4
184 199 29 19 14
152 159 72 69 67
106 136 98 65 42
156 172 50 35 26
58 112 39 29 23
87 117 24 9 5
54 74 32 20 9
149 185 78 35 19
35 133 12 7 5
24 200 85 70 69
152 198 35 20 15
168 171 76 19 7
38 96 43 33 32
48 188 47 16 12
154 192 81 26 12
133 177 86 28 5
84 127 10 8 7
72 91 89 72 55
82 145 29 9 2
10 19 82 67 55
103 199 89 52 21
26 83 38 36 36
9 94 71 31 23
124 137 27 11 7
111 198 100 90 82
36 157 75 56 49
96 184 81 45 32
84 102 72 58 52
184 196 53 53 53
110 191 5 1 1
95 128 28 7 1
89 102 14 3 1
39 185 73 24 8
156 157 6 3 0
141 174 98 65 53
181 193 44 17 5
119 144 14 8 5
150 200 63 47 32
22 183 91 91 91
154 169 40 11 11
75 143 98 84 82
55 199 67 38 30
27 99 9 5 5
170 186 52 35 32
146 187 95 50 19
45 115 9 1 0
24 166 16 8 7
160 178 75 34 21
136 164 100 55 37
68 146 3 2 2
32 74 30 16 11
76 187 83 42 16
112 155 7 0 0
5 92 77 58 52
157 187 54 26 15
83 115 15 15 15
48 115 54 52 52
153 157 87 86 86
196 198 63 46 33
14 106 75 41 20
123 159 59 33 28
4 125 58 41 33
115 137 20 16 16
16 165 8 6 6
75 178 52 13 7
148 175 45 23 23
6 121 11 5 4
132 155 23 15 15
88 158 37 37 37
121 134 51 26 17
184 197 26 23 23
194 200 3 1 0
94 187 78 64 61
193 196 29 14 14
97 192 94 38 24
75 109 98 37 33
178 184 52 20 1
96 132 38 9 5
171 195 16 3 3
82 183 56 33 15
156 196 28 19 19
31 122 64 44 35
181 187 54 17 12
9 35 59 35 17
12 20 19 18 17
178 182 23 10 3
156 181 42 27 15
32 163 10 3 3
60 103 29 8 4
121 186 34 29 29
160 176 48 32 19
113 184 0 0 0
192 197 1 1 1
18 191 3 1 1
137 194 49 39 31
39 108 70 65 65
44 114 83 77 77
125 185 17 12 12
49 153 6 3 2
26 131 24 9 4
8 44 76 28 3
74 150 97 71 56
75 176 86 83 83
31 71 77 60 59
172 188 98 45 41
50 69 90 28 19
76 139 0 0 0
76 117 33 28 25
121 180 98 62 57
182 200 46 43 43
179 194 27 12 12
100 114 47 20 6
103 166 54 22 3
152 196 24 23 23
180 181 59 32 14
116 150 15 11 7
58 108 56 26 24
155 164 88 67 67
95 190 85 51 30
66 102 80 55 43
77 192 83 19 7
110 136 42 33 27
31 91 99 64 43
70 99 23 12 12
158 193 63 36 9
146 158 71 22 17
144 195 29 16 10
183 185 77 47 28
152 177 46 27 20
131 199 56 33 12
29 164 7 5 4
146 190 89 63 47
156 184 28 6 1
31 189 12 10 9
46 105 79 44 17
115 148 53 9 5
39 195 12 4 2
92 124 32 18 10
74 133 63 43 33
146 183 10 7 7
137 183 45 36 29
118 141 100 92 90
1 48 16 15 14
137 156 13 9 9
93 187 61 39 26
155 185 7 4 1
27 184 18 14 12
83 99 89 57 31
111 114 37 8 4
107 194 62 26 3
95 185 41 31 21
132 168 93 22 20
58 129 57 53 52
3 168 48 26 24
140 171 10 3 0
121 124 31 23 16
26 84 14 6 4
166 176 30 14 5
5 148 23 23 23
13 40 28 3 2
30 111 31 30 30
44 79 29 28 28
88 109 16 13 10
195 200 73 27 27
11 182 26 24 22
49 141 13 13 13
159 178 27 23 21
163 192 74 32 28
155 171 99 94 89
53 162 39 32 27
143 194 43 27 20
23 185 18 18 18
62 168 92 53 30
167 174 95 84 80
186 191 63 33 3
71 74 74 50 29
195 197 60 59 59
69 169 79 60 50
1 143 97 86 85
98 156 46 12 11
21 169 78 61 55
141 199 98 54 37
16 192 21 12 5
76 92 39 29 27
29 180 33 3 0
120 136 85 82 80
95 171 99 43 12
9 168 52 43 37
138 157 96 38 18
40 131 58 9 6
62 106 98 76 72
97 185 34 12 8
153 155 75 62 59
121 147 4 3 3
12 69 97 69 66
61 134 46 42 40
77 199 100 31 24
111 173 38 16 12
105 197 31 18 12
43 144 37 16 14
194 199 36 4 0
67 179 86 49 45
64 145 32 9 5
131 141 100 53 30
93 180 18 11 4
43 146 15 14 13
170 173 47 38 34
132 199 92 64 53
23 132 77 68 66
82 119 99 55 22
6 79 81 75 73
79 141 66 63 60
15 33 40 23 18
170 185 75 50 33
108 132 41 30 30
112 186 39 36 35
27 53 20 7 6
84 199 60 2 0
49 143 51 23 22
30 121 100 68 49
14 30 83 59 59
129 132 96 50 13
155 196 40 40 40
59 185 99 83 83
176 198 61 12 1
161 169 15 6 1
107 131 57 48 47
30 160 48 35 24
140 143 92 85 83
121 128 61 0 0
55 62 25 10 8
66 161 14 12 10
51 124 44 42 40
93 112 45 45 45
86 163 71 56 48
136 194 53 47 43
33 39 7 4 3
190 198 100 92 92
132 180 35 10 7
167 179 39 12 3
62 87 87 27 14
155 169 22 12 11
63 167 92 71 71
145 200 94 81 77
72 140 82 81 81
160 170 37 19 10
119 193 81 39 27
164 197 30 28 28
142 157 21 17 13
95 175 40 27 27
69 93 13 10 9
179 184 44 43 43
105 146 26 9 6
171 196 45 40 36
81 97 92 46 7
149 175 43 30 28
156 200 24 14 7
125 142 48 37 34
94 135 71 50 34
63 154 53 50 48
6 20 21 2 2
188 199 0 0 0
66 101 97 62 49
56 117 84 64 50
151 152 80 43 14
154 176 11 9 8
129 158 2 1 1
61 137 72 46 30
78 80 4 3 2
19 115 83 77 77
2 18 74 66 62
186 188 90 22 20
193 198 41 19 6
105 133 100 54 42
121 199 34 33 32
167 175 14 11 9
34 122 26 26 26
75 105 30 16 14
166 183 41 33 32
150 193 59 26 20
101 127 92 42 35
64 143 17 7 4
72 123 14 7 3
138 188 25 17 17
142 161 53 37 35
154 187 74 12 4
82 195 74 37 25
119 200 46 18 6
13 43 78 51 35
141 158 19 11 11
152 190 63 29 14
55 170 29 25 25
14 118 46 41 40
119 123 85 44 19
131 150 64 46 30
32 181 41 15 13
80 133 41 39 39
61 147 13 9 8
53 103 7 5 5
121 182 60 11 2
2 80 93 68 62
166 190 14 14 14
95 141 0 0 0
24 36 93 72 54
57 102 25 8 7
119 195 4 3 2
36 134 51 22 7
103 197 34 4 3
38 148 76 59 49
109 131 10 9 8
79 102 18 16 14
101 103 40 18 7
115 177 7 3 2
27 197 92 82 77
141 176 4 1 1
193 200 0 0 0
85 106 17 17 17
1 83 55 41 27
120 147 9 5 3
167 168 78 43 8
170 184 17 4 2
170 178 25 14 12
97 190 76 59 55
96 135 43 20 8
123 170 70 51 35
44 75 29 29 29
142 176 0 0 0
176 185 44 23 7
77 105 56 50 50
110 147 84 67 54
137 186 15 14 14
67 140 13 2 1
99 107 33 29 29
85 115 42 41 41
62 200 87 76 72
6 58 43 33 27
5 160 28 17 16
172 184 67 60 60
165 167 47 13 13
39 140 17 12 11
145 162 37 22 22
23 176 4 3 3
114 139 99 40 29
147 150 80 43 35
32 57 38 24 14
139 182 34 29 25
21 186 61 42 37
190 197 9 8 7
52 175 83 60 38
89 173 15 13 11
165 168 56 43 38
16 97 48 35 31
173 178 64 23 1
98 166 40 29 18
50 162 12 11 11
46 103 54 51 51
87 177 59 51 44
95 97 85 42 39
22 117 57 14 11
40 78 92 71 57
98 160 28 13 12
128 163 32 28 28
19 168 40 30 30
105 180 85 55 51
154 165 44 35 34
94 123 11 8 6
183 197 53 28 24
38 153 63 25 18
104 118 56 37 34
150 186 86 43 28
77 110 22 13 13
74 101 16 16 16
29 135 77 63 61
20 158 15 15 15
147 199 3 0 0
4 72 14 9 6
42 59 73 33 11
121 174 21 18 18
38 193 65 64 64
46 77 59 37 37
27 28 67 45 28
147 151 5 4 4
172 183 54 31 25
82 126 66 57 53
141 157 23 15 8
53 174 38 26 24
55 148 58 27 0
10 168 54 33 27
38 58 94 42 30
137 181 45 27 20
154 175 74 35 32
17 193 10 4 2
60 63 95 43 15
75 156 9 9 9
102 170 81 61 48
133 186 55 25 14
148 155 71 69 69
131 161 17 11 6
78 186 23 12 6
36 167 84 80 79
70 200 37 27 21
30 55 76 40 26
153 177 49 47 47
34 193 34 33 33
79 165 76 74 74
71 86 98 82 67
141 151 84 84 84
159 168 47 25 15
119 197 66 19 18
138 176 34 21 8
13 92 45 11 7
185 195 64 35 29
8 152 8 4 1
135 179 4 1 1
176 181 36 20 11
11 131 25 9 2
137 191 10 9 8
189 198 80 28 16
133 173 87 80 77
20 123 17 12 11
118 149 70 22 16
38 72 84 48 13
122 169 32 18 4
107 114 20 13 12
153 189 24 12 11
125 153 82 56 55
89 188 96 87 80
75 167 29 27 26
11 31 62 39 26
3 112 89 37 27
129 162 1 1 1
44 46 48 41 41
155 160 21 6 2
54 171 20 16 14
89 192 98 66 66
166 178 13 10 9
164 198 57 47 44
13 111 90 45 28
133 163 11 6 6
81 90 84 72 66
81 106 78 63 62
163 198 45 12 2
51 152 72 37 25
62 77 18 11 5
140 152 18 12 12
60 163 6 3 1
185 191 90 57 25
129 187 93 15 0
25 130 4 2 1
65 103 96 68 58
5 79 100 59 48
11 125 8 2 2
111 161 97 18 7
172 191 84 59 40
185 194 81 53 42
194 197 35 19 17
107 136 83 57 31
178 192 75 47 30
108 166 78 44 25
140 183 5 5 5
142 145 58 53 51
100 170 25 10 9
172 193 92 38 30
22 163 96 89 86
50 105 94 63 54
11 153 99 21 6
162 178 43 37 36
123 152 68 57 54
8 64 11 10 10
163 196 1 1 1
154 157 5 5 5
119 170 60 22 7
177 199 69 46 29
83 167 49 35 26
154 183 52 37 34
176 197 30 16 12
109 141 36 16 8
115 116 13 8 6
68 124 3 1 1
101 142 99 63 31
118 163 94 62 61
156 167 94 78 64
8 53 25 19 15
66 114 40 33 33
53 161 9 6 6
12 30 80 70 62
67 173 66 20 0
50 52 0 0 0
41 169 31 26 22
38 79 7 7 7
165 171 79 43 23
120 137 30 18 14
111 123 37 24 24
191 197 95 44 9
151 181 98 74 55
137 185 8 1 0
23 198 48 13 7
92 106 21 16 15
97 147 33 17 12
117 156 34 13 2
112 200 59 44 42
122 192 18 15 12
129 145 71 22 13
20 80 82 65 60
71 172 64 28 19
37 110 49 16 15
96 167 38 19 16
20 199 69 29 10
131 165 40 24 21
50 189 77 38 35
108 170 4 3 3
79 161 43 31 29
53 90 74 63 52
39 64 1 1 1
184 200 13 9 5
145 182 43 29 29
77 141 95 91 88
14 46 62 19 14
107 191 94 91 90
168 195 27 27 27
40 151 31 18 16
87 194 85 59 53
171 199 84 77 74
130 155 30 28 28
4 169 87 61 57
143 157 0 0 0
109 177 73 48 39
69 195 74 74 74
21 93 13 9 8
108 164 7 4 4
62 192 78 62 46
60 68 28 14 3
30 133 47 47 47
106 110 5 1 1
47 125 15 6 2
176 191 87 26 14
38 62 17 13 9
187 192 88 71 70
128 169 18 16 16
46 153 9 9 9
86 143 78 51 43
139 150 100 82 81
159 169 52 22 13
19 137 97 54 29
62 183 18 8 0
42 130 0 0 0
108 189 32 15 7
64 146 93 58 34
9 154 32 29 29
80 192 38 31 26
103 159 28 13 5
19 148 45 29 16
124 143 77 37 5
90 126 74 55 54
27 117 44 36 33
55 175 1 0 0
40 86 54 26 1
78 190 35 22 14
123 147 45 36 35
154 178 63 16 7
104 193 37 23 9
34 50 4 3 3
31 110 78 41 23
145 183 84 18 4
25 107 56 53 53
189 195 10 4 1
71 200 35 24 24
157 165 5 5 5
14 101 1 1 1
20 54 87 57 56
68 126 22 12 3
87 179 62 53 52
139 155 84 19 10
30 66 33 14 14
80 115 43 13 12
130 181 52 19 17
84 91 79 32 15
60 107 72 64 64
136 189 35 18 4
5 111 15 14 13
187 188 45 36 32
124 175 50 15 1
88 199 60 28 28
104 139 52 50 48
33 162 40 10 6
49 79 35 31 31
69 110 72 39 14
38 94 96 30 21
179 180 60 58 56
79 178 3 3 3
172 194 74 14 11
44 127 17 15 15
81 111 48 43 40
100 139 22 11 2
12 124 75 39 29
48 200 35 18 4
114 145 56 39 25
113 114 55 29 15
125 180 95 81 76
20 170 14 9 9
48 75 77 40 28
110 111 75 61 53
57 94 86 69 52
123 144 93 66 59
96 154 47 37 35
190 193 30 21 12
143 160 9 9 9
115 136 26 23 20
15 74 10 8 8
147 193 89 52 36
61 164 73 30 0
69 191 83 32 6
140 169 50 34 26
10 17 36 19 2
148 159 86 40 20
102 179 84 13 12
56 110 22 10 1
129 139 87 87 87
99 153 87 53 23
108 162 66 48 47
11 175 50 29 8
117 163 97 25 6
135 178 49 44 44
6 84 6 4 4
101 122 82 28 21
194 196 6 3 3
98 178 3 2 2
100 169 70 51 41
180 197 82 31 9
123 134 51 15 12
109 194 0 0 0
129 151 77 76 76
149 192 24 5 2
86 138 86 61 41
54 103 99 84 74
182 197 10 3 2
137 196 0 0 0
5 191 10 9 9
162 169 1 1 1
155 165 61 40 33
9 186 53 22 8
181 190 40 28 16
42 157 44 22 4
1 66 55 54 53
83 165 91 24 6
19 60 44 14 9
128 178 3 3 3
26 69 12 10 10
51 89 77 54 41
170 176 80 51 35
148 189 36 27 27
75 190 59 30 16
183 190 73 50 43
59 198 89 59 45
101 163 88 66 62
56 86 51 47 47
64 112 98 48 26
175 187 26 20 20
74 148 7 4 4
95 115 48 38 28
113 193 46 28 25
20 63 72 17 11
113 138 83 26 22
47 198 52 21 19
26 63 47 26 25
42 149 82 52 46
95 142 58 44 41
116 182 89 69 58
108 127 38 11 0
30 155 65 24 18
60 94 18 15 13
12 59 55 33 12
64 118 80 15 14
171 184 62 15 15
111 131 38 28 21
73 164 74 50 40
31 101 42 40 40
25 85 17 7 6
141 150 25 10 3
106 134 53 15 7
115 133 12 7 2
171 198 11 7 6
192 195 51 42 40
66 198 71 44 35
87 143 7 1 0
63 122 0 0 0
5 9 46 28 14
190 192 55 34 24
150 151 71 58 57
41 139 50 34 34
65 115 30 15 14
78 84 81 46 44
97 159 41 30 19
32 97 91 65 41
94 96 29 27 26
157 182 3 1 1
76 98 19 10 5
153 173 27 15 7
23 125 69 9 0
125 155 20 15 12
100 190 2 2 2
144 148 10 5 1
184 193 46 27 10
20 122 61 34 17
162 163 24 15 10
29 69 72 37 34
170 200 15 7 4
176 178 36 32 31
159 172 71 33 16
36 117 62 53 53
161 196 20 19 19
152 154 74 48 37
175 188 70 38 28
126 142 32 18 16
58 164 88 42 22
60 123 52 40 37
123 172 76 74 72
98 177 2 2 2
189 194 58 23 16
157 192 9 4 2
188 195 61 56 55
109 121 62 33 20
131 149 12 7 3
92 194 6 4 4
23 94 58 35 16
169 200 22 20 18
127 157 83 65 65
129 167 0 0 0
11 28 54 28 16
160 186 74 11 10
79 100 30 14 9
82 189 40 34 28
88 190 36 24 12
166 200 51 46 45
133 134 67 53 39
37 188 60 34 12
130 194 78 29 27
121 167 97 65 58
179 190 44 28 19
25 154 25 10 0
47 59 79 75 74
146 186 47 42 38
43 103 22 14 14
151 180 17 2 0
116 166 14 10 8
101 154 53 28 25
113 123 34 28 25
82 148 54 18 4
24 176 34 14 12
141 152 1 0 0
170 175 2 1 0
107 153 19 9 6
116 183 64 51 48
141 200 87 22 12
49 69 32 30 30
135 145 81 50 35
61 182 95 33 13
22 63 82 45 10
46 59 63 36 28
171 188 79 59 41
6 60 63 27 5
156 166 72 35 19
78 142 17 4 4
182 183 53 23 21
166 182 77 60 44
91 134 98 50 17
30 150 91 82 78
63 172 67 53 47
159 197 38 16 14
151 183 14 6 6
63 115 60 31 31
58 192 19 6 3
77 114 42 8 7
29 72 53 44 44
128 179 28 25 25
73 122 51 38 34
146 178 44 24 21
101 143 43 37 37
117 124 39 29 22
24 26 33 20 20
113 140 31 19 18
137 155 33 24 24
122 174 26 24 24
102 158 39 27 18
60 84 99 65 63
133 197 21 16 15
40 171 81 36 20
187 196 83 19 4
157 160 33 22 22
11 19 77 71 67
89 167 66 45 40
77 135 97 75 74
20 53 100 78 56
176 179 75 49 41
107 152 97 54 35
169 196 87 26 14
156 170 76 53 38
89 195 26 17 15
110 164 55 43 38
64 169 14 5 4
86 133 34 20 14
126 157 17 5 4
121 198 2 1 0
151 173 2 0 0
95 126 88 52 36
127 199 50 50 50
103 170 17 10 5
145 172 45 27 25
28 151 98 68 62
118 145 11 5 5
42 184 0 0 0
37 113 5 4 3
161 185 53 46 43
142 183 55 31 25
108 198 25 19 17
147 158 25 22 21
77 107 13 12 11
152 200 36 4 0
113 194 1 1 1
137 170 67 44 35
88 200 87 56 50
20 76 20 12 7
32 77 93 70 70
159 199 74 43 36
142 189 25 13 6
60 185 14 2 0
153 174 89 56 55
69 125 34 9 7
182 190 95 53 49
164 194 27 8 3
9 149 34 30 28
159 190 90 87 85
10 83 42 40 40
14 159 10 8 8
161 192 26 7 4
140 189 56 48 45
132 195 67 24 19
61 105 79 31 28
157 180 58 19 0
90 98 49 37 31
81 133 36 20 6
165 186 50 45 45
136 179 75 58 48
63 190 72 58 45
158 166 27 17 11
131 200 3 2 2
82 116 28 21 21
99 195 81 31 31
100 194 15 9 8
101 165 49 26 26
118 122 72 66 60
1 73 72 33 33
23 55 75 67 60
128 197 1 1 1
133 158 50 9 6
55 181 67 26 10
39 163 59 9 5
152 171 10 3 1
16 99 46 41 38
106 177 5 5 5
93 99 85 47 10
117 183 29 6 6
186 198 82 77 76
9 44 96 87 81
58 149 45 21 0
31 153 51 31 22
182 199 97 94 93
185 193 33 5 3
3 113 65 47 34
182 192 84 79 76
186 199 7 3 1
17 113 36 24 13
93 102 68 34 20
72 175 91 54 28
40 97 98 48 42
29 86 54 41 41
159 187 23 16 14
168 189 93 74 70
25 193 58 13 11
169 173 96 31 10
88 149 15 6 2
98 102 97 55 55
26 159 92 72 56
53 193 20 12 6
19 39 70 35 23
132 140 0 0 0
4 78 65 28 17
56 96 71 58 48
17 46 84 34 17
102 140 65 42 42
140 187 91 40 8
40 59 53 13 9
32 84 31 30 30
18 200 63 28 25
74 75 52 41 36
8 29 41 39 39
80 166 40 36 34
5 14 33 12 5
66 104 15 5 0
89 141 90 28 0
150 197 7 7 7
19 119 71 63 60
70 77 0 0 0
62 145 96 85 78
116 135 5 4 4
94 172 17 15 14
59 112 31 24 22
110 180 66 43 26
58 161 95 47 44
91 171 84 34 13
84 100 82 40 23
74 191 59 44 33
115 195 46 21 21
71 114 26 22 19
162 164 63 62 62
15 93 15 11 10
54 75 64 30 14
36 45 86 31 19
21 104 33 12 12
157 197 89 56 29
109 113 64 41 27
15 85 98 77 76
168 179 63 54 48
73 161 54 19 7
72 192 46 36 33
18 184 99 61 36
166 171 88 76 72
185 199 59 28 26
155 161 94 51 50
60 146 16 3 3
6 47 11 5 2
107 117 25 16 16
43 73 90 78 76
114 200 58 30 26
7 126 54 27 13
49 130 9 6 5
49 197 17 12 11
68 105 81 11 3
19 46 76 37 25
113 195 96 80 80
180 198 24 15 8
91 188 97 87 87
4 67 22 22 22
173 176 16 8 8
95 98 50 41 41
167 187 8 3 3
71 197 48 33 29
177 184 88 28 9
146 151 76 16 3
42 53 33 6 2
64 200 25 20 16
155 186 86 43 36
49 171 72 69 69
145 169 95 92 91
1 125 26 20 14
40 182 77 63 62
105 181 27 13 13
155 200 89 56 43
74 105 6 3 2
146 157 84 61 47
16 41 23 20 19
180 186 96 84 79
84 138 92 48 10
100 193 29 10 3
147 171 14 6 6
102 197 24 10 8
143 188 74 7 6
28 30 45 27 17
134 141 52 35 34
25 168 12 6 2
158 190 44 3 2
107 195 53 37 23
14 53 73 39 20
19 200 70 23 21
71 178 100 97 96
135 165 70 50 34
8 136 25 5 0
27 109 67 39 25
60 172 52 42 35
61 181 36 4 2
65 119 89 22 22
30 79 33 23 23
143 149 52 27 19
50 90 46 31 29
175 195 17 16 15
97 156 26 1 0
155 167 68 12 12
10 97 32 23 22
91 149 2 0 0
164 170 62 31 15
64 67 73 61 58
39 102 78 72 67
85 96 19 18 18
137 197 95 27 22
92 173 28 24 24
145 167 94 92 90
36 153 56 39 36
24 197 95 84 82
39 51 20 13 12
110 150 43 33 25
79 133 98 34 0
36 133 45 42 39
1 199 37 18 14
149 165 72 40 35
104 134 97 33 13
42 126 54 17 16
6 26 24 6 6
137 147 20 20 20
92 96 75 55 50
136 152 34 13 10
91 181 94 80 78
16 102 1 1 1
1 155 72 65 58
101 141 93 27 9
127 129 28 18 14
38 51 12 12 12
69 85 43 38 34
136 200 29 23 22
81 153 82 64 63
25 147 8 4 4
164 165 26 17 9
38 185 30 14 8
68 84 74 69 67
149 152 32 8 0
47 186 45 34 29
17 191 4 3 2
92 164 66 17 14
66 187 86 64 52
167 192 42 42 42
145 160 92 30 8
65 196 42 40 39
183 196 66 39 29
134 157 33 20 20
1 86 88 50 27
171 178 21 12 7
149 200 80 33 32
119 146 54 34 27
169 182 93 87 83
55 128 34 17 2
128 167 59 35 15
98 147 19 12 11
115 166 74 25 5
48 50 34 4 4
161 176 13 12 12
79 149 98 59 51
90 141 55 41 39
138 141 35 21 11
178 200 39 0 0
146 162 80 53 48
156 158 91 58 57
20 107 85 17 13
2 109 0 0 0
36 124 81 23 14
77 88 47 26 10
50 101 28 25 22
38 180 44 41 40
32 139 62 57 55
69 116 17 8 3
182 198 22 17 16
82 173 75 35 6
147 195 25 14 5
153 176 67 33 25
63 159 80 69 62
59 137 19 14 12
74 138 18 4 0
151 155 5 2 2
86 199 32 17 15
145 159 86 68 59
67 131 75 73 73
159 177 47 16 4
147 187 45 27 19
17 20 97 62 28
14 77 1 1 1
126 193 91 80 80
158 180 70 28 11
10 151 75 46 39
92 161 52 26 21
121 140 58 55 52
52 183 49 46 46
31 121 54 12 12
69 95 40 32 24
72 131 57 26 21
59 117 82 66 65
73 117 11 1 0
35 45 38 31 28
110 193 91 62 50
45 164 7 6 6
101 131 22 7 0
155 199 27 16 6
28 55 69 50 40
197 200 11 8 7
91 106 33 27 25
162 176 33 22 18
130 145 14 10 6
21 116 76 34 26
95 167 38 32 27
55 86 13 9 8
66 123 77 17 6
87 187 11 7 6
76 196 11 11 11
17 167 30 4 1
100 134 12 7 7
88 168 21 8 3
69 98 70 20 9
1 127
2 25
3 104
4 173
5 119
6 119
7 71
8 79
9 177
10 165
11 263
12 127
13 154
14 122
15 83
16 169
17 199
18 106
19 263
20 305
21 114
22 183
23 179
24 138
25 99
26 67
27 148
28 164
29 130
30 187
31 296
32 154
33 120
34 91
35 94
36 216
37 87
38 210
39 126
40 214
41 48
42 219
43 65
44 115
45 138
46 199
47 91
48 144
49 126
50 195
51 99
52 54
53 145
54 120
55 229
56 141
57 134
58 195
59 192
60 230
61 228
62 281
63 306
64 239
65 156
66 182
67 106
68 118
69 230
70 83
71 155
72 188
73 189
74 177
75 340
76 136
77 354
78 267
79 283
80 102
81 123
82 217
83 148
84 242
85 165
86 296
87 255
88 114
89 245
90 131
91 253
92 351
93 247
94 280
95 251
96 157
97 280
98 213
99 167
100 223
101 381
102 265
103 372
104 226
105 308
106 144
107 289
108 202
109 238
110 291
111 239
112 186
113 215
114 317
115 254
116 180
117 196
118 112
119 289
120 96
121 281
122 193
123 269
124 299
125 337
126 188
127 314
128 187
129 224
130 108
131 255
132 231
133 324
134 297
135 231
136 246
137 321
138 341
139 314
140 357
141 384
142 279
143 375
144 213
145 375
146 372
147 285
148 323
149 388
150 281
151 260
152 360
153 320
154 271
155 367
156 374
157 415
158 386
159 323
160 354
161 259
162 128
163 381
164 345
165 344
166 279
167 338
168 509
169 392
170 297
171 324
172 444
173 408
174 286
175 376
176 310
177 284
178 351
179 285
180 357
181 377
182 474
183 395
184 407
185 557
186 497
187 553
188 430
189 381
190 428
191 501
192 449
193 521
194 340
195 451
196 329
197 404
198 467
199 539
200 540
