100 500
6 49 7 4 1
48 84 84 50 49
45 67 59 30 11
37 48 35 26 17
81 89 58 53 52
25 79 100 64 47
45 60 35 19 9
6 40 76 61 54
20 35 81 21 13
53 56 91 81 81
31 41 24 8 4
43 94 13 10 9
34 61 41 31 27
60 80 19 6 5
72 86 55 29 8
56 58 62 28 27
62 98 41 27 22
31 58 6 2 1
18 21 90 89 89
53 67 89 79 77
64 85 51 45 39
71 83 89 35 11
43 97 96 96 96
66 76 90 55 34
39 67 75 58 56
85 100 92 42 25
55 93 15 12 12
5 23 34 34 34
61 81 87 58 42
81 98 4 2 0
2 92 43 15 2
4 46 27 25 23
63 95 4 2 1
38 64 84 80 79
11 86 85 74 72
98 100 84 71 63
50 75 28 23 21
34 87 9 7 6
1 64 99 27 27
93 97 99 84 71
76 80 92 55 51
98 99 81 48 17
86 97 2 1 1
36 67 34 27 25
80 98 73 28 0
59 78 66 23 5
30 74 65 61 61
96 99 32 8 0
94 96 7 0 0
44 68 76 68 67
58 76 79 67 57
37 91 100 54 26
37 61 56 55 55
40 75 8 6 4
83 88 94 46 31
79 80 42 36 30
95 99 89 32 17
53 96 89 47 39
67 73 90 29 27
61 94 45 33 27
6 32 81 35 23
75 90 89 26 6
42 78 94 81 81
3 6 98 58 48
49 52 51 31 22
90 97 58 46 35
44 58 85 82 82
63 100 34 9 2
40 53 24 8 0
99 100 47 11 6
7 73 22 19 19
56 69 64 57 53
54 99 61 26 15
26 99 7 6 6
36 81 66 49 35
63 75 24 5 0
37 47 46 26 20
51 54 78 58 49
41 95 16 3 2
23 44 80 66 63
42 53 73 48 31
53 86 92 52 13
52 57 88 24 20
64 73 91 44 37
7 13 61 60 59
72 100 83 45 17
82 86 94 15 7
38 68 11 10 9
22 71 67 40 31
52 89 95 37 19
97 100 79 76 76
53 93 4 3 3
80 90 19 16 15
90 98 53 34 32
48 96 4 1 1
56 61 1 0 0
2 83 45 31 19
65 89 23 20 18
39 86 53 46 44
65 74 36 17 14
5 82 12 6 1
49 71 42 21 11
89 91 34 27 22
64 83 48 29 19
39 49 84 49 47
65 67 32 23 14
41 87 92 11 11
57 98 3 2 2
51 75 97 69 45
24 60 10 9 9
48 66 97 76 71
90 96 55 25 7
80 100 42 23 21
19 23 79 60 60
37 60 93 80 72
86 91 5 5 5
88 99 85 52 22
46 49 98 93 93
28 62 92 53 50
86 88 67 59 58
56 59 59 26 25
81 99 0 0 0
5 65 67 51 37
23 31 94 51 49
33 42 10 5 5
12 89 9 7 7
81 92 1 1 1
15 76 16 10 10
65 85 79 37 30
58 68 4 1 0
48 99 14 14 14
5 95 79 22 14
46 100 34 30 29
66 95 95 14 11
70 87 9 8 8
13 66 96 34 23
14 94 69 24 19
19 54 66 8 1
56 57 57 34 16
9 36 81 64 59
79 94 55 40 34
76 87 34 26 24
27 51 54 30 9
69 99 0 0 0
61 88 100 62 62
3 18 66 55 52
75 85 32 23 15
89 97 100 58 55
11 87 89 81 80
10 69 26 19 18
61 71 45 19 2
65 81 52 45 42
53 89 100 26 7
68 77 86 76 66
92 93 6 6 6
14 35 10 7 6
26 98 28 14 9
77 86 9 4 3
72 79 60 28 18
15 45 24 24 24
29 52 50 38 34
3 79 8 6 5
4 63 93 68 65
87 89 6 6 6
1 45 91 49 16
57 80 92 57 43
22 48 26 12 10
43 71 5 1 0
10 67 58 17 16
21 32 13 7 2
77 98 97 46 37
29 82 76 67 59
5 53 0 0 0
38 49 100 52 43
48 58 68 62 62
60 65 58 34 21
60 79 82 28 11
61 80 25 12 3
20 55 72 31 18
78 87 34 19 16
54 80 75 22 8
9 39 69 48 36
16 78 3 3 3
27 89 4 2 0
33 95 74 32 20
32 33 94 68 68
53 79 38 31 27
33 57 44 36 30
51 99 52 32 32
61 75 10 8 8
88 92 0 0 0
54 78 89 81 78
82 92 75 40 25
33 63 43 18 4
45 56 3 2 2
9 26 97 89 83
33 96 4 0 0
45 53 100 38 0
69 80 13 11 10
91 95 9 5 1
53 98 87 79 72
97 99 34 21 14
84 90 5 3 2
60 71 41 31 27
67 79 37 19 17
75 93 40 30 24
79 92 56 52 51
29 98 78 75 75
42 65 51 46 46
43 85 62 40 29
57 67 48 34 33
90 93 47 26 19
90 95 59 28 24
71 96 65 59 58
38 44 38 26 20
84 87 13 7 7
92 94 89 41 10
80 85 67 55 54
77 94 82 65 56
58 98 10 2 2
82 88 62 52 51
90 99 26 5 5
78 79 85 58 41
5 9 31 27 27
19 61 12 2 0
47 78 72 66 63
78 82 67 39 22
48 91 83 64 48
66 80 67 59 54
9 51 44 21 16
92 95 93 68 63
85 99 27 15 13
78 86 86 73 73
83 86 83 42 29
33 36 88 88 88
5 10 38 20 6
51 55 6 2 1
28 48 61 29 14
57 65 5 3 1
41 88 94 86 81
45 90 77 42 37
9 28 17 7 5
33 69 28 8 4
83 91 31 12 5
54 58 47 46 46
71 78 78 10 7
63 73 87 33 30
24 69 91 69 61
43 89 80 45 10
90 92 10 0 0
23 88 82 36 26
76 90 38 26 18
56 88 54 29 26
25 47 71 38 37
29 89 48 6 3
64 90 1 1 1
30 41 15 10 9
92 98 34 31 30
26 65 84 72 65
93 100 96 32 1
11 19 36 23 12
3 19 21 16 15
2 30 66 57 49
65 71 73 43 26
42 60 59 25 16
91 100 59 28 24
71 87 9 8 7
11 83 9 2 2
71 89 94 84 76
66 74 36 24 19
33 55 39 26 26
1 46 40 11 9
32 36 0 0 0
62 72 41 25 22
96 100 46 20 13
70 77 35 8 8
26 61 5 4 4
75 89 10 6 2
25 87 96 47 16
46 76 2 1 0
67 94 22 18 15
2 39 0 0 0
82 94 50 29 19
22 83 20 18 18
94 98 99 61 26
47 74 95 75 74
50 83 9 6 5
87 99 49 19 10
30 37 49 37 32
5 91 38 23 12
56 83 26 14 3
1 59 49 5 2
69 97 92 56 52
71 73 3 2 2
52 81 25 17 12
63 93 41 36 35
22 40 76 12 2
40 47 82 55 30
56 66 85 47 47
81 97 92 68 59
27 90 83 18 9
45 81 93 53 26
25 48 42 33 31
17 46 30 24 23
85 92 38 38 38
9 32 81 76 75
58 86 64 57 53
70 96 38 19 3
10 17 36 26 22
30 64 79 40 36
17 86 44 43 43
29 31 90 18 18
28 43 64 49 40
36 41 76 6 3
41 74 32 27 26
67 84 69 16 10
48 63 87 43 37
58 64 3 3 3
58 82 86 83 83
10 31 36 8 0
81 85 48 36 36
35 70 9 1 1
17 93 1 0 0
16 68 32 28 25
87 100 88 48 42
59 98 30 29 29
50 92 46 11 10
70 74 71 50 32
14 43 35 34 33
20 66 16 5 2
74 100 58 27 15
72 74 95 50 50
13 35 50 42 36
20 93 74 54 49
28 94 13 6 4
78 80 68 51 41
81 83 8 6 5
55 95 41 32 29
63 92 48 38 32
69 85 46 14 1
17 23 89 86 85
4 51 15 9 3
20 32 86 53 48
6 46 68 31 4
38 83 77 60 44
20 31 92 51 44
8 9 14 3 0
49 53 97 34 34
16 59 76 64 64
77 85 92 57 27
78 96 80 35 17
49 65 7 5 3
64 72 39 28 26
23 40 26 1 0
77 93 7 1 1
85 96 100 22 7
26 36 72 34 12
57 94 65 38 17
31 63 12 12 12
45 74 79 39 34
49 74 56 35 35
92 100 11 5 4
13 24 50 42 40
95 97 13 3 2
4 81 7 2 0
41 79 0 0 0
19 59 17 6 3
38 100 84 31 21
39 45 71 57 57
17 60 35 15 5
11 74 48 9 8
34 94 76 47 26
43 44 13 11 11
31 89 13 7 7
60 76 72 59 50
6 25 42 32 26
33 100 49 31 27
55 56 61 32 14
71 95 35 13 2
91 99 79 56 44
20 75 34 16 11
42 67 35 31 31
69 77 88 52 35
30 85 43 40 40
50 61 9 4 1
70 86 50 48 46
10 42 18 7 3
4 100 56 47 41
35 91 27 14 11
62 63 45 16 2
33 88 34 11 10
73 82 63 52 49
84 92 94 38 36
32 75 95 48 21
28 52 94 78 74
12 37 96 80 74
86 95 20 14 9
5 17 39 30 27
15 22 35 28 27
10 13 51 34 30
23 94 31 11 4
29 53 82 56 51
35 84 96 80 80
8 22 29 27 26
20 79 52 28 7
91 94 68 35 31
53 83 100 59 50
20 61 6 5 5
18 80 73 50 30
59 68 25 18 14
78 92 56 35 34
88 96 5 4 4
5 20 56 18 12
74 90 83 33 4
76 98 7 1 0
18 22 92 90 88
39 68 59 19 8
83 93 93 40 26
22 59 80 69 63
9 55 93 71 70
85 94 29 29 29
36 98 49 44 44
20 47 50 36 31
21 67 52 37 34
35 89 73 36 33
52 87 18 6 0
21 72 14 3 0
26 27 14 5 4
79 88 5 5 5
69 89 16 12 10
55 85 34 8 4
48 57 59 35 24
91 96 8 2 1
49 50 11 1 0
33 35 40 36 34
60 89 78 13 7
30 94 3 3 3
61 74 58 58 58
58 65 70 54 51
22 76 48 31 28
53 72 91 50 29
86 87 29 7 1
19 71 47 33 29
31 40 28 16 14
25 56 81 67 63
46 78 77 58 55
75 95 80 60 48
32 71 71 47 32
10 98 82 79 79
12 64 14 10 10
38 39 38 8 8
70 100 71 45 36
5 38 43 34 27
4 80 75 20 5
77 81 37 23 20
48 50 70 22 4
14 68 12 12 12
73 93 90 55 44
51 66 0 0 0
39 100 10 4 1
87 95 34 25 20
38 71 45 28 23
13 96 11 3 0
63 78 28 28 28
43 96 5 3 1
19 85 98 87 85
10 46 26 15 13
13 88 9 2 0
37 89 30 29 29
53 80 100 98 96
11 69 49 27 9
42 89 77 10 6
11 40 77 67 59
35 49 15 2 2
5 6 99 51 33
72 92 54 49 44
3 24 22 15 12
37 66 13 5 5
56 93 9 6 4
43 80 69 42 22
42 51 84 74 72
48 49 63 34 20
66 86 47 16 8
79 86 63 40 19
93 99 90 58 45
80 86 52 47 45
27 60 57 28 21
57 90 28 2 1
31 45 46 30 24
67 82 47 27 14
14 65 51 34 34
48 72 60 25 18
62 95 58 26 14
82 85 45 40 37
70 88 10 7 7
90 94 99 23 5
48 82 27 22 18
12 84 62 4 2
71 93 56 50 50
72 84 73 42 37
1 109
2 40
3 39
4 62
5 159
6 144
7 2
8 8
9 76
10 90
11 77
12 44
13 73
14 36
15 6
16 10
17 34
18 30
19 85
20 189
21 22
22 93
23 94
24 25
25 104
26 60
27 90
28 76
29 97
30 46
31 142
32 123
33 118
34 33
35 96
36 101
37 92
38 121
39 98
40 113
41 100
42 106
43 95
44 25
45 219
46 75
47 79
48 217
49 155
50 65
51 101
52 121
53 328
54 112
55 91
56 148
57 154
58 60
59 103
60 185
61 104
62 83
63 151
64 119
65 142
66 182
67 177
68 52
69 129
70 76
71 230
72 201
73 117
74 187
75 175
76 99
77 140
78 217
79 184
80 261
81 124
82 157
83 232
84 135
85 236
86 232
87 174
88 163
89 278
90 299
91 153
92 185
93 183
94 291
95 264
96 199
97 100
98 204
99 254
100 330
