30 200
16 17 52 0 0
25 30 98 61 51
6 18 55 28 4
21 27 57 30 30
17 30 39 38 38
5 14 74 11 10
12 25 68 14 4
24 30 8 4 2
27 30 92 54 39
6 17 78 53 30
27 29 32 22 20
20 29 54 14 10
14 18 87 67 49
12 23 99 86 83
14 29 21 18 18
18 25 100 42 2
5 27 73 40 35
9 22 16 9 9
22 23 76 58 53
12 17 87 80 80
18 19 59 41 33
29 30 79 34 18
3 8 95 82 76
2 22 68 43 25
12 30 15 5 1
19 26 8 8 8
15 27 9 6 6
1 10 11 11 11
3 16 94 59 32
3 20 80 56 50
15 22 36 33 31
22 26 2 2 2
1 23 30 20 12
14 20 11 9 8
14 24 56 26 11
17 22 93 40 8
11 26 13 13 13
1 7 86 55 38
18 26 41 21 13
26 29 61 55 53
13 17 66 63 63
15 26 74 55 50
24 25 3 3 3
7 11 96 81 78
16 25 45 29 28
2 8 25 12 3
27 28 28 14 7
4 22 0 0 0
13 15 57 33 32
24 28 21 9 3
1 9 3 3 3
20 23 78 65 55
21 29 21 20 20
1 8 86 83 81
20 25 35 17 8
3 28 68 31 29
24 26 45 23 4
11 27 76 50 34
14 22 57 29 3
9 12 48 45 45
28 29 16 16 16
14 17 14 6 2
22 29 74 45 42
10 27 94 86 82
10 12 33 23 21
8 16 39 26 21
8 10 24 16 12
28 30 92 42 15
19 27 30 14 1
9 10 11 8 6
6 16 13 9 8
17 21 64 25 23
19 22 13 13 13
26 30 100 62 45
9 27 20 5 3
1 28 90 37 33
7 20 20 13 10
4 5 15 11 10
13 19 40 17 10
14 27 36 24 23
5 30 16 16 16
2 28 84 23 23
17 25 12 11 11
17 29 68 40 21
26 28 14 13 12
22 30 94 41 35
14 23 24 20 20
8 20 36 17 15
4 8 9 8 8
25 29 11 5 2
17 27 52 46 43
15 20 54 43 43
7 30 41 30 30
24 29 16 5 3
3 27 85 52 49
4 21 72 20 9
4 12 54 8 5
5 26 61 26 3
10 29 73 37 33
12 13 10 2 0
23 28 33 14 10
3 19 8 3 2
14 15 6 4 4
9 29 20 15 12
7 12 38 7 5
10 15 100 99 99
23 29 75 20 16
26 27 57 57 57
3 7 16 14 13
17 18 78 46 17
12 18 89 59 48
16 28 100 83 77
25 26 88 50 31
11 21 94 33 30
9 13 38 31 28
15 23 93 29 29
11 28 27 18 16
4 30 23 11 9
4 25 81 61 41
11 24 53 45 45
15 30 73 32 29
12 15 66 45 44
18 28 50 39 30
4 29 59 55 52
10 20 32 27 27
9 18 71 64 60
23 25 84 65 50
4 19 69 51 44
8 11 36 24 15
12 16 42 20 7
3 5 29 22 17
5 21 100 86 77
11 22 75 52 48
19 29 15 6 5
17 23 37 26 21
12 21 28 13 8
25 28 9 6 4
22 27 10 7 7
13 21 2 0 0
11 14 24 10 6
16 29 60 34 17
9 11 54 36 27
19 24 37 7 5
19 28 41 24 14
10 26 8 7 7
20 28 93 36 25
22 28 64 40 35
3 26 91 42 38
17 24 49 18 15
6 19 96 88 85
7 8 82 70 60
23 24 35 15 11
14 21 55 41 27
3 9 35 24 15
17 28 96 93 93
25 27 38 22 20
4 11 65 8 4
18 21 12 9 9
23 30 0 0 0
6 27 50 31 30
6 24 39 26 21
11 19 69 48 28
15 29 20 16 12
4 15 34 20 8
20 24 20 7 2
2 19 12 12 12
2 30 49 34 34
6 15 36 25 18
6 25 58 25 23
1 30 31 30 29
15 25 5 4 4
9 17 5 1 0
2 27 54 27 8
8 22 100 94 89
3 29 72 51 44
7 16 33 20 9
14 26 6 5 4
14 28 99 65 42
18 27 73 27 10
4 14 33 25 21
20 27 82 77 74
2 18 78 77 77
3 23 89 68 57
1 6 1 0 0
11 20 27 17 8
17 26 98 86 74
2 26 38 34 31
5 9 71 35 34
2 10 47 21 21
6 29 75 25 1
15 21 55 52 51
1 15 39 11 3
1 29 12 11 10
16 23 45 28 23
22 25 65 1 1
6 26 22 14 10
11 29 76 56 50
23 26 99 80 77
5 15 82 32 5
3 22 69 56 46
1 85
2 109
3 183
4 144
5 155
6 147
7 84
8 76
9 76
10 51
11 192
12 156
13 41
14 182
15 180
16 148
17 224
18 223
19 117
20 142
21 141
22 231
23 176
24 130
25 251
26 196
27 235
28 276
29 270
30 223
