800 3000
707 726 6 3 2
361 379 53 16 14
193 379 22 7 2
149 632 94 83 74
517 674 32 24 21
600 674 66 16 4
279 442 27 13 7
615 624 52 48 48
391 642 16 12 11
320 361 59 33 14
331 491 83 70 70
739 745 82 29 8
341 640 88 68 63
455 704 73 69 69
213 757 22 5 3
136 170 72 60 60
542 611 65 29 8
567 609 11 9 8
756 783 14 11 10
730 768 59 37 36
59 572 70 15 4
113 289 2 1 1
220 615 28 24 23
54 582 94 84 75
636 662 63 60 60
568 676 26 19 17
216 745 33 32 32
755 776 56 25 11
428 643 46 38 36
517 575 18 9 2
313 515 60 42 41
648 681 98 98 98
157 721 82 58 50
172 513 19 5 1
176 776 26 15 7
29 71 44 22 10
685 752 57 36 16
272 703 87 46 39
447 778 9 3 2
271 294 89 50 38
389 414 5 1 0
795 796 49 48 48
331 446 42 20 19
672 759 31 7 5
757 759 21 8 0
198 560 9 3 3
74 462 72 27 1
425 616 87 44 20
631 696 28 19 15
729 783 66 48 39
543 694 89 55 46
697 718 6 5 5
357 525 49 44 42
540 711 1 0 0
146 459 99 97 96
115 352 22 7 5
167 213 80 20 3
505 550 37 34 31
544 795 94 34 13
181 191 22 22 22
592 668 15 13 13
142 398 21 19 19
469 593 68 10 1
332 756 46 7 7
321 739 96 29 7
8 517 63 60 60
490 581 95 34 15
2 258 93 28 28
102 774 31 14 14
263 681 30 30 30
282 424 44 36 36
187 707 50 33 29
197 780 1 1 1
40 688 99 85 85
76 201 85 41 31
241 777 77 34 17
776 785 5 2 1
758 779 18 7 2
662 771 33 14 6
11 651 47 33 19
559 581 51 13 0
449 699 95 82 77
78 568 84 78 75
698 729 72 57 49
164 235 76 30 17
40 772 34 20 15
472 585 25 17 16
92 408 71 39 28
548 701 16 15 14
296 784 75 70 68
61 609 79 38 32
342 625 53 37 34
585 589 65 60 60
318 340 47 5 0
551 610 95 77 65
778 783 45 19 1
166 188 75 53 46
124 500 85 22 14
117 706 10 8 7
367 684 70 55 48
94 558 51 17 12
556 700 89 36 4
698 780 66 40 21
596 639 25 23 21
396 536 30 25 24
5 749 5 4 4
401 697 90 75 69
657 729 14 11 10
244 728 66 23 18
284 442 54 14 5
34 371 66 37 13
551 562 86 64 56
311 443 67 21 4
376 639 36 33 30
657 726 27 18 15
681 769 77 45 36
427 479 54 48 46
743 765 84 77 71
604 708 85 79 75
77 411 18 11 9
568 773 74 43 37
253 466 29 1 0
722 738 34 17 8
117 489 61 30 28
254 570 31 27 25
165 669 77 49 31
726 727 28 12 8
713 754 9 5 3
674 761 51 51 51
725 769 60 15 4
284 396 100 72 56
739 765 19 6 5
432 660 14 7 0
650 706 49 41 40
402 511 3 1 0
652 750 7 3 3
380 577 9 2 1
163 604 16 3 2
400 575 94 92 92
88 531 45 32 24
630 786 24 15 12
466 639 7 3 3
458 630 91 37 4
238 736 100 87 87
288 688 93 52 35
235 690 88 25 1
225 485 48 38 31
726 783 57 38 37
538 605 45 34 33
336 734 13 7 5
174 486 90 88 86
689 752 59 33 7
214 634 32 14 0
599 641 14 5 0
323 568 34 19 15
112 450 13 1 0
281 708 40 19 9
737 799 55 49 45
578 753 40 25 12
182 542 46 42 39
68 747 35 21 10
323 756 96 79 64
441 688 97 52 44
57 541 81 56 51
109 723 46 37 37
389 794 8 4 4
747 778 96 58 31
52 636 69 45 23
759 793 93 58 38
700 734 35 1 1
571 791 38 19 11
785 795 62 35 26
238 564 35 21 10
122 452 49 9 0
450 671 29 27 27
189 696 48 15 3
503 597 90 56 44
527 620 48 29 25
534 748 80 71 70
241 417 72 67 65
700 704 24 6 6
11 371 22 12 8
643 696 20 15 13
663 729 67 44 38
737 769 75 53 48
711 724 36 29 23
488 657 71 54 52
270 636 61 16 4
587 627 98 94 94
207 669 79 73 71
742 777 84 60 52
574 788 95 55 20
177 183 87 45 16
555 588 38 25 19
650 726 77 38 23
591 673 79 53 44
549 696 28 12 4
715 721 57 31 14
119 349 10 2 0
585 710 53 52 52
181 375 25 14 10
145 538 81 43 22
431 794 53 32 11
361 696 73 5 1
581 611 90 56 51
785 794 32 19 9
340 515 96 72 51
442 717 66 21 13
622 790 46 19 10
42 681 30 5 4
763 769 0 0 0
343 558 52 32 31
324 352 37 14 9
469 636 92 90 88
505 729 83 76 76
84 122 74 28 19
581 624 7 6 5
657 728 57 49 48
237 703 40 23 8
648 655 11 5 4
303 319 13 11 11
280 315 67 40 28
454 652 67 47 42
576 630 100 9 5
69 587 88 62 62
584 727 26 20 19
10 799 35 23 22
730 744 92 52 48
783 799 70 48 44
518 531 78 21 19
294 428 93 53 18
593 745 26 22 22
119 512 45 41 39
143 424 17 9 6
136 559 86 64 58
545 689 97 95 94
10 447 26 8 7
311 785 100 84 69
684 752 74 32 0
754 755 7 7 7
704 752 64 41 40
704 786 52 44 39
735 788 94 60 55
696 773 38 13 10
476 777 87 52 26
359 539 39 17 1
64 608 9 2 0
349 362 50 9 7
235 244 88 82 80
456 746 13 5 4
46 208 14 8 8
637 642 53 49 48
183 543 24 6 3
573 776 78 77 77
770 776 3 2 2
219 767 54 46 45
19 157 82 43 12
304 306 97 88 83
640 680 85 24 12
585 654 52 49 49
681 710 24 18 16
601 781 64 52 48
117 626 26 3 0
531 760 60 53 48
68 512 69 24 13
673 740 93 90 88
471 622 72 19 18
762 796 79 46 26
93 733 67 54 51
103 510 20 20 20
653 664 27 25 23
614 772 45 21 11
462 592 59 37 31
374 773 86 28 19
68 325 0 0 0
269 496 57 22 21
640 660 2 1 0
262 657 16 7 1
652 669 67 48 40
159 502 11 5 5
595 743 5 5 5
29 334 27 25 24
200 787 6 2 2
532 607 88 52 22
224 333 65 52 48
237 794 90 74 70
595 608 52 8 6
53 308 97 95 95
758 763 36 30 27
319 489 60 60 60
485 581 39 15 14
409 571 50 48 46
129 495 73 53 48
487 511 61 47 47
226 243 8 8 8
578 790 14 11 10
730 774 62 8 1
20 370 76 14 5
426 450 8 8 8
606 714 34 32 32
35 635 18 4 2
257 343 87 45 11
464 696 90 88 86
44 367 30 26 25
17 710 5 2 2
32 604 65 35 35
616 687 52 11 10
582 726 45 43 42
303 587 2 0 0
257 391 88 38 6
645 670 48 15 8
367 535 76 58 56
607 696 43 40 39
46 124 51 48 46
19 631 96 40 6
790 798 0 0 0
418 692 44 29 29
340 764 77 76 75
648 692 76 62 48
356 758 45 42 39
219 694 7 5 5
393 610 85 53 40
522 725 4 1 1
561 619 27 3 2
641 748 7 2 0
44 723 91 55 55
694 732 60 13 1
647 753 99 81 74
73 654 70 19 18
405 519 77 40 40
437 746 82 50 47
560 582 4 2 2
651 751 88 80 74
423 612 52 26 7
537 662 31 30 30
369 485 60 34 26
717 729 1 0 0
578 692 94 77 77
77 118 40 39 39
52 780 67 30 20
611 699 1 1 1
771 773 82 48 30
224 496 59 34 9
750 772 87 75 72
415 416 21 18 18
291 712 82 41 38
238 595 31 31 31
357 532 75 53 48
16 179 37 15 0
693 739 36 24 17
254 295 52 38 34
330 362 34 10 1
759 767 91 90 90
167 298 27 23 20
736 769 1 0 0
742 757 70 34 10
569 786 81 81 81
254 565 58 58 58
233 522 38 38 38
364 463 26 26 26
444 692 40 22 18
782 799 91 56 50
752 791 49 32 29
458 608 42 16 9
393 408 66 65 65
551 568 71 64 60
731 778 90 50 27
272 758 49 33 31
344 377 37 19 17
429 493 7 6 6
755 764 1 0 0
438 679 98 75 65
299 726 56 38 20
139 632 91 51 22
588 766 98 38 13
2 318 14 5 2
607 750 50 41 36
471 584 31 26 23
618 732 55 29 27
718 795 90 71 68
673 769 68 68 68
620 728 14 10 6
601 637 81 20 1
500 696 34 27 25
367 744 86 49 17
40 562 31 15 14
158 259 97 32 4
752 772 44 23 7
674 720 15 10 5
2 459 47 41 41
147 228 27 19 19
693 732 43 17 12
478 516 9 8 7
586 603 59 55 54
345 713 64 57 53
368 414 82 47 19
5 362 13 5 2
719 720 7 4 1
197 334 45 1 0
193 327 32 15 13
100 717 62 30 4
537 719 78 54 54
421 608 7 3 0
271 471 22 22 22
36 258 79 59 53
479 597 94 54 42
490 678 89 81 75
356 649 38 37 36
260 701 75 31 31
101 679 47 42 40
299 496 63 52 52
633 712 42 38 37
352 559 65 49 47
654 793 97 72 69
388 690 7 2 2
396 635 67 58 58
265 682 28 15 4
22 432 95 68 53
245 634 79 56 43
268 571 56 50 47
53 407 64 14 2
445 757 88 63 61
489 661 38 25 19
497 750 24 12 6
124 579 32 17 12
145 177 24 21 18
693 775 2 2 2
266 735 60 29 0
412 450 30 12 4
304 340 47 26 23
297 665 83 35 5
79 491 39 22 15
501 784 35 32 29
235 709 0 0 0
101 634 36 20 16
228 661 46 16 5
790 795 29 21 21
167 481 96 79 65
447 670 27 13 10
658 679 69 57 57
226 458 62 61 61
454 482 0 0 0
33 232 58 55 53
629 735 41 40 39
274 435 20 17 17
655 768 32 15 6
272 516 56 34 26
501 779 54 46 46
412 544 88 72 71
46 430 94 67 60
748 761 86 42 14
12 291 81 23 12
203 287 67 38 34
730 750 91 82 82
257 571 21 9 6
54 739 69 33 19
628 792 2 2 2
380 600 98 97 96
142 790 100 54 42
789 790 33 21 17
396 455 66 58 57
644 741 67 26 5
568 777 41 8 4
774 783 1 0 0
776 777 40 12 2
615 769 34 27 21
695 781 73 41 17
236 367 93 62 51
278 398 8 8 8
622 747 37 19 10
567 653 98 89 84
402 627 82 28 27
668 760 50 27 19
183 490 62 54 54
640 655 41 9 9
461 478 12 3 2
110 182 48 48 48
27 686 78 40 11
684 772 24 12 7
759 789 43 26 18
482 632 53 44 39
225 612 88 55 43
303 746 51 28 26
403 559 48 43 41
708 766 44 3 0
214 704 7 4 1
531 775 19 17 16
31 457 25 15 7
599 716 10 6 6
714 718 14 5 4
656 765 100 51 38
445 714 7 6 5
85 483 10 6 4
698 762 37 35 35
218 595 16 7 6
761 789 100 67 36
599 742 4 3 3
441 701 80 37 3
282 326 71 13 10
177 291 84 30 28
586 657 14 9 4
642 788 90 82 79
251 455 60 34 30
746 765 52 30 13
118 141 15 3 0
747 795 55 22 5
503 770 17 7 5
794 800 76 63 58
87 312 95 43 18
784 785 2 2 2
621 630 37 28 24
423 631 38 31 29
476 510 45 33 23
166 444 79 71 63
195 222 0 0 0
694 747 94 80 80
144 653 13 13 13
339 537 77 42 36
123 153 74 51 36
352 629 45 35 34
74 756 4 4 4
675 724 30 8 6
229 570 14 9 9
466 684 81 58 49
625 654 6 5 5
746 788 30 23 22
464 608 18 10 10
31 526 82 21 10
264 303 57 26 26
174 179 65 49 41
150 228 28 26 25
266 570 37 21 12
9 721 69 21 0
324 748 73 42 36
117 156 67 40 21
356 765 79 48 35
146 677 67 57 52
569 599 30 20 20
438 530 40 13 10
229 510 8 5 5
667 740 74 43 24
677 691 27 24 22
322 559 11 4 2
237 611 35 16 16
210 545 46 24 17
398 490 5 4 3
120 425 17 17 17
465 725 45 8 3
541 581 60 11 6
695 775 41 26 23
677 789 35 33 33
57 735 9 6 5
539 715 22 16 16
741 777 88 55 49
73 79 17 10 6
792 794 34 21 9
179 295 53 40 34
793 794 68 37 25
534 731 14 11 10
108 164 42 32 24
713 750 18 11 11
423 468 15 7 0
23 282 16 15 14
235 678 37 17 4
291 377 7 6 5
322 762 39 31 26
427 453 94 72 50
242 691 53 47 45
526 537 27 8 8
575 610 48 35 24
455 515 99 73 67
82 346 80 57 35
149 425 36 14 13
362 428 74 67 64
446 622 43 27 27
85 604 41 27 27
108 223 71 35 9
787 790 64 18 7
625 779 58 58 58
392 543 12 11 10
141 774 80 39 36
573 737 35 18 6
259 679 73 66 61
511 792 88 88 88
93 396 6 1 1
687 717 26 24 24
632 749 92 70 52
128 451 25 20 16
359 612 41 26 26
576 693 4 2 0
118 540 29 24 19
39 480 48 19 2
282 435 10 5 0
305 612 9 5 1
445 676 17 14 14
143 681 16 12 8
168 397 72 69 68
192 393 47 2 1
250 512 77 52 42
530 553 36 10 2
73 182 27 18 15
207 786 100 26 24
617 662 87 66 64
388 550 95 61 40
235 459 2 1 1
254 636 44 28 15
461 799 77 47 27
582 735 11 2 0
443 568 5 5 5
529 608 32 14 8
665 800 33 26 24
724 786 85 58 54
601 624 21 13 12
612 650 26 18 15
551 642 65 52 50
599 662 64 61 60
634 660 13 8 6
451 704 25 2 2
767 770 38 9 0
657 718 51 48 45
579 683 89 24 12
350 761 56 43 35
97 152 27 12 8
389 580 11 8 7
364 527 29 12 11
670 758 26 12 3
396 485 85 63 58
375 787 78 57 50
238 663 89 47 36
27 267 87 67 66
684 747 20 2 2
476 718 91 88 88
607 711 26 9 3
658 740 39 18 0
208 305 52 40 31
728 759 85 25 23
455 716 73 54 54
457 666 42 39 36
282 574 93 31 24
667 754 28 14 7
510 664 28 10 9
509 521 2 1 0
24 111 25 17 14
402 648 44 5 2
622 645 87 36 10
350 592 87 57 35
464 684 22 16 12
742 768 80 50 42
730 743 35 32 29
64 599 20 14 14
171 602 25 11 0
119 346 75 19 0
493 537 68 43 32
99 174 60 31 12
191 280 5 4 4
60 635 72 53 43
544 599 33 24 18
85 200 12 12 12
466 696 73 65 61
63 461 13 3 2
495 778 49 36 30
439 480 12 4 4
61 187 30 24 23
49 726 40 37 37
595 707 2 0 0
22 399 39 32 28
119 305 29 29 29
181 741 27 24 24
583 610 30 29 28
26 275 20 6 0
240 318 64 9 2
781 793 62 41 39
215 422 18 6 0
191 747 34 18 6
110 322 30 7 0
292 585 84 60 48
720 724 30 26 23
664 781 94 81 77
137 657 36 32 32
474 669 95 67 61
341 544 79 65 51
492 707 30 30 30
166 533 23 19 18
576 667 21 10 3
773 797 57 8 2
325 432 28 13 6
555 692 98 76 74
271 773 44 27 11
259 562 25 23 23
454 796 98 92 86
489 753 19 14 14
216 443 42 15 8
378 552 0 0 0
161 478 68 65 65
325 475 51 44 38
756 782 6 5 5
727 785 92 46 25
535 684 7 3 3
476 670 51 24 24
577 764 13 10 10
588 691 69 45 28
114 555 66 57 48
287 771 40 16 12
525 559 57 35 30
93 107 60 33 31
706 766 14 6 4
769 795 1 1 1
13 506 1 0 0
38 304 47 35 29
561 681 57 23 12
134 176 90 87 86
69 318 9 8 7
65 450 84 26 1
427 600 29 16 16
490 624 85 51 40
403 654 29 14 7
717 752 35 2 1
463 568 49 31 27
146 453 86 59 44
572 771 30 14 9
352 655 24 7 2
603 729 69 59 56
293 329 50 39 36
617 646 75 38 38
323 660 27 13 11
64 222 73 69 67
652 717 63 49 36
32 307 29 27 26
701 758 8 6 5
550 749 53 51 51
649 788 65 19 17
60 230 26 9 2
703 787 19 18 17
41 612 84 72 64
20 197 67 26 17
202 329 56 49 44
527 796 82 31 21
170 650 97 32 15
251 760 19 15 12
266 540 22 20 20
350 741 98 97 97
366 784 22 10 7
640 720 71 35 30
504 798 87 73 66
321 515 63 46 38
291 451 28 9 6
103 245 9 4 0
699 791 13 12 12
657 717 30 17 9
472 742 3 3 3
752 799 88 39 28
430 517 30 20 18
710 721 70 12 7
277 466 49 33 32
566 605 74 60 54
550 605 2 2 2
237 667 24 2 2
726 792 68 60 58
647 658 79 59 53
17 18 5 2 2
51 491 82 72 63
138 748 68 58 56
8 471 32 13 8
285 461 85 69 67
551 690 38 18 3
408 443 99 79 62
225 424 91 25 11
35 532 63 62 62
87 114 30 5 3
769 781 51 34 33
37 87 9 7 5
514 546 47 37 31
432 707 39 29 25
123 373 9 9 9
677 696 78 41 32
309 681 58 51 48
550 771 20 10 1
615 630 42 40 40
399 687 21 19 17
508 566 41 16 2
330 580 84 37 24
34 413 30 22 18
616 721 57 47 43
39 100 93 84 78
230 463 46 45 45
138 198 66 59 56
393 778 13 9 9
413 509 96 81 72
199 445 83 71 71
78 790 26 9 0
329 567 20 16 12
395 780 34 28 22
529 792 1 0 0
320 722 55 45 35
348 560 85 66 62
56 762 34 23 19
794 795 65 42 32
758 759 97 45 40
546 689 28 27 27
200 653 39 29 22
397 559 85 83 81
49 287 28 22 19
39 747 78 72 69
538 743 16 15 15
112 740 69 57 52
415 696 58 52 50
474 598 26 8 1
313 574 47 25 9
33 789 62 56 53
470 543 21 13 10
393 588 59 36 21
773 795 46 27 27
510 693 61 50 39
148 579 63 33 32
755 800 39 35 33
334 693 93 16 15
36 197 96 45 4
199 666 80 27 3
506 596 6 1 0
159 416 7 6 6
555 609 3 2 1
536 689 23 13 6
155 370 72 27 17
764 765 28 17 12
533 583 46 19 4
609 790 0 0 0
307 337 11 10 10
93 340 66 20 20
716 768 46 7 5
377 548 56 18 3
235 472 98 97 97
774 782 48 40 36
493 744 83 72 70
464 697 46 44 44
196 603 91 65 58
418 686 50 43 42
230 444 64 4 0
746 751 69 47 27
689 702 11 11 11
478 485 1 1 1
266 317 39 9 0
652 695 31 25 20
732 755 19 16 16
381 462 11 9 7
603 741 64 22 20
760 767 68 36 33
263 300 72 47 45
536 666 94 73 68
286 318 53 29 16
579 757 12 10 9
46 606 32 16 12
41 498 81 41 21
263 515 84 47 29
289 800 73 54 53
193 399 83 19 17
659 711 62 61 61
667 706 55 40 34
659 765 48 24 6
135 642 72 38 22
632 655 85 71 57
630 717 71 27 25
653 655 88 85 85
571 793 100 65 46
169 583 23 15 12
43 608 23 19 18
614 774 26 21 20
463 659 72 31 29
597 763 3 0 0
256 796 25 10 0
328 647 22 17 16
26 169 51 30 12
706 777 62 58 56
154 339 21 20 20
259 576 86 55 44
166 476 24 16 16
586 752 51 30 18
315 493 28 18 13
736 774 35 25 22
663 701 100 12 10
135 660 75 41 34
718 739 8 5 3
557 782 41 19 10
762 781 1 0 0
572 775 40 22 10
618 690 12 7 2
784 792 63 44 37
376 446 73 36 27
102 650 48 25 5
17 63 70 47 40
545 737 69 37 5
545 672 10 6 3
736 772 82 71 63
619 773 75 64 58
773 794 17 11 7
511 629 72 38 37
432 505 100 70 61
609 731 95 68 41
408 702 70 36 12
75 187 100 70 70
193 749 86 52 21
112 197 95 41 41
87 249 11 9 8
549 759 73 56 48
259 582 49 14 1
251 593 56 37 32
519 787 33 30 30
487 772 87 39 27
753 787 33 28 24
444 558 43 42 42
136 555 22 8 6
359 531 17 3 1
710 767 97 67 38
398 463 98 95 92
45 793 21 14 7
506 751 97 53 12
156 786 58 56 55
744 750 57 30 3
251 355 33 30 29
250 666 85 49 15
42 791 63 42 23
17 730 9 9 9
210 462 62 61 61
264 727 76 56 56
576 675 8 8 8
606 656 89 41 29
362 678 90 78 70
34 652 93 78 71
659 779 93 86 81
84 403 54 11 10
459 533 25 17 15
282 576 85 31 16
503 574 12 12 12
16 222 43 15 15
604 662 98 62 45
694 754 19 13 13
542 568 12 10 10
762 797 11 7 5
88 546 94 85 76
327 459 94 77 68
62 97 39 10 1
17 207 41 41 41
38 622 6 6 6
678 779 72 15 14
117 392 18 2 1
123 544 93 37 0
215 411 15 11 10
21 573 58 36 30
625 695 94 59 44
275 538 21 11 8
290 334 66 34 15
759 761 86 54 48
749 798 21 12 9
453 648 60 18 14
568 714 83 61 50
546 547 55 52 52
106 356 80 70 70
88 357 93 50 41
332 643 19 18 17
563 717 3 3 3
658 743 71 47 36
356 536 15 2 0
686 777 73 36 36
154 206 16 9 6
612 793 52 52 52
421 692 82 33 21
25 595 1 0 0
226 674 61 44 32
587 635 58 12 6
651 708 58 50 49
349 438 81 61 59
700 760 57 38 37
294 437 36 17 13
607 703 80 43 26
386 455 11 4 0
778 790 69 67 66
611 784 7 1 1
772 777 83 48 36
198 619 59 23 7
94 743 66 49 47
394 597 22 5 0
799 800 64 31 6
496 674 5 5 5
704 791 71 18 13
556 733 94 12 4
762 782 93 82 79
427 650 29 18 18
81 162 10 5 1
734 760 28 18 15
450 617 100 54 43
393 643 66 37 18
542 647 22 4 0
209 444 78 11 6
259 574 3 1 0
71 793 43 31 19
647 667 100 43 16
569 777 11 5 2
294 671 49 43 38
580 732 58 44 30
655 786 51 43 40
487 602 50 21 18
501 619 79 40 21
139 298 81 67 54
9 108 19 12 6
766 767 92 75 65
478 719 63 27 3
793 795 67 43 39
412 644 62 52 46
256 425 49 10 3
299 422 19 7 3
638 712 87 21 8
102 293 77 36 13
708 743 52 40 33
779 793 34 24 14
767 793 51 27 3
245 795 89 50 45
490 602 10 2 2
757 769 14 8 5
545 632 85 74 66
354 728 10 0 0
585 656 29 10 1
223 571 69 65 64
31 578 56 50 45
739 785 0 0 0
444 766 44 18 0
631 706 80 78 77
245 334 5 1 0
97 528 66 37 33
21 104 72 22 21
774 798 49 23 4
22 56 37 16 14
552 571 34 20 10
647 738 85 71 57
139 482 83 60 47
92 373 42 42 42
329 667 2 0 0
300 304 44 22 7
370 761 62 27 27
508 623 56 51 46
232 660 75 72 72
35 568 47 33 31
575 579 63 32 20
144 181 45 24 15
253 433 72 2 2
674 736 78 73 73
138 446 56 17 0
508 755 78 48 41
40 361 89 31 2
269 319 17 7 2
240 676 30 20 11
36 364 65 54 49
782 797 90 67 58
243 334 80 60 51
595 715 18 12 10
559 759 89 57 54
146 398 52 48 44
59 666 84 80 80
599 602 74 71 69
8 621 39 22 19
348 533 31 31 31
117 266 31 23 22
32 408 62 24 16
501 722 24 7 3
694 767 41 18 12
499 782 6 5 5
760 798 43 34 33
648 739 87 18 13
716 724 12 7 3
697 699 96 73 51
419 534 50 14 4
732 741 81 14 12
478 754 16 15 15
590 619 46 33 22
269 277 12 8 7
31 534 69 47 33
30 758 90 88 86
120 765 0 0 0
168 243 19 10 6
353 715 55 23 19
747 799 39 35 34
179 324 46 11 3
341 558 44 12 2
318 449 91 72 58
182 195 45 32 29
341 459 6 5 5
617 632 74 12 7
628 647 92 45 38
479 492 100 59 40
485 653 79 72 67
745 791 49 45 41
763 771 6 3 3
695 771 15 11 7
672 724 64 57 53
698 724 48 28 9
793 797 25 0 0
575 785 9 6 3
467 753 17 1 1
704 775 14 12 10
14 355 65 31 23
177 430 79 70 62
185 630 89 89 89
563 622 93 64 38
466 524 100 52 44
166 403 60 34 13
240 745 14 8 7
361 628 56 50 48
19 552 54 15 2
84 318 20 3 1
182 253 0 0 0
541 744 86 70 70
566 745 38 21 18
60 432 72 58 58
150 688 81 35 13
147 718 45 30 23
794 798 89 43 25
184 619 2 1 0
634 752 17 12 12
165 271 39 19 16
767 775 94 73 53
618 733 92 42 6
142 370 53 18 17
220 545 19 15 14
502 703 48 44 44
513 515 44 28 13
238 558 15 15 15
449 732 68 35 30
634 679 93 72 58
624 772 54 27 20
608 724 91 55 34
6 383 73 67 66
74 132 9 4 0
289 395 11 6 3
301 392 40 25 10
728 780 8 7 6
478 743 96 58 37
206 320 48 19 2
383 527 15 7 3
301 318 99 65 51
282 458 25 6 4
50 346 65 46 42
208 655 59 20 11
302 479 42 25 11
278 698 58 35 23
648 730 99 54 49
167 557 15 13 12
551 605 41 22 13
136 703 72 53 45
753 795 43 40 37
664 734 22 10 10
309 396 24 20 16
730 732 86 65 59
346 759 31 10 9
726 769 42 18 2
359 548 32 25 19
555 638 7 7 7
571 682 0 0 0
187 774 36 9 1
766 768 44 5 2
7 315 27 10 3
385 537 98 92 91
155 695 81 64 50
247 769 7 3 3
587 602 86 83 80
530 589 84 28 25
153 635 1 1 1
210 739 97 73 60
552 756 67 3 0
731 758 58 27 26
227 317 71 44 35
47 150 45 12 7
480 604 97 61 47
721 737 31 26 26
673 715 75 19 17
200 712 95 69 47
456 797 62 28 21
430 540 23 12 10
655 780 51 34 25
709 761 36 15 2
494 638 95 87 80
555 571 70 41 34
257 271 87 67 53
300 492 33 17 1
494 563 45 23 17
318 395 58 53 51
103 478 48 19 18
557 700 65 50 42
147 525 78 54 33
767 773 34 33 33
679 739 58 26 12
393 535 80 25 6
470 550 25 24 23
264 334 96 12 4
184 190 1 0 0
381 605 73 63 55
461 471 62 19 18
661 767 47 35 33
427 669 83 69 56
682 690 37 22 18
21 243 3 3 3
523 570 91 56 32
282 608 95 27 25
784 796 27 26 26
210 334 96 75 68
328 537 44 16 13
613 718 14 6 5
207 706 66 9 4
12 370 47 24 3
720 792 27 21 17
179 335 47 39 38
228 706 48 32 27
737 768 26 17 11
468 470 31 21 18
170 286 77 43 26
219 722 75 38 19
342 765 62 26 5
615 693 92 43 33
662 705 7 7 7
593 779 12 8 6
32 366 79 53 27
39 477 74 65 58
390 485 26 11 7
514 744 58 27 21
677 797 15 13 13
94 604 58 17 2
728 766 34 19 10
644 651 72 67 65
122 412 38 3 3
279 610 45 27 16
335 442 76 38 1
615 777 77 67 63
140 262 75 60 46
156 455 84 72 72
14 399 59 47 37
130 656 21 20 20
566 792 68 58 56
96 350 61 60 60
750 800 58 29 23
289 505 93 83 80
579 628 21 21 21
669 768 18 4 1
219 549 86 41 40
726 788 52 47 43
452 599 24 22 20
382 631 65 57 51
457 749 55 35 35
151 323 82 36 34
68 664 75 53 46
738 800 76 69 62
516 752 62 42 35
707 752 36 10 6
79 658 65 42 38
333 662 19 13 11
526 557 70 19 2
724 784 10 6 2
431 463 9 8 8
750 792 21 21 21
719 723 88 60 60
45 97 87 65 47
727 734 45 30 20
382 671 82 62 61
20 400 87 34 25
130 672 80 56 40
73 289 77 8 2
460 629 88 73 68
198 314 73 50 50
115 382 56 39 27
210 294 0 0 0
323 599 54 43 42
359 615 12 11 11
494 681 9 6 6
107 272 41 33 32
443 772 17 7 4
388 715 66 42 21
246 248 50 38 36
777 800 32 13 3
35 383 39 17 1
536 603 25 22 22
224 621 57 55 53
634 772 59 52 51
428 661 81 47 25
696 737 42 40 39
733 759 59 18 13
104 105 17 16 16
248 314 16 6 3
11 125 71 20 7
665 764 48 30 18
655 790 99 91 90
100 759 27 20 19
440 541 94 33 29
446 583 4 3 3
178 362 11 5 0
212 264 6 4 4
523 575 89 64 55
151 781 21 17 17
122 302 95 90 90
72 111 92 33 9
521 717 90 88 88
17 72 23 15 8
95 246 99 65 32
276 299 0 0 0
437 477 8 7 6
35 356 95 57 23
74 642 45 33 31
451 636 50 34 30
9 148 22 11 6
455 588 89 48 44
355 788 70 22 8
576 697 41 24 20
717 774 88 56 32
578 604 51 50 50
79 585 0 0 0
423 425 56 25 14
373 790 85 43 34
167 490 13 6 5
619 686 6 4 4
589 611 58 38 24
298 548 42 30 28
786 798 43 18 18
181 616 22 21 21
268 732 5 5 5
671 796 32 10 3
130 761 80 52 27
274 450 27 12 8
445 685 27 13 5
639 790 83 64 58
35 173 92 46 16
113 474 40 37 37
252 769 52 24 5
425 544 15 14 14
306 667 64 61 59
316 492 67 64 64
695 791 9 5 4
488 521 34 12 4
593 741 11 5 3
697 722 7 4 3
510 674 43 36 36
540 675 92 56 36
241 613 10 9 9
146 247 37 20 12
575 791 76 64 63
59 479 53 47 41
444 516 55 47 43
43 365 45 31 24
153 472 83 16 0
198 559 77 67 63
629 722 10 9 9
696 707 40 36 34
72 286 82 46 31
222 703 41 21 16
786 796 60 32 28
281 465 69 8 8
615 760 32 17 8
536 639 83 72 71
75 548 44 41 39
448 552 40 40 40
794 796 29 25 22
773 796 67 56 47
291 609 72 51 48
91 800 85 46 18
57 367 50 31 16
301 522 49 35 32
737 771 73 60 60
651 674 89 28 14
259 309 99 57 45
692 741 33 27 26
371 795 27 27 27
28 730 67 51 41
309 756 4 2 2
317 629 88 70 60
549 688 17 5 4
51 610 54 45 42
789 793 4 3 3
247 692 73 9 7
227 561 90 65 58
544 713 9 3 2
585 792 79 42 34
527 777 55 13 8
138 401 39 30 27
717 733 15 11 11
373 574 98 74 74
493 631 12 7 6
14 220 9 3 3
235 759 72 69 66
474 562 31 16 7
434 779 21 14 10
345 792 86 46 20
629 783 48 17 17
121 767 22 12 9
789 797 13 7 5
55 442 23 11 1
246 783 88 68 68
697 761 94 88 83
114 376 78 65 64
758 775 44 3 3
231 477 11 11 11
758 770 90 41 35
46 368 90 38 23
184 706 36 35 34
274 668 4 2 1
796 797 5 4 3
92 737 70 43 38
661 798 83 29 19
796 798 100 75 75
620 635 13 12 12
47 425 91 80 73
751 800 80 47 34
90 629 86 65 47
546 680 100 66 65
298 346 1 1 1
316 643 75 58 58
73 682 54 40 39
207 511 56 35 32
90 634 94 11 9
423 498 10 10 10
379 776 19 3 2
324 491 91 89 87
302 338 58 46 39
194 464 0 0 0
475 774 30 24 24
750 758 56 24 23
160 718 85 57 33
493 616 74 63 59
43 578 79 43 15
479 691 34 33 33
362 615 55 12 7
784 794 22 17 16
694 796 20 14 11
318 438 25 25 25
258 706 78 67 62
4 700 65 45 43
416 751 75 53 37
509 723 48 31 23
150 542 82 45 19
765 792 0 0 0
159 772 14 6 2
746 773 5 4 4
57 718 89 38 12
465 636 90 49 42
772 797 3 1 1
396 637 16 15 14
623 709 66 30 11
265 382 77 23 16
640 786 65 41 23
777 789 9 6 3
41 739 42 22 11
131 547 31 14 7
314 409 94 19 8
82 461 86 37 19
431 625 19 11 4
652 654 86 48 46
529 561 32 22 14
387 500 22 21 20
197 394 2 2 2
611 697 85 62 62
636 680 64 26 24
627 682 40 30 22
29 729 73 54 52
445 592 71 54 38
741 783 75 53 42
403 531 42 31 30
761 772 88 29 6
54 198 99 42 21
763 786 9 3 0
716 785 85 61 58
719 775 86 64 64
87 328 23 17 14
788 800 40 19 15
668 714 3 1 0
318 432 82 49 23
798 799 92 59 59
1 81 74 59 59
13 642 56 19 12
290 632 53 21 19
439 524 49 28 25
420 463 15 15 15
505 520 15 4 2
343 668 75 72 72
164 390 99 97 95
18 326 68 47 29
289 379 81 67 53
648 732 45 27 19
724 746 22 10 9
235 501 57 35 23
633 786 84 31 30
503 556 12 7 3
2 690 44 12 0
524 788 96 90 85
523 655 98 48 36
573 781 43 39 38
310 736 48 34 32
389 605 63 25 13
450 639 95 75 70
247 589 46 31 16
74 491 48 36 34
280 437 96 92 88
147 312 54 52 51
100 390 66 29 18
623 680 42 36 33
701 706 80 20 15
515 544 82 32 23
93 568 32 18 12
216 561 37 22 13
760 786 93 65 63
186 246 44 25 16
590 598 57 31 17
386 790 41 38 36
53 761 33 26 24
766 769 10 3 2
333 526 77 29 0
520 581 61 20 19
586 656 90 44 17
712 761 72 59 49
610 763 39 27 19
92 199 83 31 2
618 741 53 22 9
786 787 29 14 8
298 632 79 31 4
429 439 70 25 19
504 621 0 0 0
233 370 84 69 62
502 795 68 32 26
493 542 76 49 44
231 506 62 50 42
67 407 34 29 27
368 506 7 5 5
215 471 21 11 2
12 732 37 36 36
51 403 39 26 18
270 719 63 29 29
453 748 37 22 9
485 521 24 12 10
776 798 93 47 38
484 553 15 8 5
14 229 45 2 1
112 174 29 18 18
672 788 42 32 23
302 325 41 32 29
545 740 88 86 86
139 364 95 45 21
238 482 16 6 0
773 777 97 88 87
666 682 79 72 71
134 287 40 29 20
750 760 20 13 6
273 410 38 32 29
271 625 66 25 20
181 247 98 64 57
327 686 13 1 0
248 358 57 35 17
618 740 8 8 8
690 707 15 9 5
86 563 100 83 74
98 396 100 42 42
223 458 43 3 3
645 678 87 68 49
128 793 60 33 33
32 378 80 79 78
123 571 13 4 4
687 783 76 49 35
405 764 28 6 6
584 641 60 30 11
320 410 74 57 53
296 413 48 27 14
724 732 68 28 13
677 725 64 57 52
726 799 32 20 13
525 724 6 2 1
528 700 87 58 48
621 682 49 26 11
593 767 0 0 0
777 799 72 49 27
491 722 62 28 5
772 775 1 1 1
99 394 59 28 14
74 570 17 11 8
536 771 47 15 15
443 601 20 16 14
419 710 10 6 4
191 603 3 3 3
27 610 88 78 78
66 285 87 67 58
501 625 79 68 65
457 769 44 36 34
389 559 46 36 30
576 784 96 80 67
276 708 44 22 10
594 702 92 59 27
73 193 16 0 0
680 759 29 29 29
638 650 32 24 21
664 763 22 20 19
265 404 61 34 16
497 698 46 42 38
391 688 11 5 3
149 371 59 31 31
284 568 75 60 46
24 192 8 7 7
324 421 58 57 56
329 656 76 59 54
160 726 7 3 3
244 429 82 36 0
312 677 34 8 7
94 600 33 26 25
501 702 89 49 36
208 573 44 9 1
474 660 4 3 2
517 562 55 21 15
441 488 9 5 2
50 316 56 26 1
123 543 13 7 7
236 703 58 49 46
518 572 31 21 20
366 750 24 19 18
49 83 47 38 37
315 680 71 40 15
68 435 7 6 5
491 712 46 40 34
255 455 8 4 3
536 732 90 64 59
93 305 43 32 22
723 783 58 38 36
134 374 86 65 63
331 709 8 7 7
275 286 38 18 0
131 183 51 49 48
546 620 73 68 68
733 772 61 36 30
443 637 28 10 2
373 457 38 21 6
203 285 86 33 11
482 723 95 91 89
472 558 85 42 29
395 514 82 34 27
772 778 61 22 14
582 640 8 6 4
413 757 74 51 32
180 630 4 3 2
241 738 8 4 0
345 658 93 23 4
22 624 10 10 10
611 680 29 25 24
541 633 25 19 15
616 649 76 29 29
204 581 98 67 55
38 197 2 2 2
379 602 64 41 27
642 748 87 67 64
253 460 0 0 0
709 783 51 25 25
750 755 29 20 12
329 483 64 45 45
113 274 23 8 5
269 711 99 23 18
173 269 20 17 15
348 601 36 17 16
192 351 99 41 24
9 20 90 33 32
196 565 64 53 53
226 396 7 5 4
284 666 43 19 2
57 579 96 41 20
593 629 53 25 0
573 724 49 32 29
512 783 24 20 19
369 395 86 71 61
74 276 84 75 66
248 329 88 80 79
126 581 3 3 3
403 553 79 78 78
421 661 21 9 9
278 762 32 16 11
444 799 11 3 3
274 313 81 66 61
398 502 30 12 12
590 794 94 65 61
291 527 82 32 17
273 523 94 56 55
273 714 37 20 4
746 771 43 26 20
167 742 89 36 34
327 526 48 17 16
359 769 40 5 2
384 645 42 39 37
235 774 86 34 34
197 312 3 3 3
67 383 99 29 15
404 559 68 24 4
625 732 74 69 69
229 725 85 76 75
395 460 7 4 3
691 788 28 11 5
684 718 6 3 3
299 646 75 48 46
299 779 93 43 31
671 798 83 47 47
796 799 27 17 14
436 710 95 36 5
626 642 93 62 52
736 794 96 50 20
779 799 38 29 22
305 487 26 18 16
746 776 98 65 49
356 598 85 16 14
185 277 4 4 4
135 688 93 87 87
101 175 81 73 67
513 584 24 6 4
744 787 18 4 2
463 779 73 65 58
4 159 71 43 16
603 760 76 23 5
374 595 37 11 9
734 777 33 26 26
434 664 28 26 24
778 795 52 44 44
625 767 87 63 60
524 529 53 43 35
780 796 3 2 2
640 789 24 24 24
157 800 74 70 69
337 713 42 8 2
725 739 83 13 2
323 405 85 50 48
781 782 43 12 10
39 568 29 17 7
74 511 1 1 1
600 691 1 1 1
502 511 21 14 11
686 711 31 15 9
608 732 44 23 11
105 373 82 74 70
781 791 2 1 1
723 761 43 34 28
252 555 25 21 21
615 668 79 26 1
729 732 26 22 18
168 538 61 57 56
123 441 65 56 55
770 787 22 5 4
103 349 28 6 4
593 751 61 46 36
239 371 71 37 31
640 703 24 12 5
404 666 28 16 10
197 377 37 21 10
624 794 19 15 12
561 618 5 1 0
458 731 91 17 8
511 734 91 37 37
368 607 83 83 83
596 759 35 22 19
553 782 62 39 17
19 620 12 4 3
39 296 35 19 11
204 416 45 26 25
267 521 21 12 12
101 335 5 4 4
176 710 10 9 9
324 576 30 25 23
170 559 16 5 4
81 194 77 17 4
335 363 69 47 38
303 439 92 38 24
402 758 13 8 4
528 570 28 16 6
291 675 1 1 1
770 788 27 22 21
22 123 50 29 24
258 335 50 19 8
643 738 32 31 30
744 781 80 48 24
438 548 13 9 9
603 710 97 92 90
391 648 9 9 9
134 324 64 45 40
120 487 85 62 60
176 747 56 54 54
52 188 69 45 41
725 798 7 1 1
600 644 90 80 77
571 574 59 23 4
492 697 56 54 53
58 273 10 7 6
574 717 40 39 38
96 357 29 28 28
599 611 3 2 2
787 799 20 6 4
632 648 50 26 15
771 791 18 18 18
737 756 67 62 58
364 404 12 7 5
65 175 99 27 11
630 673 15 5 5
645 668 29 18 10
565 788 28 10 9
349 461 51 21 13
76 598 38 23 21
435 595 98 97 97
660 718 97 84 74
27 436 63 31 13
560 652 7 6 6
419 783 81 5 3
315 392 90 36 30
259 460 78 29 7
338 478 90 40 37
490 578 94 54 44
48 384 87 62 37
200 593 15 7 3
30 344 8 5 4
451 585 20 12 5
393 686 95 49 43
772 779 96 65 35
232 447 75 39 34
252 798 92 71 62
533 773 30 25 23
612 641 81 45 23
123 737 53 22 7
107 679 20 4 1
602 617 74 40 39
586 662 18 9 8
663 774 0 0 0
98 186 94 76 63
572 598 41 36 35
458 659 71 31 19
662 667 11 5 2
174 313 86 57 55
692 788 77 11 9
121 382 16 9 5
462 706 78 60 50
87 304 89 42 11
274 794 80 45 25
344 656 63 7 0
12 410 59 28 20
72 676 9 3 3
397 403 73 61 51
487 553 1 0 0
599 753 8 7 6
602 717 36 27 21
568 759 55 49 47
646 744 41 13 5
154 581 5 5 5
81 772 89 54 51
336 531 10 7 4
120 596 65 31 31
587 765 19 18 17
693 723 23 12 5
58 788 22 2 2
467 552 67 34 22
234 687 66 47 47
569 705 89 88 88
331 550 66 23 3
549 567 92 54 52
168 192 9 9 9
100 731 28 26 26
647 730 72 17 11
1 35 90 33 0
57 723 36 19 14
712 766 89 48 47
657 668 3 2 2
250 532 92 79 75
477 580 75 29 7
401 642 20 14 8
339 427 25 6 1
641 671 33 5 0
15 490 24 12 8
477 791 12 4 2
155 431 27 9 2
571 635 41 36 36
769 775 75 21 1
335 793 67 50 34
771 783 82 34 18
343 640 44 42 40
20 729 26 21 21
306 604 34 18 11
278 406 45 26 7
524 636 79 31 21
153 518 77 60 49
515 668 35 35 35
328 369 91 82 80
444 598 42 39 37
262 275 61 43 39
721 751 30 11 0
115 637 8 7 7
456 748 78 39 22
580 728 29 13 6
208 364 34 22 13
629 730 89 85 82
604 667 22 20 20
85 592 40 29 21
332 650 46 27 25
672 750 68 41 23
242 749 9 1 0
770 784 42 33 29
689 771 39 10 0
624 653 37 24 13
206 490 87 48 43
547 579 91 37 37
443 744 79 76 74
87 679 13 6 3
725 730 31 23 23
247 433 71 41 39
577 607 4 2 0
74 748 55 37 26
723 763 63 53 49
288 757 71 54 51
50 182 29 27 26
468 788 41 28 17
546 767 45 24 20
593 599 95 33 29
192 400 18 12 6
254 645 83 62 48
117 683 88 88 88
698 797 25 20 20
635 663 71 70 70
123 177 14 9 9
168 350 64 45 34
154 304 70 70 70
329 578 89 27 13
433 785 12 11 11
164 166 60 52 52
350 558 47 14 5
585 799 80 54 30
642 702 75 39 37
504 609 71 46 38
289 614 31 24 17
379 736 68 55 55
373 595 64 45 44
313 725 26 26 26
444 501 62 28 17
185 422 31 27 27
94 272 14 7 5
765 779 9 7 6
179 760 24 20 19
520 768 85 82 82
198 221 93 79 71
392 686 28 22 17
172 374 34 17 3
244 358 36 32 30
297 487 45 28 14
442 600 51 36 22
219 731 66 19 15
20 740 58 26 22
731 781 88 84 84
223 542 97 79 62
779 795 64 39 22
35 480 5 2 2
226 292 36 28 27
590 677 42 25 14
137 331 16 14 13
455 518 97 68 55
336 590 62 33 4
190 619 13 11 11
340 653 44 37 33
203 596 93 56 26
304 550 36 9 0
400 644 38 25 18
182 357 27 24 24
189 571 0 0 0
232 289 17 7 5
230 293 30 29 29
409 686 91 90 90
50 347 14 13 13
790 799 37 29 29
301 477 18 10 9
294 546 20 14 13
193 780 85 31 18
776 789 22 8 1
573 654 67 39 12
216 620 83 68 53
553 624 58 45 38
376 416 59 28 14
214 248 63 33 5
739 743 38 9 0
103 335 57 42 39
331 577 68 30 22
749 777 1 1 1
486 699 69 45 28
374 396 97 86 84
740 775 51 22 13
179 250 86 26 22
200 327 73 61 51
314 556 69 57 54
399 454 90 89 89
515 685 35 12 12
657 782 12 9 8
550 626 10 5 0
630 652 100 81 74
36 355 24 20 20
733 782 99 60 49
690 753 11 11 11
752 771 78 67 62
32 605 13 6 0
45 81 85 22 13
691 752 48 48 48
70 468 34 23 13
422 598 38 20 20
461 681 33 23 16
66 113 67 52 46
657 747 51 41 39
453 532 51 43 36
36 316 47 34 29
759 797 33 28 23
674 766 35 13 6
648 765 68 68 68
368 464 4 3 2
777 786 77 70 66
237 413 22 10 0
687 727 46 31 24
12 434 35 12 8
443 685 36 21 15
786 791 17 6 6
371 571 10 8 8
63 419 79 34 1
270 441 83 67 54
618 748 26 13 10
104 292 24 7 6
462 778 51 31 17
320 764 99 76 55
445 778 23 18 16
174 585 86 73 73
581 790 34 11 1
641 777 44 17 15
279 289 22 17 17
660 775 70 57 46
532 573 23 12 7
528 780 85 45 26
341 390 11 11 11
233 607 76 57 52
601 783 8 6 6
396 762 9 5 2
282 376 45 41 41
290 371 65 39 26
439 545 45 30 17
754 778 22 16 15
655 736 45 34 34
591 796 76 53 51
535 729 94 77 73
367 735 90 67 55
286 516 82 57 41
311 710 3 2 1
140 544 19 15 14
325 611 0 0 0
580 653 75 13 9
714 734 63 24 22
256 387 5 2 2
102 780 75 48 24
774 781 7 5 5
58 638 47 24 18
5 200 56 55 55
371 735 94 53 44
724 728 79 18 10
155 790 77 38 25
737 764 31 5 1
379 429 13 0 0
137 496 38 23 22
35 416 11 3 2
668 680 91 57 54
403 736 78 36 33
384 473 42 21 14
131 651 27 12 4
554 672 92 71 62
407 598 95 41 35
199 631 4 1 1
349 736 36 30 25
238 384 27 23 22
727 741 91 61 55
160 202 49 30 28
414 588 58 54 51
86 443 4 4 4
550 723 22 13 11
238 264 28 27 27
53 110 29 17 15
704 721 27 10 2
63 179 74 28 15
227 779 63 60 59
324 597 77 29 1
648 722 92 42 37
466 594 29 19 16
361 602 91 65 62
512 746 86 77 70
561 704 65 35 35
505 674 12 0 0
720 735 10 9 9
553 676 60 11 6
100 199 52 38 29
508 631 70 53 38
545 791 96 76 61
218 318 58 33 10
630 800 73 10 5
586 594 14 9 5
266 577 34 23 21
389 713 39 32 32
174 681 64 32 11
18 403 89 29 1
122 234 16 12 11
734 751 88 86 84
37 192 64 42 31
412 588 80 70 67
504 508 84 46 25
597 797 23 8 7
672 753 97 88 87
527 591 56 23 16
293 325 70 44 25
89 145 15 8 7
688 695 45 30 27
531 703 58 53 53
62 655 95 63 43
768 798 18 16 15
589 794 88 73 61
297 491 28 19 16
632 644 75 42 37
558 606 49 41 41
247 574 34 27 27
70 95 45 43 42
54 706 90 50 42
625 652 34 5 3
565 790 30 21 19
118 667 59 28 14
363 444 89 23 16
539 734 45 20 8
758 760 60 43 42
407 764 77 27 11
696 702 58 47 46
172 712 24 21 20
536 697 23 9 7
154 692 33 21 13
348 537 89 80 80
275 348 16 10 7
704 749 14 10 9
138 471 19 14 11
446 563 12 6 4
91 101 17 11 6
620 715 38 33 33
237 742 66 23 4
59 111 93 92 91
466 760 63 39 24
506 753 74 61 59
281 430 72 37 27
137 324 97 53 26
236 350 33 28 26
277 651 21 20 19
313 765 66 4 3
388 491 27 25 24
756 777 68 19 6
271 730 81 55 33
572 591 90 55 23
94 493 88 63 44
48 594 45 20 3
646 648 27 26 26
448 790 9 4 4
398 422 22 11 2
57 298 51 13 5
478 751 70 21 11
9 688 4 1 0
189 594 15 1 0
699 727 53 18 16
71 161 74 59 59
463 614 6 5 4
480 525 99 41 16
218 757 78 35 23
735 795 52 32 30
211 601 60 57 55
697 800 92 77 67
373 643 86 38 34
168 395 67 47 44
144 702 44 43 43
41 359 99 50 19
27 40 35 12 0
643 647 87 79 79
584 635 44 26 26
247 519 74 33 11
342 726 6 3 1
236 588 44 32 27
412 521 47 22 21
480 495 33 18 6
488 711 12 6 4
430 701 52 31 29
632 753 48 22 8
648 769 68 39 18
629 707 30 28 27
83 715 7 2 1
570 648 78 76 75
510 715 61 27 22
146 329 98 73 66
155 635 80 41 12
380 463 80 33 22
515 724 13 12 12
205 764 56 47 40
581 585 92 54 31
416 767 53 48 48
34 115 77 66 64
559 786 18 18 18
324 755 13 12 12
60 138 65 48 46
265 467 66 34 14
222 363 25 15 7
259 443 90 36 13
358 748 2 2 2
666 669 24 13 10
536 693 48 12 11
266 415 27 18 13
687 794 21 17 16
570 742 67 29 13
124 419 47 26 11
346 558 0 0 0
141 493 45 30 17
469 489 2 2 2
168 670 61 15 11
139 799 67 64 62
476 555 67 34 31
787 795 24 3 3
77 542 36 20 18
754 774 89 77 71
120 496 69 45 44
771 792 91 76 61
209 555 97 91 85
290 639 10 7 7
226 536 39 8 4
121 254 45 37 29
157 740 6 0 0
121 423 56 13 1
117 281 42 26 22
363 500 41 27 19
101 733 33 5 3
758 776 39 18 2
278 709 49 44 39
6 85 64 38 13
293 629 56 34 28
145 206 74 37 20
604 785 99 66 38
31 795 100 91 83
572 577 85 60 58
546 667 72 33 31
142 758 70 54 54
322 627 55 36 28
262 374 8 2 0
151 742 36 31 27
56 131 3 0 0
288 387 8 6 6
668 682 40 36 35
278 379 82 37 34
718 728 63 40 31
430 575 96 29 27
135 191 84 66 53
557 710 11 9 7
108 433 62 27 12
415 705 83 62 54
731 759 40 8 1
764 791 61 44 43
158 734 95 57 28
233 532 20 4 2
492 593 28 20 17
170 325 4 2 0
535 642 70 39 38
641 721 37 10 10
72 797 32 5 2
503 764 30 19 11
459 596 6 4 3
450 742 8 4 0
650 786 69 68 68
359 497 31 8 0
702 711 23 11 7
775 796 54 33 16
685 703 19 12 12
677 732 94 10 6
187 577 32 13 0
526 710 50 28 8
666 764 38 32 31
470 709 6 6 6
699 714 38 14 10
616 692 62 43 30
24 255 22 21 20
60 438 63 41 26
357 786 77 8 8
480 743 54 37 27
535 779 33 22 18
269 592 8 4 0
70 174 21 18 15
723 797 2 1 1
225 536 38 7 6
558 567 97 93 93
654 797 12 6 6
92 296 92 45 19
597 629 87 34 27
449 481 90 90 90
104 394 33 30 30
749 756 69 44 35
653 701 0 0 0
53 274 4 4 4
397 587 59 32 31
207 576 22 14 14
330 547 73 63 62
124 145 67 9 5
338 667 88 50 47
245 788 93 42 13
226 369 92 59 52
217 587 35 32 30
33 604 38 34 33
363 442 81 74 68
417 788 26 18 17
267 592 60 55 55
604 707 97 80 79
418 776 5 3 3
446 514 79 51 37
144 363 99 76 68
43 357 14 5 4
77 459 31 18 18
768 787 66 15 6
2 637 38 20 18
742 769 31 19 19
488 535 96 59 23
711 712 56 30 30
115 434 45 35 33
778 793 19 7 6
618 692 25 9 4
280 310 32 22 22
576 625 6 0 0
537 780 26 14 7
77 779 1 1 1
127 769 1 0 0
231 567 32 0 0
782 783 30 29 29
35 458 62 46 41
682 741 94 79 75
258 668 29 20 13
453 670 93 41 18
523 700 94 30 20
207 719 35 28 21
342 505 26 21 21
14 312 76 71 70
774 794 63 59 59
118 760 82 42 39
152 320 81 70 68
140 386 88 65 49
318 737 25 15 10
479 480 75 64 64
502 579 63 32 5
795 798 78 38 30
102 109 93 82 72
381 761 11 5 2
39 149 74 68 66
187 619 55 14 1
614 736 19 12 8
570 702 55 52 51
291 587 4 4 4
23 161 67 67 67
303 463 40 2 0
640 699 35 18 14
435 549 43 16 14
18 350 23 18 18
19 121 4 2 0
44 347 59 48 47
299 362 13 2 0
687 701 14 11 9
97 429 35 20 10
143 185 77 46 25
201 548 98 36 9
666 785 18 9 4
347 724 100 91 90
645 652 44 41 38
794 799 50 18 10
345 459 8 5 3
271 376 89 74 72
148 415 15 4 4
410 757 55 38 32
471 677 10 5 4
3 67 18 18 18
784 790 21 7 1
251 396 78 72 69
383 483 11 8 8
90 790 40 16 7
346 352 89 50 29
576 618 78 66 64
402 542 36 36 36
706 732 14 9 7
381 717 77 46 43
596 616 2 1 0
301 524 70 43 43
704 797 73 66 63
281 759 69 33 23
301 426 43 25 20
2 721 61 25 25
341 506 89 77 73
264 391 83 81 80
340 580 39 30 28
10 286 22 14 6
166 466 70 15 1
721 795 26 20 17
504 787 25 16 13
511 748 98 29 14
599 790 46 9 6
124 676 67 51 43
59 286 69 65 64
664 789 5 3 1
255 682 39 27 18
503 693 52 30 24
476 784 87 62 58
185 551 86 69 63
79 751 24 9 9
458 735 12 12 12
437 500 3 1 1
7 182 77 69 67
85 700 37 15 7
493 550 21 18 18
125 159 26 20 19
48 711 90 46 34
523 532 8 3 2
717 721 59 33 31
56 427 94 34 0
571 724 13 11 10
704 737 5 3 1
612 711 87 33 4
368 650 11 0 0
194 764 68 41 35
107 742 92 62 48
698 747 26 5 4
770 779 81 65 59
436 451 72 41 13
569 686 52 28 11
41 623 16 11 8
61 463 11 8 7
136 537 4 2 1
692 707 5 4 3
427 508 48 38 28
101 328 85 68 61
21 504 47 15 13
275 624 57 51 47
18 789 17 16 15
525 720 94 19 18
97 799 17 12 9
480 744 24 8 5
190 512 100 81 64
50 729 80 47 36
266 460 24 16 11
653 736 23 8 5
246 354 56 39 29
323 557 53 33 27
793 800 66 61 56
725 745 96 36 22
605 772 27 17 14
422 433 68 32 26
46 372 75 57 49
409 441 57 24 19
383 481 16 14 14
587 708 48 31 31
486 560 76 50 33
353 423 38 33 33
752 756 77 45 17
112 478 40 31 27
428 548 93 41 27
724 778 12 8 4
394 642 72 65 62
277 800 30 21 12
84 581 48 14 6
417 540 21 2 2
748 777 3 0 0
56 585 37 33 29
133 604 6 6 6
100 278 24 23 23
775 777 42 31 23
559 612 64 36 10
717 781 69 61 57
673 754 28 25 23
115 443 47 23 13
572 617 97 77 73
672 685 61 37 29
33 164 57 38 36
183 523 90 77 70
147 538 27 26 26
743 764 92 63 48
102 163 74 45 26
280 530 15 6 2
545 728 93 72 53
655 715 41 18 2
272 323 49 49 49
462 705 48 47 46
15 537 24 23 23
400 465 73 51 46
305 755 23 7 4
395 440 90 60 34
771 775 4 4 4
572 763 95 90 87
576 774 2 0 0
590 621 23 12 12
337 495 67 53 39
564 740 14 12 10
323 436 77 66 56
519 646 5 4 4
87 251 13 7 7
455 559 64 55 53
230 440 93 20 8
266 489 13 7 1
200 666 17 17 17
398 516 64 55 54
329 595 4 3 3
364 634 27 10 3
147 512 26 15 14
336 713 79 29 14
590 658 45 31 31
352 419 81 41 28
391 724 96 35 27
9 58 32 32 32
280 289 33 26 22
371 717 18 12 9
444 706 72 57 45
704 768 83 52 46
290 527 55 12 1
431 593 26 15 15
332 600 42 17 12
181 594 49 44 44
231 740 67 39 35
538 692 50 43 41
735 793 35 20 15
775 786 33 5 0
784 797 68 48 47
356 499 74 45 36
492 495 51 17 10
319 630 45 20 17
229 530 73 58 53
222 314 47 38 32
791 800 66 40 27
611 656 9 7 7
302 374 46 25 10
215 236 37 21 20
311 365 76 74 74
14 793 12 10 10
409 566 22 12 7
738 796 7 6 6
410 447 13 8 8
358 744 83 54 49
163 220 9 3 3
350 742 79 44 24
534 705 54 18 16
238 283 44 27 24
326 727 87 81 80
741 742 34 24 22
589 666 69 52 41
413 666 81 31 24
666 761 75 39 20
611 723 58 29 19
291 658 82 78 77
541 777 22 2 0
15 596 56 51 48
347 494 90 49 22
72 310 53 35 20
744 800 12 7 5
244 415 91 90 90
57 706 95 87 87
780 799 51 41 36
264 600 45 42 41
366 479 53 29 24
66 744 33 24 24
471 523 51 33 20
162 254 54 15 11
378 528 64 34 18
618 775 99 81 75
588 639 85 43 19
171 271 85 36 5
336 355 24 22 21
490 763 78 56 46
145 345 20 18 17
283 668 76 39 21
251 533 64 54 47
60 652 6 6 6
75 91 26 10 2
419 731 19 10 9
81 767 6 3 3
668 756 49 40 35
738 750 35 15 9
335 635 52 31 11
186 467 36 16 1
76 260 52 50 48
521 682 85 52 35
176 743 36 16 10
343 732 87 62 59
222 654 93 85 84
55 412 81 23 9
363 625 82 60 47
297 599 59 48 40
321 659 36 26 26
133 378 99 49 41
224 424 96 48 4
760 793 94 84 80
620 659 66 23 0
224 268 72 21 13
299 385 52 51 50
702 724 63 38 25
464 661 9 0 0
334 621 32 30 28
69 255 30 12 11
208 525 93 27 15
646 776 75 62 50
385 675 40 31 24
70 441 87 60 58
71 269 45 22 12
37 603 31 18 12
330 583 16 5 1
600 703 50 22 20
150 244 57 3 1
186 404 71 58 48
732 764 87 60 45
575 728 19 15 13
239 337 89 59 49
686 702 5 2 1
496 775 4 1 0
311 397 28 7 1
370 609 34 23 19
508 608 41 27 23
12 78 53 11 5
451 542 57 40 28
329 538 39 34 29
174 233 76 57 43
112 797 92 64 50
40 617 98 91 85
33 542 3 1 0
741 765 29 17 17
329 729 83 10 1
455 460 29 17 12
532 781 60 54 53
64 114 51 50 50
357 631 95 83 80
517 748 69 69 69
184 529 40 36 36
755 758 42 22 6
352 648 28 5 5
686 749 54 43 43
27 592 17 9 9
654 787 24 11 8
621 733 41 4 2
114 328 72 70 70
265 453 22 14 7
224 780 20 4 4
350 739 15 13 12
389 502 8 8 8
140 277 3 1 0
118 511 31 26 22
122 194 92 56 33
636 746 75 13 9
758 787 75 57 47
133 218 12 6 0
400 726 64 27 0
153 785 80 36 32
41 273 7 1 0
18 547 3 3 3
55 103 61 23 6
410 473 41 30 21
741 746 32 25 19
433 526 50 46 45
784 793 36 33 33
286 637 5 2 1
150 212 71 33 0
655 664 1 1 1
557 777 89 77 76
296 695 53 31 22
691 745 24 10 10
133 698 9 7 6
437 678 20 15 13
82 718 46 5 4
416 442 51 41 35
363 645 26 20 19
660 735 78 42 37
197 299 68 66 66
274 593 69 21 7
736 782 28 13 8
735 744 39 32 27
353 383 79 43 36
708 771 77 30 5
678 715 80 65 60
280 682 5 0 0
448 688 52 39 34
538 547 35 18 2
214 561 97 78 75
121 432 11 11 11
499 652 55 47 40
117 499 41 25 23
219 718 19 12 8
360 455 78 75 72
151 789 14 5 4
291 770 21 14 10
562 593 34 12 9
542 609 27 12 5
438 577 19 17 16
714 750 70 47 42
57 376 49 23 5
270 592 62 57 56
322 688 31 23 19
124 321 98 74 69
388 757 71 46 30
607 699 25 18 16
288 494 75 50 50
682 800 49 36 25
243 269 9 8 8
512 570 90 35 16
50 534 90 32 25
538 769 52 40 39
307 715 72 44 32
680 715 58 42 37
108 157 42 39 37
684 770 83 72 64
486 498 6 3 1
367 453 66 13 7
673 746 9 3 3
635 747 91 42 41
474 564 61 28 9
225 272 70 31 30
533 699 62 55 51
356 432 9 6 4
148 727 14 9 9
768 785 40 4 1
481 680 72 69 66
394 670 31 10 5
621 634 41 36 34
664 724 47 33 23
354 663 1 0 0
105 279 86 67 66
715 778 0 0 0
553 657 1 1 1
723 740 93 58 48
362 386 32 13 11
178 188 70 45 41
578 647 98 47 11
573 746 4 2 1
179 598 2 1 0
378 793 51 34 18
375 475 38 24 14
521 532 99 72 72
151 778 11 2 1
118 409 20 18 18
326 473 4 3 3
511 585 46 10 9
300 768 10 3 2
700 793 99 24 0
697 766 47 18 2
643 698 95 89 86
725 759 40 25 21
63 736 56 54 53
661 691 76 72 72
533 731 90 54 26
488 673 39 35 34
619 766 37 20 19
317 391 0 0 0
255 292 86 30 8
699 764 76 45 22
301 625 83 46 44
350 625 85 53 43
727 789 62 48 43
134 265 65 34 10
92 304 64 40 19
201 682 51 46 42
65 321 27 17 7
433 682 9 6 6
762 767 63 53 53
564 759 40 17 1
617 622 19 8 4
611 630 30 25 25
691 782 60 29 27
561 643 81 17 8
67 68 74 24 24
98 362 6 5 5
14 120 0 0 0
332 459 3 1 0
149 370 3 3 3
722 762 36 11 0
455 624 33 22 21
695 732 41 31 23
140 758 86 48 31
584 595 98 18 10
407 426 69 18 7
131 174 35 35 35
124 677 83 61 44
784 800 100 42 36
98 273 15 12 10
500 645 61 3 2
455 546 19 11 11
209 374 13 5 4
624 660 62 33 20
329 355 5 4 4
138 742 55 51 50
433 442 32 29 27
715 752 83 83 83
123 403 60 33 33
80 385 43 32 25
499 534 29 18 13
240 593 57 33 11
102 598 19 11 6
767 768 91 63 55
128 184 77 58 42
133 733 41 40 40
707 736 97 90 89
52 320 0 0 0
503 671 32 27 25
644 682 64 62 60
690 772 67 17 1
205 320 34 24 16
98 421 75 67 60
4 124 4 2 0
325 660 47 42 41
409 754 53 8 3
364 392 67 63 62
181 785 17 11 6
405 529 90 76 62
494 780 65 64 63
310 529 75 38 18
440 623 57 40 37
615 789 71 60 60
152 595 73 64 64
371 633 17 8 5
372 750 46 25 16
744 786 83 24 6
330 632 39 31 27
233 388 66 64 63
332 669 39 15 11
321 606 36 21 20
443 574 53 39 26
550 720 68 20 8
294 542 10 3 0
168 763 20 12 8
716 786 91 80 78
582 737 3 1 1
104 642 40 16 12
544 642 50 50 50
740 761 49 8 8
691 722 91 62 49
614 652 72 50 28
382 415 28 25 22
389 723 84 65 46
132 325 96 88 83
655 735 83 43 28
65 437 30 24 24
644 728 3 2 1
143 260 0 0 0
556 715 10 2 1
355 605 95 57 46
32 295 19 9 7
44 131 71 13 3
736 741 79 28 16
785 786 88 39 36
200 377 69 59 53
484 766 5 3 2
532 534 44 26 8
381 649 18 11 7
323 647 80 20 18
34 510 99 42 2
96 792 26 24 22
106 271 17 7 2
355 719 84 68 68
674 762 17 1 1
150 741 23 20 18
292 349 81 35 8
745 781 51 5 2
551 680 96 73 69
216 261 33 25 22
498 625 56 31 29
241 577 26 18 17
696 717 23 16 14
184 603 67 14 3
530 766 15 10 9
211 787 52 28 28
750 776 65 58 54
479 787 25 21 19
524 712 85 49 27
267 593 53 32 27
185 346 61 27 10
13 361 66 50 50
546 788 73 64 58
121 777 73 26 17
28 593 64 48 40
755 779 36 19 17
614 732 68 63 62
386 545 59 53 53
632 741 37 34 32
598 603 70 34 26
96 475 18 8 2
360 782 50 22 6
218 254 41 31 23
60 744 61 60 60
627 769 0 0 0
145 184 39 34 30
179 349 40 28 22
501 630 64 48 34
221 638 13 2 2
140 434 19 15 15
148 285 99 91 86
236 547 33 6 2
318 338 98 18 6
452 635 37 27 18
75 619 60 32 10
680 769 19 7 7
748 770 13 12 12
627 698 88 24 3
379 505 29 8 4
777 794 31 25 21
235 588 43 36 36
523 604 30 29 29
465 721 39 22 19
688 756 82 39 22
670 721 95 66 60
364 480 10 6 5
436 664 16 8 6
279 354 39 29 22
796 800 51 44 41
465 731 4 2 0
762 766 44 5 5
553 634 37 31 27
419 728 38 35 32
535 772 12 9 6
196 380 72 25 23
239 426 93 38 5
514 637 8 2 0
740 743 93 37 36
223 393 72 40 24
570 655 63 44 38
11 205 15 11 8
223 493 78 52 48
124 797 30 17 4
83 519 10 3 3
80 590 81 9 4
279 680 14 10 10
307 643 39 39 39
265 516 65 58 51
317 339 63 60 58
459 698 45 21 5
322 651 29 12 12
726 753 37 21 15
345 672 98 40 35
516 629 59 52 49
256 730 7 1 0
661 688 55 50 46
380 489 27 18 17
268 542 6 5 4
731 787 32 31 31
151 646 35 8 7
733 752 35 20 18
722 771 78 42 14
768 795 95 38 21
2 217 46 39 34
516 578 74 62 55
315 574 95 78 69
721 754 67 37 18
543 704 83 67 52
247 351 4 2 0
596 780 76 16 10
332 564 24 4 4
610 696 24 18 17
455 557 9 5 2
615 665 14 8 5
547 728 64 6 4
526 712 53 51 49
283 788 78 30 19
710 773 68 22 9
523 592 61 31 30
208 248 97 60 57
284 642 70 47 38
376 634 91 90 90
177 777 67 7 1
49 681 12 5 4
689 799 37 34 33
385 714 41 27 24
423 644 4 2 0
770 789 38 18 11
576 659 11 7 6
559 603 62 36 22
316 642 55 37 37
468 764 43 39 36
403 498 37 18 12
30 783 39 23 16
665 673 91 29 25
409 741 34 29 26
558 792 72 70 68
502 540 80 80 80
610 642 54 40 39
624 784 24 18 13
412 455 60 48 48
224 642 25 23 21
658 759 87 72 69
296 356 23 14 8
453 768 46 23 18
655 745 12 8 5
287 322 37 10 7
482 568 15 4 4
361 634 57 40 26
594 631 61 53 50
361 612 7 6 6
578 691 51 48 48
377 674 54 17 15
190 244 4 1 0
451 464 86 33 26
66 612 29 27 27
432 472 72 51 38
105 320 1 0 0
788 789 42 31 29
306 498 56 16 8
51 740 73 43 38
173 341 1 0 0
237 484 88 76 76
427 534 95 88 81
466 523 64 26 15
439 635 91 66 57
554 682 93 88 87
50 461 61 48 42
39 442 65 31 22
1 52
2 89
3 0
4 40
5 6
6 28
7 16
8 21
9 81
10 24
11 59
12 113
13 30
14 60
15 12
16 31
17 26
18 68
19 110
20 137
21 54
22 51
23 1
24 7
25 0
26 29
27 95
28 25
29 27
30 15
31 74
32 78
33 21
34 96
35 173
36 76
37 28
38 8
39 92
40 90
41 104
42 33
43 50
44 55
45 63
46 80
47 28
48 74
49 14
50 105
51 43
52 60
53 48
54 100
55 74
56 70
57 170
58 27
59 44
60 60
61 29
62 47
63 92
64 10
65 98
66 29
67 68
68 78
69 23
70 29
71 52
72 111
73 89
74 82
75 53
76 35
77 20
78 41
79 38
80 49
81 105
82 78
83 11
84 76
85 60
86 13
87 110
88 45
89 4
90 76
91 51
92 136
93 66
94 88
95 34
96 10
97 83
98 55
99 45
100 77
101 56
102 127
103 65
104 52
105 17
106 13
107 50
108 73
109 15
110 20
111 45
112 78
113 21
114 28
115 53
116 0
117 88
118 61
119 45
120 42
121 77
122 101
123 128
124 154
125 33
126 0
127 0
128 35
129 12
130 46
131 62
132 11
133 36
134 63
135 63
136 44
137 47
138 62
139 103
140 68
141 43
142 57
143 36
144 30
145 102
146 62
147 45
148 38
149 42
150 148
151 54
152 21
153 96
154 15
155 116
156 30
157 57
158 81
159 40
160 39
161 8
162 24
163 32
164 56
165 33
166 90
167 85
168 67
169 25
170 77
171 53
172 26
173 40
174 110
175 54
176 26
177 111
178 20
179 143
180 1
181 52
182 24
183 61
184 59
185 65
186 58
187 88
188 48
189 29
190 21
191 30
192 82
193 131
194 85
195 8
196 47
197 136
198 102
199 99
200 59
201 75
202 15
203 87
204 28
205 20
206 79
207 93
208 129
209 48
210 48
211 14
212 36
213 48
214 59
215 29
216 49
217 8
218 73
219 86
220 10
221 16
222 51
223 110
224 117
225 109
226 56
227 38
228 37
229 39
230 84
231 44
232 29
233 46
234 13
235 144
236 63
237 93
238 66
239 83
240 65
241 43
242 8
243 21
244 101
245 87
246 80
247 134
248 86
249 1
250 92
251 48
252 40
253 50
254 82
255 60
256 40
257 104
258 77
259 199
260 23
261 5
262 34
263 42
264 80
265 130
266 94
267 31
268 30
269 94
270 63
271 176
272 76
273 46
274 90
275 55
276 26
277 24
278 73
279 48
280 42
281 105
282 146
283 68
284 98
285 65
286 120
287 59
288 52
289 96
290 92
291 140
292 109
293 75
294 89
295 25
296 93
297 70
298 86
299 83
300 51
301 96
302 51
303 82
304 131
305 40
306 45
307 21
308 1
309 36
310 57
311 63
312 55
313 86
314 74
315 111
316 55
317 54
318 241
319 21
320 103
321 96
322 69
323 134
324 144
325 58
326 52
327 54
328 39
329 149
330 65
331 73
332 77
333 49
334 156
335 126
336 70
337 54
338 93
339 33
340 92
341 57
342 43
343 65
344 43
345 124
346 137
347 45
348 31
349 121
350 129
351 36
352 113
353 42
354 27
355 95
356 138
357 83
358 40
359 115
360 25
361 166
362 102
363 116
364 86
365 11
366 51
367 143
368 71
369 54
370 140
371 121
372 28
373 92
374 105
375 34
376 93
377 80
378 70
379 123
380 63
381 37
382 71
383 94
384 44
385 29
386 40
387 3
388 78
389 64
390 36
391 82
392 62
393 170
394 52
395 94
396 99
397 42
398 32
399 47
400 92
401 23
402 59
403 189
404 77
405 65
406 19
407 131
408 89
409 104
410 58
411 7
412 108
413 93
414 37
415 36
416 67
417 17
418 12
419 155
420 0
421 51
422 59
423 83
424 93
425 99
426 85
427 127
428 107
429 88
430 104
431 46
432 122
433 99
434 28
435 24
436 113
437 42
438 62
439 105
440 112
441 121
442 161
443 170
444 202
445 52
446 94
447 44
448 11
449 43
450 115
451 116
452 35
453 176
454 18
455 144
456 56
457 42
458 170
459 54
460 61
461 132
462 82
463 95
464 47
465 91
466 155
467 74
468 39
469 35
470 13
471 95
472 95
473 24
474 73
475 29
476 91
477 52
478 145
479 103
480 139
481 19
482 41
483 13
484 12
485 74
486 46
487 89
488 69
489 38
490 156
491 79
492 74
493 113
494 73
495 71
496 71
497 28
498 80
499 44
500 79
501 134
502 67
503 60
504 77
505 60
506 72
507 0
508 107
509 24
510 103
511 143
512 123
513 33
514 79
515 150
516 82
517 44
518 62
519 51
520 28
521 80
522 10
523 206
524 127
525 163
526 157
527 159
528 101
529 75
530 77
531 64
532 118
533 77
534 133
535 123
536 131
537 96
538 79
539 38
540 49
541 98
542 147
543 55
544 152
545 118
546 87
547 104
548 125
549 93
550 135
551 99
552 82
553 87
554 19
555 82
556 99
557 85
558 100
559 192
560 37
561 133
562 70
563 58
564 69
565 21
566 52
567 50
568 145
569 30
570 148
571 125
572 130
573 103
574 161
575 104
576 159
577 72
578 177
579 178
580 129
581 241
582 44
583 35
584 105
585 155
586 69
587 69
588 169
589 98
590 144
591 79
592 95
593 239
594 79
595 109
596 101
597 138
598 151
599 102
600 95
601 69
602 94
603 172
604 172
605 103
606 51
607 98
608 151
609 98
610 99
611 115
612 171
613 5
614 58
615 137
616 111
617 137
618 127
619 151
620 75
621 63
622 134
623 50
624 110
625 180
626 38
627 99
628 29
629 162
630 222
631 96
632 242
633 39
634 152
635 170
636 191
637 70
638 73
639 71
640 130
641 110
642 187
643 114
644 84
645 144
646 80
647 235
648 222
649 51
650 125
651 86
652 137
653 85
654 120
655 234
656 152
657 58
658 133
659 118
660 110
661 115
662 68
663 91
664 63
665 95
666 218
667 178
668 130
669 97
670 142
671 64
672 145
673 93
674 148
675 46
676 58
677 135
678 93
679 87
680 168
681 106
682 134
683 39
684 100
685 72
686 135
687 71
688 169
689 57
690 137
691 87
692 200
693 151
694 80
695 123
696 157
697 106
698 152
699 133
700 217
701 152
702 144
703 133
704 143
705 34
706 168
707 60
708 115
709 62
710 172
711 164
712 171
713 72
714 94
715 195
716 51
717 206
718 155
719 104
720 108
721 242
722 188
723 160
724 254
725 160
726 160
727 134
728 206
729 146
730 189
731 208
732 319
733 202
734 149
735 180
736 168
737 151
738 52
739 283
740 194
741 243
742 228
743 174
744 257
745 126
746 175
747 162
748 188
749 101
750 182
751 181
752 265
753 90
754 77
755 91
756 192
757 163
758 242
759 313
760 193
761 278
762 113
763 56
764 226
765 180
766 243
767 211
768 248
769 238
770 110
771 257
772 332
773 205
774 184
775 206
776 163
777 404
778 172
779 195
780 219
781 154
782 183
783 234
784 129
785 217
786 305
787 171
788 316
789 116
790 252
791 146
792 118
793 304
794 271
795 318
796 176
797 169
798 241
799 268
800 295
