500 5000
307 435 42 35 33
267 366 87 78 75
339 383 85 56 47
194 231 48 42 40
383 418 43 25 21
465 500 10 7 4
130 367 55 31 10
438 470 32 19 8
339 455 92 39 30
105 500 63 49 46
430 471 48 26 25
15 403 5 4 3
67 106 97 64 59
11 460 87 39 36
99 498 27 12 4
232 378 20 16 15
251 401 30 29 28
268 328 14 8 2
187 229 19 3 2
486 494 79 47 41
266 475 55 34 33
476 493 87 35 21
490 499 23 8 8
250 251 70 29 3
438 464 61 52 49
7 188 94 41 1
436 486 61 15 12
434 439 58 35 22
95 318 31 30 30
191 372 96 49 3
157 276 18 10 9
426 482 65 45 27
275 382 94 66 64
449 467 88 77 76
304 474 99 19 8
15 48 67 28 0
208 264 38 22 22
271 353 63 21 12
418 437 4 4 4
161 320 64 33 32
67 438 49 24 20
230 420 20 10 10
423 490 97 49 49
336 352 97 28 16
309 331 7 6 5
440 475 46 34 24
406 478 12 11 10
45 359 31 28 25
427 446 83 40 4
147 312 39 19 18
233 355 72 70 68
262 490 84 76 76
79 324 91 42 15
351 434 57 26 15
336 417 48 18 16
241 305 88 46 43
103 286 72 1 1
162 199 56 50 47
58 249 59 30 12
231 293 47 21 14
48 151 42 25 13
272 378 50 28 25
217 256 85 81 80
82 106 72 64 63
228 288 24 9 5
430 459 9 8 8
286 369 5 3 3
105 124 14 7 4
412 414 82 23 11
290 413 20 16 15
4 316 19 8 1
164 483 32 23 21
27 214 37 15 7
16 239 67 23 22
156 485 20 11 8
32 120 97 95 95
446 481 83 52 35
366 388 66 46 43
345 413 2 2 2
481 500 93 43 17
274 417 91 75 60
288 294 28 22 19
144 365 42 17 12
165 259 73 37 31
350 484 28 17 12
419 490 65 60 60
284 373 86 56 28
232 434 1 0 0
203 233 84 43 36
186 477 98 73 65
458 471 32 23 19
405 437 4 3 2
46 454 74 69 67
419 458 62 60 59
41 382 30 21 15
156 391 56 48 45
13 179 86 43 43
151 498 34 27 27
299 431 26 7 3
495 498 21 10 6
402 469 26 25 24
182 242 88 41 40
419 450 44 19 9
388 407 81 66 58
478 487 95 71 67
434 458 0 0 0
399 500 66 51 36
297 310 58 37 19
399 499 87 52 46
169 254 66 40 38
145 214 50 25 25
173 481 97 77 75
7 422 56 27 9
76 77 33 16 3
490 492 13 3 0
103 343 65 62 62
61 291 84 83 82
156 495 60 49 45
133 434 35 32 32
249 395 70 47 35
452 471 51 41 33
78 274 74 50 29
47 272 89 16 8
448 497 40 37 35
169 500 59 43 41
245 318 52 52 52
202 301 69 66 66
279 421 1 1 1
212 247 5 4 3
433 489 36 9 2
304 369 29 16 12
135 438 54 53 52
399 473 35 33 31
404 433 49 28 20
62 102 6 5 4
446 453 14 5 2
418 438 4 3 2
174 321 34 31 30
203 251 82 25 20
418 434 60 41 41
73 131 24 17 13
192 198 6 6 6
226 232 18 14 11
252 320 90 3 2
409 496 4 2 2
102 178 3 1 1
451 465 96 87 85
402 409 62 20 2
10 433 74 54 48
1 51 17 5 4
205 423 63 48 36
491 494 43 37 35
131 399 33 30 28
380 399 98 90 87
344 391 15 11 11
106 315 90 82 74
480 490 92 49 49
490 500 47 40 39
303 489 25 9 4
90 488 68 47 44
311 450 77 35 23
478 483 0 0 0
367 422 28 11 11
230 368 5 2 2
442 491 1 1 1
46 156 24 2 2
183 204 70 28 24
455 467 85 46 18
244 402 20 12 11
302 413 82 46 37
225 414 18 18 18
435 459 52 40 34
191 298 31 31 31
244 377 55 19 3
35 278 51 29 23
361 388 14 8 8
333 394 10 9 8
10 61 7 4 2
150 449 19 15 14
147 448 35 29 25
475 490 96 20 10
190 438 92 74 70
351 461 18 7 2
330 467 17 7 5
251 269 56 6 4
185 497 56 15 15
479 494 73 51 49
378 382 72 71 70
197 200 46 37 36
197 478 97 69 53
304 352 6 4 2
397 470 64 60 58
30 396 99 37 35
36 178 17 4 4
499 500 96 85 83
407 408 26 20 18
388 418 19 19 19
156 453 15 7 7
63 493 68 37 9
41 369 76 29 1
146 284 1 0 0
491 498 48 22 20
448 475 58 12 12
159 162 12 10 9
142 319 89 80 74
426 435 88 49 46
189 319 52 31 10
453 458 84 40 28
66 189 76 70 64
117 186 38 29 28
4 369 95 59 37
187 461 27 10 4
358 488 33 17 8
397 450 96 89 86
345 492 63 30 25
465 496 12 8 4
54 192 71 70 70
108 133 6 5 5
193 422 60 37 31
95 471 8 6 4
263 460 82 49 33
236 480 77 45 34
304 421 3 2 2
476 496 79 26 0
460 476 26 12 11
230 356 4 0 0
392 495 66 37 21
221 399 2 2 2
241 459 17 9 9
434 451 6 5 4
246 263 7 2 0
154 489 57 36 33
272 493 74 65 57
381 422 22 20 19
81 486 89 77 74
143 162 58 26 10
437 459 63 47 40
46 224 30 18 10
461 472 75 49 48
241 419 73 30 20
390 489 58 7 7
294 333 58 27 19
426 499 22 21 21
72 473 73 29 8
14 396 68 17 9
151 314 69 48 39
488 496 60 31 17
298 338 45 41 39
22 253 85 48 35
422 425 11 11 11
134 495 86 57 57
261 322 75 25 6
172 266 21 3 3
332 357 49 20 12
344 363 16 2 0
121 477 30 19 17
8 54 79 49 44
178 221 67 64 64
404 498 76 36 28
439 475 88 57 42
110 489 79 78 78
178 495 16 7 5
375 446 5 4 3
351 465 47 39 34
249 396 58 38 38
27 73 4 2 0
494 497 41 32 25
268 368 33 4 0
265 451 72 12 0
469 472 90 29 0
199 349 29 22 17
441 470 62 48 36
411 422 11 11 11
106 219 11 3 0
383 500 72 56 47
145 332 53 31 29
472 487 78 72 71
388 465 67 52 44
252 361 6 3 0
141 182 50 20 19
228 303 25 15 11
191 450 93 49 33
204 273 32 13 4
368 380 38 27 21
81 414 32 28 26
83 131 15 10 9
280 444 52 39 28
167 351 98 64 35
81 371 66 41 40
353 449 59 41 40
119 335 15 11 11
486 493 97 89 81
494 495 100 57 39
83 382 27 22 17
431 480 15 13 12
64 225 54 51 49
170 189 51 49 49
139 498 64 60 59
464 487 41 28 18
168 263 46 43 42
320 327 14 8 5
70 106 44 12 7
282 384 39 19 18
418 423 58 29 28
147 205 57 55 54
96 252 81 62 52
498 499 55 13 10
260 449 52 16 16
290 367 11 4 2
340 386 99 91 89
306 415 91 78 77
431 435 31 28 28
156 469 2 1 1
336 382 10 1 0
418 447 64 32 6
366 373 11 9 8
286 451 11 7 5
283 310 98 64 33
112 311 50 30 22
1 256 48 23 22
333 480 72 59 51
265 390 33 25 17
317 483 83 44 35
114 149 49 12 8
131 316 78 59 53
379 480 49 44 42
449 497 64 31 16
168 370 47 25 25
240 327 48 30 13
183 319 56 52 52
81 157 19 9 3
107 496 27 14 12
492 500 39 32 31
225 458 92 86 84
326 489 30 13 7
416 487 72 52 46
57 482 73 42 21
67 382 88 68 52
213 234 70 16 8
69 200 46 34 32
383 476 97 88 80
73 85 65 50 36
54 308 37 34 32
156 449 37 25 25
394 488 57 50 48
34 384 11 9 8
112 302 85 48 36
334 393 2 0 0
103 336 76 46 29
230 250 54 22 9
71 142 68 46 24
225 276 91 49 46
199 439 72 7 1
339 471 11 11 11
435 453 46 23 22
39 67 79 47 42
281 465 61 34 25
472 486 75 42 37
201 209 26 24 24
258 496 10 7 6
437 478 53 38 27
381 397 3 2 2
420 475 29 28 28
480 494 58 49 49
30 486 49 42 35
153 244 48 43 40
349 472 7 2 0
61 323 15 4 1
45 186 42 42 42
239 349 11 5 4
121 348 100 67 39
352 440 95 94 93
28 119 31 29 27
325 379 15 3 2
466 494 3 2 2
178 399 87 47 22
146 253 95 77 72
217 275 97 97 97
268 460 2 1 1
317 357 96 62 40
44 168 29 18 17
59 290 31 21 20
292 400 74 38 33
155 397 96 43 27
217 481 87 52 17
261 386 42 30 30
225 447 87 63 48
107 299 55 52 52
234 329 64 62 62
102 205 20 7 2
357 451 3 2 2
473 497 86 28 23
351 455 55 11 0
212 262 40 13 1
376 491 42 1 0
146 431 71 54 44
40 402 29 4 2
75 302 7 5 4
101 446 27 16 16
189 402 72 37 8
453 466 37 28 19
259 470 55 40 37
464 495 68 54 53
24 57 46 18 16
191 403 36 18 17
9 295 45 4 1
250 450 42 14 2
412 445 3 2 2
219 392 93 71 52
240 346 48 23 23
191 259 36 7 2
154 411 2 2 2
312 381 52 46 45
78 453 84 50 42
311 406 82 50 43
317 411 90 37 7
371 419 8 3 3
468 484 28 23 22
254 277 46 22 19
463 499 97 39 39
138 460 59 15 3
182 311 6 5 5
325 446 55 34 31
331 341 75 41 28
13 113 4 2 1
71 89 42 10 8
161 494 27 15 12
261 354 68 1 1
322 372 48 21 3
51 115 25 4 0
401 406 22 13 11
186 241 69 39 32
74 227 1 0 0
358 433 92 44 35
141 342 100 43 25
124 436 6 4 3
35 44 73 43 20
371 373 42 34 28
177 433 54 14 13
484 498 9 4 3
368 471 87 62 62
379 449 5 3 2
334 387 18 17 17
481 490 24 13 9
305 471 95 87 83
101 465 11 3 3
63 399 13 13 13
122 466 17 16 16
420 471 65 31 0
322 497 12 5 2
245 439 34 26 26
215 390 89 31 16
315 348 40 29 23
264 312 99 55 37
63 284 11 4 1
132 307 68 52 48
69 195 39 36 35
460 473 65 64 64
185 257 47 41 40
459 493 79 59 57
230 463 63 39 35
446 461 13 3 3
296 332 4 3 3
203 462 92 52 50
333 385 36 28 27
171 308 35 34 33
346 358 21 12 6
189 230 28 21 17
404 427 13 4 0
160 479 44 23 3
308 471 31 10 2
341 454 22 16 13
444 456 92 56 33
476 487 92 54 41
56 448 20 10 3
279 330 0 0 0
70 407 56 9 5
432 449 43 6 5
265 481 61 57 55
332 491 70 46 31
382 445 55 43 40
495 499 78 34 8
116 160 38 29 28
14 65 55 39 39
148 355 95 61 46
292 483 10 0 0
195 316 13 7 7
117 472 22 10 1
178 475 31 22 21
461 486 55 22 22
195 301 3 1 0
204 292 5 3 1
437 467 98 45 26
262 478 19 14 14
285 302 28 22 20
382 461 94 66 64
363 455 96 50 43
395 457 45 42 42
340 477 4 1 0
76 325 19 13 12
145 494 95 31 5
254 398 21 3 0
313 393 3 1 1
184 452 20 17 16
257 360 32 23 16
390 427 7 4 3
441 445 75 63 61
313 395 20 12 8
171 216 63 34 13
268 430 16 0 0
58 440 85 27 11
7 470 17 5 4
384 385 61 48 37
234 452 49 10 1
371 499 93 78 75
295 399 94 80 75
331 470 57 19 18
282 322 35 35 35
325 344 15 7 4
342 409 70 63 60
338 461 51 37 36
389 447 83 50 25
55 468 27 19 19
15 59 8 7 7
349 403 83 70 61
485 499 29 28 27
398 477 56 28 2
291 304 97 11 3
237 416 36 3 0
165 495 0 0 0
472 499 38 35 35
30 172 54 15 7
451 459 72 52 43
380 484 63 42 33
434 449 48 28 28
343 399 32 28 28
292 495 8 2 1
64 266 49 23 23
446 480 26 11 4
417 446 28 16 13
407 484 41 41 41
392 476 1 1 1
296 466 91 69 47
360 500 87 35 23
143 497 97 76 70
166 237 41 29 28
188 190 93 79 72
266 379 94 82 71
162 288 40 10 6
341 391 84 39 26
321 398 69 67 66
233 274 72 69 69
467 475 3 3 3
352 496 36 30 25
116 456 9 7 5
181 207 97 46 39
249 407 84 74 74
264 345 53 30 11
192 264 51 42 39
399 483 80 63 61
189 199 25 15 11
59 401 24 1 1
454 477 93 26 7
308 363 19 14 12
303 328 32 17 4
96 372 22 15 9
82 89 66 58 58
214 285 65 57 52
464 491 38 16 13
214 293 18 2 0
421 440 39 35 35
48 292 36 29 22
13 261 17 17 17
28 183 46 17 12
239 335 62 40 32
8 295 34 24 23
266 335 60 11 9
31 423 16 13 13
35 407 98 86 76
293 459 20 1 0
172 283 74 70 68
70 235 70 42 37
1 233 79 30 19
164 410 12 8 5
408 478 32 29 28
318 344 66 45 27
347 475 74 67 64
351 481 39 13 13
177 291 79 71 67
282 463 37 30 28
417 429 54 22 19
55 271 13 12 12
174 492 91 91 91
486 489 32 7 0
290 433 79 48 27
51 485 57 45 43
123 293 81 47 28
42 49 5 4 3
317 380 69 57 50
322 351 38 30 26
215 332 63 61 60
396 451 36 17 5
116 153 10 6 4
377 386 71 59 59
1 263 77 56 42
319 331 42 37 33
464 468 22 13 7
29 93 55 50 49
389 424 29 28 28
239 435 13 9 5
451 481 15 5 4
288 368 37 30 29
7 286 35 23 17
156 472 8 2 2
69 250 17 7 7
98 220 46 22 18
495 500 87 86 86
80 305 5 3 2
476 483 55 55 55
115 206 2 1 0
283 333 32 16 12
39 498 100 38 3
132 246 40 8 3
456 481 28 25 24
361 493 99 73 68
135 406 65 42 36
406 435 71 37 26
67 270 76 5 1
197 455 39 15 13
330 413 58 22 19
26 376 78 70 65
447 476 58 42 35
257 454 50 37 29
11 418 13 3 1
434 489 94 60 50
364 371 30 26 24
145 321 31 14 13
266 453 51 27 14
246 296 35 26 25
350 462 42 34 33
375 496 48 35 35
7 29 31 30 30
423 486 58 40 22
364 394 75 13 6
28 254 44 29 17
54 134 7 3 1
212 492 4 4 4
268 312 77 53 37
456 477 73 55 50
90 257 97 81 81
86 219 60 52 52
217 272 54 42 42
95 336 97 22 10
421 451 5 5 5
424 467 65 18 1
453 490 17 12 11
380 489 78 26 18
113 441 1 1 1
174 362 33 21 18
286 399 54 37 35
303 395 3 2 2
106 497 16 9 4
200 367 60 6 4
228 317 45 31 29
157 432 34 31 31
58 247 21 14 12
103 419 77 66 63
79 410 35 13 1
109 234 90 51 33
178 316 25 21 17
16 273 79 43 27
94 375 60 27 26
29 226 98 45 39
124 332 74 42 17
342 484 98 43 29
195 377 32 28 26
201 439 100 51 32
403 495 52 32 31
116 391 13 12 12
195 362 40 22 12
165 289 14 6 3
17 389 37 31 28
85 194 44 16 10
145 322 91 25 7
171 255 49 42 41
449 461 65 35 16
402 491 7 5 4
307 500 99 79 73
472 478 6 5 5
79 176 52 45 40
343 422 39 22 22
169 455 47 12 5
123 428 75 24 14
280 482 32 20 20
252 284 56 39 39
340 373 91 62 55
2 316 100 94 90
117 254 78 78 78
329 331 34 32 30
91 282 15 10 5
50 140 64 22 18
243 298 73 35 35
442 451 0 0 0
32 204 0 0 0
462 491 35 17 13
242 490 92 78 69
257 283 7 4 4
189 265 13 10 7
479 488 93 44 25
7 12 42 10 10
14 379 66 38 18
193 484 1 1 1
152 382 68 39 28
368 392 77 19 13
269 295 51 28 11
373 460 36 11 10
75 356 95 61 54
363 367 92 38 28
35 220 85 71 68
427 451 7 1 0
236 475 16 13 12
56 402 49 35 31
452 485 23 12 5
390 407 20 17 14
274 318 11 11 11
418 420 24 14 7
141 332 72 57 55
13 25 39 29 27
282 418 46 14 11
187 390 54 53 53
466 495 5 5 5
275 283 6 4 2
290 458 32 32 32
158 488 31 13 5
230 257 75 26 14
382 489 96 78 69
211 422 96 81 72
233 440 72 51 47
226 413 55 25 0
156 311 14 13 12
194 487 30 15 0
75 287 17 16 16
79 149 37 17 16
11 345 19 13 10
153 317 62 54 46
431 468 37 26 22
417 465 92 27 13
206 485 19 6 2
206 306 82 71 67
193 381 70 33 1
469 486 65 64 64
124 452 50 50 50
168 254 68 55 53
283 340 16 13 11
448 477 23 6 5
398 466 53 48 44
342 451 15 4 4
284 466 66 46 37
350 488 39 14 13
178 291 72 30 8
417 435 46 9 5
430 497 4 1 0
494 500 95 51 33
159 223 14 10 10
217 427 17 12 9
419 430 45 40 40
381 438 83 27 17
7 335 74 69 68
15 288 73 71 71
333 478 8 8 8
211 308 23 12 8
361 391 70 4 4
452 461 14 13 13
453 474 21 12 7
203 485 77 76 76
466 484 45 30 25
497 498 86 71 62
470 498 73 39 11
78 365 56 45 40
15 430 47 17 8
326 468 31 11 8
115 181 83 77 72
224 335 48 12 6
97 148 34 6 3
229 325 47 12 11
448 456 22 20 18
110 424 89 58 51
247 469 76 32 3
132 470 52 32 15
422 483 74 46 43
168 379 48 38 32
247 459 97 50 48
174 399 42 27 27
384 481 89 57 46
60 161 26 12 5
255 498 20 14 13
260 448 96 47 6
284 297 79 50 44
129 217 95 53 30
361 441 14 7 7
458 498 96 30 2
90 245 30 22 19
458 484 32 21 19
483 485 21 16 16
183 489 79 22 22
325 500 54 49 49
3 425 48 38 38
372 420 67 60 58
354 369 75 48 35
82 423 37 37 37
32 450 23 10 1
285 378 44 29 25
486 487 27 26 26
407 467 18 14 11
43 296 75 27 2
291 487 70 59 54
208 278 45 18 11
392 480 0 0 0
293 497 20 10 3
306 490 30 9 9
231 283 2 2 2
98 151 66 43 43
235 423 66 19 11
468 475 91 24 13
204 240 60 18 7
60 450 92 48 34
226 270 75 74 74
479 482 81 46 31
126 429 81 8 8
301 334 2 1 1
103 206 91 61 56
485 492 86 82 81
496 498 84 30 25
348 432 49 41 33
207 382 35 17 1
82 249 65 27 17
386 439 71 50 29
366 474 98 82 69
130 325 81 77 75
425 440 52 31 16
289 313 38 15 14
379 430 46 37 36
163 404 50 45 42
229 448 91 46 39
315 492 59 55 53
355 484 58 51 51
471 480 6 6 6
310 346 9 4 4
446 472 54 19 5
377 453 72 64 56
280 337 86 77 74
432 490 32 16 13
334 345 66 24 22
72 302 22 2 2
5 233 67 34 10
470 485 23 20 19
218 498 11 9 7
206 441 99 85 80
190 400 24 15 13
42 308 11 2 2
76 441 73 69 67
41 300 88 30 28
412 437 60 29 29
175 208 74 33 29
362 495 17 12 9
368 408 25 23 23
230 383 15 7 0
21 61 15 15 15
287 498 66 15 10
138 239 13 9 7
188 215 2 1 1
167 471 28 17 7
64 444 81 70 68
234 377 98 40 38
287 480 68 4 4
86 104 51 28 25
97 324 95 36 27
331 404 50 19 18
201 250 98 90 85
417 457 29 11 4
48 153 96 51 42
23 458 68 37 35
30 44 30 21 14
193 431 39 26 22
177 315 51 32 23
84 413 13 9 7
172 354 47 16 2
250 475 28 9 1
446 476 28 21 14
357 489 26 23 21
369 383 59 29 28
217 459 17 5 0
150 272 95 84 84
190 345 71 67 66
249 498 5 5 5
40 459 58 41 30
451 469 8 1 1
409 473 54 28 13
273 378 14 11 11
83 244 20 4 1
415 475 77 33 25
445 461 29 0 0
52 448 4 4 4
125 259 10 5 0
240 369 4 2 1
263 443 100 69 54
123 185 17 14 11
269 304 63 32 24
129 411 55 45 42
185 204 82 36 16
154 269 98 93 88
250 428 59 37 30
332 400 14 8 6
296 489 24 3 0
488 495 48 35 23
178 241 40 40 40
120 434 90 13 8
1 187 91 72 53
3 463 30 1 1
353 441 68 46 32
399 448 69 65 64
246 248 25 23 22
191 330 55 46 38
188 231 87 21 5
237 413 13 10 10
148 483 57 40 32
260 331 56 29 14
235 471 43 9 9
250 374 41 22 8
194 462 87 67 67
303 392 80 73 66
37 319 78 52 36
29 179 26 20 20
483 484 18 11 6
180 454 46 42 39
218 252 87 30 4
56 99 74 58 56
402 463 95 75 73
340 352 44 31 29
150 164 25 9 1
415 453 100 56 56
286 440 19 7 4
69 274 75 65 65
344 353 36 10 6
275 417 56 29 8
182 211 59 16 8
283 467 90 89 89
303 315 88 74 73
284 470 58 55 54
277 364 73 35 23
171 361 45 14 13
228 316 23 12 12
4 350 35 27 23
42 80 66 43 28
270 363 61 60 60
172 374 37 26 21
280 359 35 26 26
58 261 77 24 9
443 494 84 24 3
255 450 30 29 29
285 318 97 90 88
194 250 61 24 16
197 208 80 53 47
392 474 99 63 35
311 441 45 35 34
232 474 51 28 9
172 364 15 12 10
109 404 86 85 84
279 466 97 65 34
37 287 9 8 7
142 220 94 66 56
385 459 71 67 64
291 380 75 43 41
113 183 6 6 6
66 181 81 67 55
256 287 90 89 88
40 268 10 5 3
460 490 65 63 63
24 43 13 6 6
115 116 42 17 12
398 401 0 0 0
415 424 91 36 24
109 201 54 53 52
292 355 18 9 1
386 495 49 39 34
95 377 18 12 12
407 497 12 7 3
317 321 60 22 19
311 315 73 36 35
127 496 10 5 3
85 328 30 26 24
438 478 76 49 49
343 481 99 43 42
156 318 11 4 2
250 413 50 16 16
383 396 10 5 1
475 499 45 37 34
302 358 10 4 4
347 420 26 21 20
384 392 80 72 71
496 500 100 87 87
215 319 12 10 10
61 96 58 32 10
43 409 0 0 0
408 420 50 21 21
196 318 95 51 16
133 308 20 11 7
332 409 83 7 1
433 486 25 22 20
354 414 3 1 1
407 449 16 16 16
183 313 74 33 28
480 489 5 5 5
466 485 32 10 10
19 192 33 30 30
4 57 25 20 20
482 483 62 34 33
189 317 51 29 28
451 453 69 19 13
408 467 100 77 55
21 211 46 29 14
360 450 88 44 23
432 479 22 22 22
456 479 32 18 6
440 462 30 23 22
76 353 71 55 42
230 499 92 84 77
436 499 21 20 20
229 260 97 97 97
284 310 50 22 4
184 358 61 41 28
338 491 24 3 2
188 238 67 61 61
247 350 61 28 13
356 433 82 82 82
52 413 31 16 10
4 312 32 4 2
114 316 76 13 13
131 275 74 35 35
260 491 21 9 8
75 248 96 62 49
291 494 52 32 12
323 396 15 5 5
240 269 98 50 29
47 185 39 17 10
185 241 74 57 53
452 499 71 38 14
361 485 82 8 5
236 477 86 47 27
162 349 6 5 5
82 403 71 62 54
12 189 69 49 37
66 129 70 10 4
147 279 42 33 33
199 369 40 19 14
59 164 42 4 4
23 211 80 60 54
368 371 34 10 10
56 233 19 4 2
414 440 98 63 53
258 412 56 36 36
165 348 48 17 2
102 326 92 58 50
152 270 91 77 71
358 379 79 63 62
29 223 67 23 15
256 308 36 10 0
230 287 94 42 17
383 491 49 26 26
312 401 91 57 35
164 204 75 66 65
283 289 95 78 65
45 237 76 9 0
97 211 65 30 28
338 401 9 3 2
194 212 34 0 0
291 390 40 4 2
313 496 77 36 34
15 465 5 5 5
413 432 27 20 20
497 500 40 28 25
458 461 24 10 7
96 206 86 44 41
403 478 25 19 15
203 288 43 16 10
148 442 30 16 3
40 109 19 17 16
164 300 20 19 19
85 420 20 12 12
37 299 27 14 8
389 449 63 21 18
243 360 83 56 51
446 457 98 85 84
333 498 52 36 29
116 300 57 33 33
496 499 23 15 11
414 482 52 32 15
428 477 15 10 10
142 282 6 5 4
155 420 35 23 22
236 500 9 7 6
224 359 70 64 61
282 397 11 8 6
256 351 19 12 10
440 463 51 40 36
170 365 96 91 91
316 475 59 15 10
87 386 77 41 36
264 429 4 4 4
253 378 42 12 12
261 412 69 49 39
276 328 2 1 1
271 396 99 85 85
425 428 60 7 2
435 456 45 34 30
10 334 29 28 28
365 399 13 3 2
357 496 28 15 9
160 364 61 52 52
447 487 29 14 14
216 313 11 0 0
380 463 63 37 29
260 486 26 22 20
405 500 91 54 32
365 370 41 11 11
258 340 75 75 75
391 478 56 46 39
301 482 32 15 9
231 359 44 19 11
353 444 25 15 7
292 413 24 11 11
126 379 9 4 3
179 226 25 18 14
139 386 19 10 4
495 496 8 2 1
282 347 34 25 22
54 381 5 2 0
104 271 24 20 17
275 399 9 7 5
31 185 38 13 6
311 322 26 26 26
191 356 69 61 59
19 350 83 6 1
403 413 23 17 15
13 450 28 2 2
135 488 14 8 3
297 330 27 26 25
151 470 94 17 12
131 363 44 16 0
342 441 93 86 86
338 435 43 20 15
416 491 20 8 8
103 222 58 4 2
350 439 80 55 30
163 464 16 11 7
39 132 51 47 46
250 282 78 71 71
5 439 46 29 19
254 498 39 39 39
5 431 55 41 32
164 500 9 4 2
62 426 21 10 8
370 480 92 39 9
301 478 32 14 11
8 500 50 23 19
183 498 50 18 13
182 373 43 35 30
498 500 57 22 18
1 422 63 44 29
361 382 94 60 41
192 450 11 2 1
255 445 76 25 9
203 254 18 8 4
333 465 41 36 32
441 454 92 47 7
415 428 93 29 10
202 393 16 15 14
429 467 87 41 26
123 151 0 0 0
239 334 61 54 51
159 323 9 4 1
318 451 84 54 32
19 224 95 88 87
73 193 58 25 1
425 483 72 17 12
488 500 28 19 14
370 457 16 6 0
297 457 67 42 22
455 475 54 40 32
272 466 52 50 49
351 489 72 26 6
279 377 2 2 2
50 120 70 45 40
103 383 49 26 24
47 244 26 23 23
298 299 45 3 1
204 324 92 85 85
173 333 56 37 29
311 456 40 18 0
304 423 50 46 43
186 401 59 22 21
68 366 68 60 57
299 382 49 45 43
158 342 47 35 34
193 345 57 31 8
223 261 74 41 24
252 334 37 1 0
60 363 90 73 56
197 260 0 0 0
457 493 24 22 22
188 470 17 5 3
459 476 2 2 2
351 391 54 31 28
418 498 5 5 5
392 500 47 46 46
495 497 57 5 0
377 455 78 76 75
9 96 32 22 20
95 125 63 40 32
115 370 65 62 61
133 188 0 0 0
345 411 90 22 9
206 412 70 49 49
263 413 94 22 18
283 439 38 28 27
127 272 69 62 61
221 269 91 78 75
351 491 66 28 16
104 322 35 19 16
182 442 57 39 24
81 443 8 5 5
82 165 41 23 11
347 434 5 3 2
268 414 7 6 6
70 325 41 32 29
273 384 74 45 45
449 475 24 16 12
158 444 68 21 10
329 367 36 36 36
345 489 63 47 44
36 395 19 9 1
422 449 75 33 16
259 445 22 19 19
232 387 62 47 41
43 456 76 54 51
169 421 72 19 12
126 348 91 24 10
129 220 82 68 68
476 486 85 57 55
33 346 73 39 36
111 393 13 12 12
78 354 25 22 19
262 320 89 80 75
150 408 57 52 49
475 489 5 2 0
251 410 80 60 59
102 490 56 40 37
73 262 74 54 50
305 460 72 53 35
478 485 9 5 1
249 436 4 2 1
34 455 22 15 12
442 456 30 29 29
291 443 9 1 0
311 423 87 59 40
226 470 47 14 1
271 393 51 30 23
114 250 70 19 15
216 493 6 3 1
8 100 34 12 8
155 204 33 15 11
321 330 76 66 57
374 384 40 40 40
324 494 80 71 65
162 266 21 9 7
236 325 45 21 9
337 491 100 66 54
123 302 18 0 0
119 434 47 42 37
218 471 33 15 14
40 406 55 38 34
4 33 74 37 3
100 250 28 19 19
115 166 78 63 56
100 325 78 37 14
203 494 17 12 11
26 71 39 37 37
413 496 70 40 11
403 449 46 19 10
485 497 64 37 16
180 182 67 29 9
169 240 69 52 43
312 489 37 18 3
390 437 40 25 19
138 395 11 8 8
57 357 87 69 56
211 419 20 19 18
217 448 77 48 19
71 472 68 38 29
471 497 43 30 21
46 328 89 81 78
212 359 90 75 66
444 499 18 7 7
345 448 59 25 13
106 151 39 32 29
352 416 70 64 63
219 412 85 40 37
95 460 99 76 76
340 426 34 26 26
158 495 72 54 41
84 382 62 49 40
223 311 3 1 1
304 363 14 10 9
275 442 22 13 12
327 367 32 10 8
313 336 44 39 37
359 428 50 30 22
454 478 61 42 37
375 463 37 28 21
93 138 7 1 0
384 442 77 38 19
288 351 5 3 3
438 452 19 10 6
164 217 32 4 2
471 484 54 45 44
359 455 48 32 27
120 192 38 19 19
53 138 90 59 53
5 455 5 2 2
168 344 34 33 33
115 363 3 3 3
357 495 10 9 9
280 396 98 61 56
304 390 30 26 25
146 273 12 2 0
434 493 90 70 60
204 288 66 39 17
374 485 70 14 1
315 391 92 92 92
410 468 29 13 4
481 495 93 69 61
134 218 22 4 2
55 363 92 82 81
53 476 8 4 3
103 258 19 14 14
242 345 74 38 12
347 424 88 47 42
333 339 15 15 15
375 409 92 12 0
260 382 66 45 35
283 295 33 29 27
283 323 48 37 35
201 248 48 29 17
226 423 98 38 30
484 496 33 21 16
371 414 8 2 2
134 341 68 25 10
419 435 50 49 49
457 488 13 10 10
252 426 83 50 27
127 274 26 13 2
47 475 65 46 45
340 444 50 21 4
145 167 31 30 30
320 413 31 16 9
492 495 41 35 30
470 473 24 23 22
269 475 49 9 2
225 397 42 42 42
23 251 15 8 7
216 292 45 15 13
144 195 86 22 20
463 500 24 17 17
392 395 18 9 7
421 458 69 45 26
483 489 86 59 38
262 368 24 19 19
35 196 45 29 29
161 290 76 27 14
321 352 40 36 34
384 420 4 4 4
96 496 85 79 77
167 236 65 5 5
183 405 93 15 13
23 466 14 9 9
467 499 33 17 8
431 434 70 66 66
69 368 87 85 85
457 465 86 51 41
391 414 77 36 29
414 474 25 19 15
84 139 54 30 30
258 402 53 44 44
162 163 100 67 66
431 452 76 24 14
13 435 24 15 13
241 472 21 2 1
379 448 4 3 3
341 480 92 87 83
409 464 44 40 38
206 420 94 41 24
387 403 50 43 40
185 394 4 1 1
117 370 31 13 7
213 383 64 22 10
42 356 87 61 56
219 487 64 47 34
337 420 34 21 16
450 471 77 72 69
341 392 82 65 58
22 326 48 17 5
47 232 56 35 32
223 316 54 30 25
416 438 56 50 48
216 375 78 8 6
310 368 19 11 8
276 438 51 51 51
169 334 10 4 1
166 190 11 5 0
242 314 54 28 22
282 499 6 6 6
107 435 47 43 39
422 452 45 25 23
246 400 17 15 13
173 199 17 10 3
419 455 100 27 16
35 418 19 12 12
436 493 94 76 59
360 379 19 16 16
140 259 91 90 89
184 244 11 4 1
85 387 26 25 24
162 171 94 88 86
74 159 68 49 45
365 432 18 17 17
3 7 58 45 33
140 172 1 1 1
172 387 1 0 0
51 108 19 14 12
398 485 72 56 47
82 316 26 21 21
221 325 64 50 43
256 408 4 1 1
421 469 54 53 52
401 403 21 4 3
124 358 16 6 2
439 464 39 19 11
17 212 13 9 7
120 238 65 52 41
4 226 8 0 0
271 480 58 53 49
29 37 53 39 39
26 31 46 34 25
330 427 22 12 5
308 472 100 35 26
283 457 87 37 34
434 437 61 34 13
181 304 60 43 27
379 382 93 81 75
60 371 62 39 27
158 226 41 37 34
492 498 13 10 7
252 479 62 44 44
479 486 65 22 10
265 391 92 77 69
360 444 44 31 27
69 230 89 65 52
298 456 83 51 50
354 404 58 49 43
422 437 32 31 30
120 243 96 79 72
289 363 64 35 26
90 322 22 13 12
225 494 52 40 33
430 484 5 3 2
204 413 40 17 15
213 457 55 49 47
432 464 33 14 2
406 439 89 49 46
181 195 39 25 16
134 457 5 5 5
109 213 94 30 1
349 367 88 41 13
225 353 21 12 11
446 473 96 57 24
268 296 25 16 16
243 433 83 38 37
154 179 35 29 25
336 356 54 35 29
266 386 94 66 48
133 447 39 34 31
130 162 85 77 70
387 500 8 5 4
212 457 26 18 16
162 362 7 6 6
493 494 69 62 58
402 452 67 17 17
490 497 57 28 13
80 174 71 45 21
200 221 81 43 12
270 465 65 60 60
54 319 47 24 9
132 257 17 14 14
226 443 3 2 2
473 491 83 81 81
91 149 92 33 21
475 493 29 27 25
267 323 35 34 33
281 283 80 48 28
399 477 70 47 24
359 423 4 1 0
246 343 52 36 35
59 292 74 60 52
50 113 9 7 6
42 145 13 3 2
447 500 31 22 20
48 76 44 23 13
352 374 88 71 71
203 299 44 43 43
335 445 99 10 2
351 469 75 66 57
188 491 22 15 8
204 387 51 13 2
128 254 70 55 54
441 462 19 16 15
194 207 23 9 5
55 196 81 51 21
266 375 97 66 48
36 226 44 17 15
112 435 34 18 12
411 428 100 74 74
122 164 5 4 3
486 490 83 63 55
98 341 58 43 39
345 348 81 79 78
197 288 92 74 56
437 457 15 7 3
57 179 12 11 11
485 494 89 57 57
452 473 19 5 4
18 384 0 0 0
43 399 72 18 15
126 337 85 65 63
97 293 72 39 13
150 280 75 35 24
365 402 78 48 48
347 473 19 18 18
176 248 81 51 25
285 326 83 49 46
23 309 17 14 13
215 394 81 48 37
266 353 69 9 2
430 475 88 10 9
93 259 31 12 12
315 363 70 48 32
197 398 88 59 39
45 332 21 18 18
435 495 31 20 17
191 451 57 33 33
295 474 67 15 10
58 463 13 3 3
75 495 76 8 0
154 271 77 23 2
12 314 1 0 0
259 463 66 31 14
489 499 37 34 34
393 442 97 27 24
202 310 40 17 10
190 260 34 11 0
493 499 34 31 28
203 468 3 2 1
479 491 14 9 5
64 120 45 38 36
91 432 73 46 43
217 471 20 19 19
450 464 10 4 2
355 486 82 45 22
337 362 44 33 27
407 453 94 35 7
150 352 36 27 25
338 459 83 35 5
25 202 52 31 21
228 495 78 61 49
34 258 7 3 2
442 477 86 29 29
388 457 51 24 0
295 306 85 29 4
209 334 20 6 6
25 249 46 34 27
464 499 71 65 65
268 339 57 19 14
75 200 27 14 7
259 332 88 22 4
487 496 80 16 8
72 349 42 27 21
312 411 26 12 3
39 254 69 39 24
85 371 90 38 32
427 494 30 13 9
181 354 91 57 52
9 94 4 3 3
394 426 11 10 9
36 214 52 49 49
435 493 48 14 8
478 489 60 31 31
16 349 77 66 58
107 267 27 15 6
454 474 38 32 31
206 225 91 30 24
277 408 14 5 2
97 254 56 42 38
189 298 97 22 18
206 280 35 24 24
459 463 52 17 9
402 451 84 63 54
154 184 72 51 49
81 162 25 21 17
257 379 57 23 5
200 247 21 5 1
27 319 37 19 9
14 301 7 7 7
131 280 12 10 10
103 142 64 34 28
12 144 93 75 75
43 276 22 11 10
442 457 47 35 32
123 499 99 88 86
424 434 69 68 67
459 465 1 1 1
47 160 33 15 13
54 432 92 83 80
417 497 5 5 5
107 140 67 51 46
348 450 50 46 42
204 340 51 19 9
192 325 20 9 9
248 472 80 52 32
261 324 44 21 1
70 307 50 16 3
310 381 12 10 8
140 181 44 25 15
347 374 93 85 84
490 498 8 6 6
319 491 83 79 78
418 419 15 9 6
74 350 33 31 30
32 212 90 30 13
413 425 51 23 16
453 494 72 37 3
218 398 3 3 3
103 328 62 44 36
264 310 6 5 4
493 500 99 63 47
396 408 85 43 30
28 240 72 59 47
399 437 83 47 16
206 300 83 38 3
356 441 69 39 29
24 261 74 46 33
287 293 71 36 30
153 197 79 4 3
453 486 32 7 6
402 466 66 55 52
444 497 34 16 3
220 367 62 37 29
4 377 81 42 26
71 314 41 19 17
102 209 53 47 42
284 287 61 10 2
72 180 19 18 18
139 474 95 41 32
72 246 58 35 35
435 481 91 81 81
435 469 76 26 21
247 411 32 30 30
265 392 61 57 55
278 491 56 36 22
81 460 50 18 15
85 188 91 51 44
159 423 46 46 46
261 395 21 19 18
412 432 1 1 1
462 478 1 1 1
29 412 0 0 0
83 348 28 17 15
72 330 63 50 38
330 334 66 47 30
485 498 39 32 31
115 495 6 2 2
278 391 57 21 9
171 362 98 55 19
477 499 28 21 17
439 455 20 15 14
90 446 36 35 35
303 445 82 25 4
418 436 70 69 69
190 255 76 32 22
278 499 36 21 11
174 456 91 23 16
290 380 30 7 7
456 472 90 50 50
463 470 38 13 1
234 472 81 47 43
480 487 51 12 0
6 273 75 40 27
12 338 64 42 24
267 373 84 46 46
239 264 83 35 20
195 498 95 66 66
328 437 58 32 13
229 384 83 78 77
161 324 16 11 6
60 122 50 21 17
349 425 4 4 4
387 434 61 14 7
157 270 36 15 11
453 487 23 3 3
464 481 54 24 22
95 478 28 14 1
332 337 7 5 3
209 453 89 7 3
200 472 34 12 4
86 235 22 18 16
422 498 67 48 46
450 451 93 55 40
407 477 12 8 6
330 403 77 46 44
92 174 100 60 57
159 452 67 29 26
146 239 94 24 23
242 251 77 66 60
384 439 30 17 16
263 401 24 11 8
171 400 76 44 23
457 492 59 31 18
150 420 21 14 9
328 363 82 57 36
416 456 89 73 58
71 189 0 0 0
422 444 42 32 32
48 379 38 15 15
109 255 20 13 8
157 316 100 17 15
151 159 44 22 20
388 489 61 31 25
389 398 54 30 24
112 247 41 18 13
419 475 75 27 17
403 420 25 16 13
190 292 88 57 36
465 479 77 76 76
121 166 33 25 17
402 472 1 1 1
81 496 41 28 28
199 411 2 1 1
50 440 1 0 0
397 496 23 12 2
12 201 93 52 41
428 491 19 14 14
361 387 15 14 14
55 394 67 59 57
358 470 40 39 39
124 470 17 15 14
104 453 97 96 96
319 395 37 29 24
445 480 66 26 11
334 357 23 22 22
148 207 3 2 1
148 312 81 79 77
452 464 90 16 1
415 448 74 46 38
366 466 100 96 94
397 499 70 50 31
266 326 59 31 8
27 94 62 32 11
285 421 22 13 13
48 452 53 28 26
228 265 88 46 13
436 483 98 56 18
89 239 23 6 4
297 346 1 1 1
398 484 90 84 83
129 144 72 45 41
98 384 8 5 3
197 394 8 8 8
475 476 34 27 22
218 415 46 44 44
135 495 72 11 7
127 316 14 5 5
22 443 93 80 79
23 67 57 42 36
395 493 23 3 3
8 298 49 27 9
105 290 56 42 34
374 490 65 30 0
407 455 72 49 29
316 404 52 23 7
391 395 60 58 58
287 385 56 10 3
65 285 80 79 79
117 385 88 84 81
383 406 23 7 2
54 240 24 22 22
300 333 45 27 24
389 452 58 42 28
468 496 95 84 84
368 430 33 8 6
247 297 51 28 26
94 333 54 47 47
301 435 48 22 17
363 447 98 66 60
79 480 45 3 1
445 495 17 12 7
408 463 23 20 19
338 348 7 4 2
489 493 1 0 0
277 395 71 34 1
437 465 85 21 20
15 499 49 32 25
360 409 30 11 11
212 288 63 46 31
66 68 6 4 2
384 440 79 68 60
74 472 10 4 1
240 245 58 43 43
368 400 41 4 4
71 405 47 28 27
280 430 17 16 15
221 344 70 13 8
357 392 50 42 34
286 467 94 93 92
24 46 32 27 25
271 415 18 9 7
282 320 93 93 93
322 342 2 2 2
62 296 46 24 20
14 293 92 38 17
329 375 25 15 7
167 251 25 12 8
404 462 14 12 12
349 413 21 16 15
16 210 4 3 3
438 461 44 41 40
409 440 32 14 11
292 399 76 44 35
50 462 100 56 43
101 259 77 40 21
470 486 84 76 73
124 149 92 90 89
417 444 93 48 46
74 414 97 47 45
239 367 46 10 6
247 354 46 44 44
39 373 50 41 32
229 395 72 60 58
487 492 0 0 0
10 359 5 5 5
400 455 13 8 8
94 314 5 2 1
477 482 58 47 38
346 499 79 42 7
389 413 75 67 59
185 442 92 60 47
471 475 35 23 16
140 294 1 0 0
432 489 34 29 28
303 383 2 2 2
401 442 55 30 21
444 472 97 49 45
152 453 50 39 30
41 360 6 2 1
94 477 1 0 0
354 406 49 44 39
200 341 87 41 17
150 206 30 21 12
289 414 59 20 16
51 211 88 87 87
305 386 71 62 59
78 341 49 48 48
199 374 37 32 28
69 149 3 1 0
34 294 27 19 13
230 283 48 39 36
114 268 33 19 19
409 458 79 52 44
298 447 0 0 0
464 479 54 24 22
142 384 82 24 17
219 429 44 40 40
187 397 6 3 2
143 258 68 54 50
135 386 90 56 39
160 431 79 67 63
399 403 89 47 14
133 321 10 7 5
327 473 92 50 33
472 496 39 26 18
70 488 29 14 10
406 499 63 47 46
441 461 6 5 5
19 253 71 42 38
82 192 89 43 35
278 481 47 31 28
492 493 12 11 11
329 469 100 99 99
313 408 47 45 44
87 461 76 21 10
282 471 91 28 5
194 472 14 13 13
162 497 40 22 22
52 168 73 42 38
273 428 96 89 86
334 418 18 11 11
218 440 82 61 45
76 461 50 35 29
251 264 4 0 0
318 338 58 31 31
411 485 91 91 91
456 499 26 11 5
488 493 27 22 21
288 311 32 15 6
369 381 33 20 7
63 286 0 0 0
114 365 89 48 19
317 476 89 11 8
372 484 9 7 6
328 483 3 2 2
15 488 94 38 29
366 417 39 20 14
324 348 2 2 2
136 272 16 7 3
142 362 67 47 42
296 383 53 36 33
2 250 2 1 1
481 488 47 38 35
433 440 59 24 0
70 463 17 2 2
393 407 91 58 47
116 481 59 58 57
109 172 1 0 0
479 487 97 16 16
478 495 68 46 40
41 316 75 16 6
44 218 15 13 11
315 364 0 0 0
246 485 90 82 74
279 413 94 81 71
6 182 29 22 15
154 435 54 27 21
447 453 67 40 31
371 399 95 57 46
363 386 68 47 45
358 445 74 29 3
97 384 56 16 3
264 332 68 36 26
458 469 71 15 7
92 144 6 6 6
269 282 87 35 4
444 463 44 18 1
456 457 14 0 0
414 450 92 92 92
192 400 72 34 22
105 454 45 21 12
413 488 87 59 32
177 244 69 46 44
197 422 34 34 34
333 334 81 40 37
480 491 24 13 3
210 303 9 5 4
156 190 9 4 0
280 285 37 34 33
234 407 82 72 70
416 478 63 42 25
261 418 75 39 36
191 218 36 12 1
125 401 67 36 34
110 452 45 16 13
104 270 85 55 51
415 443 96 88 80
232 363 97 82 82
89 234 20 8 6
337 378 91 39 33
414 442 4 1 0
371 477 41 19 17
376 453 78 51 33
14 149 8 2 1
230 428 43 13 0
138 359 57 36 33
66 272 50 23 11
303 462 35 25 20
201 317 97 96 95
86 423 90 4 1
39 90 93 74 68
226 487 68 30 29
214 330 91 18 17
64 154 72 66 61
372 457 32 11 2
137 283 6 2 0
383 492 63 39 27
172 196 40 35 35
204 275 99 47 41
246 320 24 10 10
313 476 28 14 6
275 282 53 40 30
289 483 87 85 85
137 201 54 51 51
425 499 60 32 23
346 350 7 3 3
204 318 18 17 16
328 410 9 8 8
154 414 59 28 2
483 487 74 29 8
398 439 45 21 6
127 333 73 58 49
316 496 14 13 13
370 475 8 7 7
139 202 42 7 3
273 357 56 27 24
196 248 28 26 26
413 448 84 77 76
463 486 80 45 44
281 492 5 1 0
144 294 88 76 71
247 310 34 32 31
472 500 19 13 13
70 444 66 28 0
46 151 87 34 5
205 443 60 16 10
420 421 75 25 19
404 444 33 19 14
288 408 33 26 25
281 345 14 11 11
379 431 89 53 30
152 362 100 30 26
137 231 5 3 2
442 468 81 32 24
102 372 82 69 57
451 456 13 6 4
22 469 54 29 4
254 486 9 4 4
97 183 54 30 19
131 297 19 14 12
285 337 0 0 0
47 263 50 44 41
36 482 9 4 0
288 330 87 42 39
230 484 96 79 77
66 288 79 73 73
338 372 92 71 64
388 468 4 3 2
177 300 55 6 6
344 376 15 8 4
235 255 94 48 4
118 202 84 53 41
371 492 77 77 77
234 253 61 59 58
132 413 24 14 14
14 488 65 39 39
297 307 66 61 60
332 365 48 36 34
425 454 10 4 0
107 277 82 20 3
44 497 50 22 7
418 439 53 35 32
264 353 30 18 14
273 365 31 27 23
139 339 78 32 5
291 460 64 43 34
44 257 70 65 61
357 375 27 19 15
156 471 35 24 22
129 413 78 69 68
168 426 35 15 10
262 463 15 15 15
5 389 28 18 15
347 354 63 44 43
403 433 85 65 65
407 466 31 27 24
171 265 0 0 0
323 468 23 11 7
186 400 30 16 6
295 434 4 3 2
172 243 42 22 21
188 337 81 39 10
301 444 76 24 2
385 466 35 13 5
300 349 47 24 11
73 354 47 29 12
355 443 79 73 72
69 312 92 79 74
13 214 11 8 8
295 450 19 13 12
440 484 51 6 4
117 210 87 83 82
305 314 58 14 8
49 206 39 30 24
210 367 75 63 55
310 349 78 44 13
236 428 20 19 19
365 465 16 9 3
261 305 56 33 23
306 423 5 3 3
154 208 96 45 13
254 291 28 5 1
426 463 71 47 33
146 455 44 17 7
273 435 24 16 12
151 351 87 57 50
302 322 16 16 16
256 348 0 0 0
334 438 78 26 18
48 204 2 1 1
140 278 5 1 0
81 132 29 16 3
296 480 34 31 29
261 353 3 1 1
201 404 30 26 25
281 377 58 57 57
195 445 3 3 3
65 294 73 58 47
87 449 45 40 40
128 265 6 2 2
82 173 4 3 2
465 498 36 10 9
356 482 83 70 68
13 285 61 57 57
79 454 74 65 64
32 429 88 59 55
362 456 7 5 5
252 322 31 20 20
420 489 98 48 40
114 201 45 38 34
295 457 62 11 10
448 488 53 33 18
246 258 68 14 2
414 497 58 48 43
403 436 59 34 31
164 246 7 3 1
422 478 65 25 14
296 457 54 27 6
405 466 64 42 38
219 458 53 24 4
278 358 18 16 15
302 368 52 30 20
3 271 27 12 6
477 490 33 2 1
71 337 46 20 10
41 220 90 51 51
190 259 71 45 29
97 346 71 64 58
144 191 56 25 18
389 439 72 50 36
157 403 76 27 11
149 165 67 51 44
427 475 62 62 62
436 450 59 35 33
250 431 28 22 16
211 239 50 23 18
2 237 39 29 19
222 244 79 52 38
203 363 10 1 1
32 97 87 10 8
429 493 53 50 47
255 258 77 75 74
218 495 2 2 2
140 472 85 79 78
457 477 98 52 44
259 330 83 44 10
54 215 5 3 1
446 450 35 7 5
117 343 19 11 3
31 99 24 23 23
326 453 87 11 5
255 443 79 44 16
424 478 54 31 13
114 288 25 11 4
324 481 28 7 2
215 406 16 2 2
309 350 68 31 23
119 354 36 4 0
295 302 21 17 17
143 166 94 50 29
57 231 94 47 47
321 489 37 25 23
256 402 52 29 8
385 386 67 48 42
349 468 79 53 50
242 318 44 44 44
412 486 96 45 14
471 495 41 40 40
225 261 46 29 27
191 236 27 10 0
392 418 31 16 5
73 457 83 13 9
344 471 35 31 31
470 479 14 2 2
71 92 25 14 8
10 348 77 25 21
59 236 8 3 0
385 426 45 30 22
171 273 76 58 52
155 476 87 56 48
12 206 75 13 13
78 178 51 11 6
417 433 48 34 32
491 497 54 26 16
92 328 18 18 18
30 165 34 20 19
121 164 42 29 17
315 442 4 1 1
466 497 30 15 8
396 405 43 30 28
98 448 95 28 1
350 451 56 27 23
23 403 2 2 2
170 295 82 66 51
331 428 4 3 3
282 493 59 46 33
442 451 36 12 8
374 466 41 17 8
442 458 3 2 2
288 357 3 2 2
400 446 22 16 15
84 224 78 28 20
353 433 62 47 36
415 456 82 49 40
283 398 48 48 48
287 370 36 26 21
326 483 47 34 28
264 290 64 36 35
18 288 8 8 8
3 55 97 93 92
226 354 55 23 21
434 452 48 46 45
172 419 59 19 1
144 306 64 32 12
29 423 87 55 47
352 448 28 22 20
371 459 38 29 29
292 414 11 11 11
42 137 28 24 22
71 121 51 43 38
132 499 1 0 0
120 203 2 2 2
127 179 73 73 73
235 360 51 37 35
143 327 61 27 11
457 462 58 39 35
375 444 24 22 21
44 92 63 24 1
257 326 1 1 1
170 243 38 35 33
38 421 29 29 29
33 322 16 5 5
57 63 15 9 4
183 253 79 51 27
307 338 29 27 27
244 292 8 4 1
195 226 38 26 22
215 486 59 30 23
434 495 32 19 8
98 416 69 56 54
182 275 76 46 43
237 242 80 19 7
258 330 97 37 36
277 388 75 57 49
126 377 77 42 24
480 484 44 35 27
26 116 8 6 4
99 330 27 17 14
447 460 79 13 1
300 320 40 26 23
83 206 53 37 25
88 437 31 30 30
61 94 92 69 66
336 399 19 7 7
4 37 13 13 13
293 463 2 2 2
93 184 5 5 5
12 397 49 47 47
280 477 86 45 43
78 347 29 20 14
281 341 58 58 58
185 345 85 47 46
265 443 83 76 76
400 449 82 51 45
122 498 68 67 67
476 500 46 5 5
296 447 85 83 83
335 486 30 16 11
260 271 50 35 28
423 475 21 4 3
215 360 37 10 4
341 473 31 19 9
16 271 88 75 71
157 390 85 68 66
375 481 29 17 14
41 493 76 16 6
23 146 2 0 0
419 498 100 82 73
169 239 12 9 8
158 211 66 63 62
70 402 56 44 33
111 474 32 19 9
19 404 30 14 7
405 442 70 28 9
270 396 13 10 9
184 477 5 2 2
193 285 3 2 2
291 480 22 14 8
148 188 76 50 41
252 285 64 37 30
377 407 74 59 56
456 470 43 20 12
113 449 25 10 10
385 400 89 18 17
218 433 69 33 5
44 476 8 6 5
58 389 35 35 35
299 464 91 44 17
249 465 43 19 14
10 386 87 74 73
77 418 74 36 21
399 480 84 45 11
259 323 7 5 4
400 409 32 31 31
19 454 49 29 12
78 218 25 23 22
349 488 42 35 31
334 356 100 82 72
209 364 26 20 20
366 370 72 64 57
64 296 14 3 0
367 439 46 34 32
70 192 6 3 2
181 361 27 19 19
349 450 79 72 66
167 422 95 27 0
286 398 13 12 12
112 236 27 22 18
45 356 93 83 80
162 389 15 14 13
88 470 75 68 68
474 491 45 34 28
352 372 31 24 23
85 380 98 61 38
136 378 3 2 2
84 131 11 7 4
466 472 58 24 10
431 493 59 57 57
72 370 85 78 78
133 151 54 24 8
146 309 7 6 6
228 331 31 14 4
55 374 33 3 0
477 492 99 50 46
89 338 66 37 36
318 476 28 21 14
25 326 7 2 2
26 111 75 63 58
51 456 93 87 85
212 331 85 38 30
366 371 96 52 39
345 421 44 40 37
221 472 16 15 15
361 398 31 21 20
62 213 30 20 11
344 368 34 8 4
157 236 70 47 32
360 481 42 18 8
175 368 66 28 28
172 256 2 2 2
274 414 40 2 1
64 143 92 38 11
359 421 3 2 2
308 462 37 21 20
32 271 43 23 3
339 439 87 62 59
124 257 38 37 36
387 431 62 36 34
391 486 5 2 2
434 467 88 85 82
316 435 0 0 0
430 472 46 32 30
212 291 77 66 61
306 469 22 2 1
155 303 29 7 5
166 264 26 22 21
49 312 15 6 2
284 448 22 22 22
391 483 9 8 8
309 362 74 54 40
43 341 34 28 22
231 311 15 15 15
328 329 73 48 44
54 96 15 14 14
452 487 50 49 48
427 440 98 60 53
478 479 9 6 5
449 473 13 0 0
212 405 28 22 20
417 419 3 2 1
240 367 49 32 27
347 415 36 3 0
191 280 50 35 30
235 422 87 17 2
392 438 30 28 26
376 427 56 3 3
190 492 27 21 16
341 450 56 36 27
337 488 85 67 66
182 482 57 33 28
258 325 61 5 5
39 56 17 16 15
375 394 94 69 60
36 429 41 27 16
391 412 11 10 10
187 279 6 4 3
103 127 88 71 56
43 357 85 52 51
193 237 35 25 16
240 306 56 26 6
422 491 89 64 54
198 372 47 16 5
125 266 98 56 49
118 328 94 69 59
340 421 12 11 10
267 483 98 49 23
171 358 2 0 0
47 125 75 33 32
233 366 37 26 21
113 402 89 56 55
205 319 18 3 2
237 351 62 38 29
445 481 94 92 92
185 351 94 13 0
377 427 100 100 100
103 389 26 23 22
316 354 46 34 32
59 418 26 23 23
377 459 65 61 57
477 478 94 45 34
490 494 0 0 0
86 496 68 24 14
414 470 56 18 4
436 494 35 29 28
202 446 1 0 0
15 367 11 11 11
283 485 39 21 21
213 424 20 6 4
154 175 54 26 8
314 407 79 27 14
458 462 59 52 49
289 440 63 34 14
246 359 12 10 10
208 246 86 43 43
315 321 48 19 4
423 434 73 23 22
315 456 1 1 1
238 329 100 81 65
170 447 82 21 3
261 439 65 31 15
113 168 75 42 10
242 464 19 18 17
123 350 24 14 9
76 221 41 14 6
397 500 59 37 30
57 464 51 41 32
157 298 23 15 14
83 492 26 15 5
38 500 47 27 10
91 194 47 31 17
232 456 86 40 37
70 378 62 17 13
396 483 16 2 2
222 425 62 26 3
383 413 94 76 73
278 353 94 78 70
323 328 17 13 12
2 234 11 11 11
332 361 51 25 0
131 209 56 53 51
171 242 54 42 38
353 355 84 44 33
325 419 64 46 31
253 266 14 7 4
303 411 89 53 44
486 495 53 52 52
91 481 26 5 3
155 260 65 45 44
24 78 65 51 38
119 283 25 13 4
373 426 49 33 30
192 441 78 46 27
327 386 37 15 0
72 454 58 42 40
413 414 69 34 9
373 390 62 62 62
378 441 76 70 67
448 465 12 11 11
48 200 17 11 9
135 366 87 14 2
346 421 50 46 45
318 332 45 25 21
104 215 58 45 40
470 474 62 25 21
477 495 77 32 19
13 245 56 21 3
489 496 94 39 35
414 467 10 6 6
412 476 68 59 50
191 390 82 71 65
168 242 95 64 42
215 248 33 18 17
474 496 52 43 40
409 470 81 28 25
445 446 68 33 19
401 464 7 5 3
409 431 41 20 5
406 408 25 20 20
44 83 63 10 7
121 447 67 23 22
326 404 62 40 29
138 357 84 77 77
87 296 89 61 50
33 70 23 8 2
382 388 4 1 1
337 439 73 26 14
332 434 96 61 49
349 379 8 7 6
26 425 44 34 31
328 450 91 65 45
25 341 64 41 41
364 462 11 4 2
467 485 50 37 27
115 380 65 53 50
63 203 24 21 21
4 339 12 5 0
336 465 72 27 27
301 419 59 39 27
100 431 45 21 18
444 471 33 17 8
293 406 87 52 18
417 474 41 9 2
68 248 59 14 5
73 395 83 33 33
203 272 66 36 36
335 360 51 24 5
173 465 30 29 28
427 490 3 3 3
115 443 93 79 77
455 483 54 34 17
272 308 11 10 9
156 486 36 17 7
26 195 70 11 0
2 427 8 0 0
103 479 36 26 19
351 495 86 40 27
19 361 19 9 8
236 384 71 13 5
55 228 7 2 1
157 226 83 69 68
93 351 59 34 33
46 171 62 57 53
156 224 59 55 54
245 345 74 47 33
108 357 52 36 21
186 344 51 43 42
145 205 1 1 1
249 279 6 4 3
234 445 52 40 35
464 498 74 26 25
190 319 20 13 12
234 449 86 23 20
373 481 40 24 11
5 325 28 18 15
198 404 20 20 20
136 207 57 50 47
356 448 5 4 3
201 263 82 39 38
256 498 25 23 22
133 435 1 1 1
482 496 85 47 9
22 172 21 11 6
58 61 72 58 54
440 443 98 69 49
305 341 22 10 2
358 415 88 30 17
92 217 92 54 43
480 495 46 30 28
131 205 35 34 34
222 288 60 44 32
298 477 34 19 19
59 200 28 23 22
320 460 2 1 0
7 194 61 30 22
111 364 39 33 29
347 414 96 94 94
204 445 62 51 49
280 311 22 15 10
105 254 93 38 11
305 350 6 5 5
164 219 52 22 19
476 484 61 48 48
173 351 91 75 60
159 249 55 55 55
393 476 30 2 1
129 433 8 7 7
431 494 3 2 2
254 264 44 39 34
371 470 85 67 49
353 362 59 52 52
462 467 34 23 17
219 410 45 14 1
70 418 60 43 29
42 111 85 39 9
91 389 63 34 20
102 331 77 48 45
260 411 2 1 1
155 285 31 12 2
293 461 15 15 15
241 482 30 24 19
267 398 50 36 34
402 448 56 26 23
282 419 90 84 82
209 345 49 43 42
381 394 52 25 22
363 473 43 31 23
358 432 66 8 7
243 411 98 40 33
268 396 71 41 14
2 410 41 20 2
396 412 61 52 52
342 474 95 80 73
413 420 25 25 25
143 267 84 69 62
416 477 68 55 52
123 500 41 22 5
129 179 28 17 7
179 220 19 7 1
81 467 55 29 18
424 459 69 55 51
146 163 30 22 15
248 427 5 4 4
81 301 16 7 5
430 457 26 15 12
142 410 0 0 0
425 472 40 3 0
351 389 27 14 12
149 211 33 17 5
408 483 55 29 15
453 496 1 0 0
337 455 50 40 30
492 497 36 23 23
196 297 21 4 2
411 446 9 6 3
109 178 64 42 34
317 451 27 14 9
117 400 78 50 25
264 270 36 15 4
83 284 63 38 37
425 446 54 30 30
383 482 39 28 27
217 308 3 1 1
488 491 85 33 20
281 489 75 18 4
419 423 63 23 23
445 494 30 16 11
199 400 89 58 39
432 497 46 13 7
244 397 64 55 53
373 412 85 36 3
321 495 30 10 9
307 490 18 16 15
258 415 92 89 87
319 430 11 8 8
353 453 28 6 0
162 494 66 48 46
413 449 89 29 21
472 498 10 3 1
331 365 30 24 19
290 359 14 6 0
217 339 80 54 42
239 369 87 76 73
169 412 49 23 10
255 422 26 23 20
286 392 10 10 10
252 457 80 45 20
38 88 88 74 69
62 280 32 22 20
208 238 71 46 24
247 258 8 7 7
160 437 59 57 55
102 429 81 69 65
108 388 74 57 42
460 475 98 56 47
181 257 30 12 7
347 422 15 6 6
455 458 3 2 1
372 402 25 12 3
208 500 30 23 20
192 436 56 39 24
391 418 53 17 7
388 455 7 6 5
156 221 76 30 13
213 497 12 8 7
85 119 90 48 24
312 453 79 74 70
130 227 34 15 12
87 451 44 11 11
417 441 49 11 2
336 486 70 36 15
182 365 23 5 0
111 475 91 73 69
173 176 11 6 6
254 446 69 56 49
149 269 62 31 2
219 498 82 56 41
173 434 22 22 22
285 434 62 56 55
246 336 90 52 50
110 190 31 27 23
69 470 41 23 21
46 482 89 54 30
305 467 18 16 15
54 148 100 62 45
381 395 37 32 27
71 396 16 15 15
311 335 32 26 23
385 487 2 0 0
258 392 10 5 5
497 499 52 37 24
146 450 17 9 2
188 394 85 33 7
481 498 55 48 43
322 412 75 37 24
377 430 75 46 30
280 312 85 16 8
331 433 78 50 46
128 334 45 37 37
26 233 16 4 4
153 372 90 88 86
220 361 68 25 14
247 324 22 21 21
467 478 89 80 72
354 410 46 44 43
139 499 51 40 32
7 444 31 24 24
222 319 71 60 51
382 453 73 62 53
292 438 59 46 36
377 447 2 1 1
136 489 82 50 34
78 333 73 61 60
45 78 64 23 13
416 497 56 39 38
250 255 78 69 66
413 439 62 24 9
126 224 9 9 9
214 267 89 50 16
229 347 57 52 52
384 488 11 5 4
250 457 16 5 3
415 451 68 38 38
153 441 37 33 33
487 497 9 3 3
5 154 72 65 65
345 494 60 14 7
257 451 69 33 17
75 345 63 44 36
277 370 35 17 5
437 492 9 7 7
3 175 78 44 23
86 483 40 29 27
145 182 45 41 40
23 131 35 13 4
196 402 14 9 7
350 410 78 50 40
83 310 21 10 8
439 449 71 53 37
230 390 78 31 23
93 311 74 40 12
114 436 13 13 13
377 383 76 30 21
258 326 29 29 29
439 454 52 51 51
390 481 6 3 2
144 344 21 9 8
424 464 44 29 25
50 75 40 11 4
190 337 42 39 39
125 376 34 18 3
114 484 49 6 6
222 420 4 2 2
425 468 36 23 21
132 486 86 71 66
415 446 90 65 44
385 406 70 14 12
208 453 66 18 4
392 496 98 56 31
141 441 31 7 5
457 500 7 3 2
422 479 64 64 64
283 497 50 13 4
161 362 39 16 1
291 359 52 36 21
313 467 17 9 3
53 480 65 34 25
242 425 17 15 14
489 497 53 30 13
149 476 82 71 66
100 459 53 42 35
404 452 97 17 2
386 429 60 30 12
349 433 100 79 60
240 316 13 10 9
163 277 7 3 2
354 421 48 35 35
479 483 86 86 86
131 421 42 41 40
26 74 64 42 30
121 322 42 40 38
284 437 86 49 42
220 379 32 23 16
397 481 53 36 24
411 465 73 29 7
92 143 56 54 52
9 296 10 8 7
46 202 18 12 9
178 219 71 50 50
314 443 45 20 19
462 500 52 18 17
126 300 20 9 8
12 288 33 14 9
39 443 32 11 11
197 347 92 49 12
411 454 85 39 36
101 276 80 74 72
361 496 93 59 28
367 464 88 42 31
76 204 85 84 83
375 472 99 55 49
244 262 28 18 12
337 436 87 57 32
143 398 44 27 25
304 389 44 1 1
93 156 38 32 27
98 370 98 42 41
239 289 0 0 0
223 392 69 54 54
393 493 45 15 15
405 453 70 41 27
468 499 71 49 49
421 423 86 50 28
364 454 56 39 38
487 490 54 43 40
102 461 23 21 21
230 438 31 29 28
347 398 16 6 3
237 239 58 54 51
184 367 1 1 1
296 355 85 38 3
300 314 42 26 15
106 391 81 28 16
253 391 61 60 60
322 330 68 10 10
71 115 38 15 4
388 469 56 26 18
253 296 23 13 7
383 460 9 9 9
485 486 43 42 42
33 330 15 12 12
47 207 79 13 7
146 411 41 10 2
362 432 75 39 13
174 230 59 20 4
437 473 4 2 0
167 174 29 25 23
371 443 2 1 1
440 472 53 35 31
455 488 64 50 48
15 219 1 0 0
205 479 78 42 36
164 474 16 14 14
123 490 39 32 31
385 463 81 77 77
305 372 77 17 7
200 373 23 4 4
454 460 78 29 13
146 217 86 82 80
294 479 76 53 43
167 228 79 35 11
62 456 66 48 34
126 331 99 58 42
18 434 24 14 12
299 336 50 23 3
311 473 68 8 2
262 383 79 53 31
166 364 95 67 58
66 113 60 46 33
210 495 90 38 2
95 117 95 71 66
228 351 55 49 48
92 149 11 11 11
147 450 73 11 11
38 274 12 7 5
423 482 45 43 43
336 438 74 47 27
7 10 14 1 1
204 483 31 20 9
272 413 20 19 19
423 430 71 63 55
74 464 99 56 35
494 498 64 52 43
155 475 11 4 4
318 396 94 68 53
475 485 42 37 32
271 452 58 27 21
236 443 21 11 3
449 493 81 47 47
409 492 53 10 9
43 196 21 20 20
268 360 9 8 7
254 258 20 12 10
266 418 50 42 41
389 399 44 38 35
73 135 57 29 24
85 231 76 19 11
97 119 47 14 3
218 333 81 72 63
109 165 63 19 11
327 486 47 40 38
182 370 48 41 39
416 492 78 42 32
110 222 84 30 29
167 205 91 76 69
138 222 58 25 15
227 439 49 46 46
70 497 6 6 6
105 389 40 36 32
207 333 44 44 44
271 286 40 15 10
270 499 22 21 21
305 424 67 60 59
292 412 13 11 11
324 459 95 85 81
47 145 30 17 7
401 487 3 2 2
207 470 82 70 64
102 183 83 35 14
342 407 17 11 11
64 223 13 0 0
136 216 66 23 22
243 294 62 37 12
176 280 25 19 19
426 485 94 58 50
99 339 49 29 22
267 487 13 9 9
322 458 16 6 6
310 495 25 13 10
375 401 97 29 20
441 471 17 12 7
344 417 67 62 61
237 312 53 20 8
214 272 8 6 6
110 238 19 10 2
214 400 82 66 58
321 388 83 74 72
442 482 15 12 12
263 312 78 45 18
52 440 35 32 32
440 496 84 61 52
338 428 78 67 57
166 172 41 41 41
50 184 73 72 72
282 424 44 17 16
175 247 87 47 35
224 473 9 7 7
108 443 16 12 10
417 485 49 20 13
236 390 46 20 20
53 186 67 25 12
340 380 64 37 31
299 390 77 43 22
427 449 31 4 3
229 368 57 41 36
209 500 32 9 1
469 474 96 62 45
297 465 19 15 12
261 403 48 29 22
291 326 4 3 2
438 459 10 1 1
143 302 3 2 2
11 121 18 3 3
210 424 46 35 33
334 373 19 16 15
306 422 5 2 1
233 239 65 9 2
202 405 6 2 1
34 140 47 32 27
352 414 32 23 20
338 499 15 11 8
13 164 24 17 17
208 368 73 44 22
188 467 12 7 3
367 370 57 52 48
289 498 60 17 13
220 458 55 19 3
193 252 3 2 2
69 472 54 34 21
76 190 6 3 1
186 219 61 41 35
55 128 100 68 61
289 428 55 3 0
31 285 29 22 22
486 488 89 70 56
462 481 25 10 0
395 426 10 9 8
171 422 26 11 6
154 243 71 69 69
435 468 11 8 7
289 343 7 5 5
460 465 35 26 23
96 438 9 3 1
19 369 60 34 24
51 435 39 15 7
3 168 20 4 4
446 456 33 26 26
57 145 65 21 7
274 302 8 8 8
207 296 79 38 38
449 500 49 46 46
53 459 75 29 10
168 241 37 5 5
50 343 14 7 6
112 122 68 8 2
423 453 29 23 17
358 392 100 37 35
390 463 30 26 25
24 383 38 29 20
473 479 81 47 36
169 282 29 28 28
445 491 45 38 38
16 267 16 13 12
317 351 51 29 18
409 418 10 8 6
62 107 26 11 7
442 470 20 9 8
203 246 95 85 82
420 481 71 31 5
454 465 31 4 3
256 311 11 10 9
128 139 11 5 0
73 495 32 13 7
64 240 52 49 47
79 267 81 9 9
2 231 8 6 5
176 214 17 6 4
63 450 6 6 6
104 340 28 27 27
296 377 62 32 24
181 466 83 51 34
407 429 0 0 0
354 408 53 25 12
191 247 28 16 15
210 372 23 22 22
93 292 2 2 2
446 474 89 49 42
105 136 2 2 2
339 398 97 50 14
115 346 42 13 7
351 441 71 45 44
238 475 13 7 1
433 445 29 13 0
85 145 86 45 18
171 237 72 13 10
419 480 18 14 12
401 418 69 50 41
331 367 18 6 3
32 335 38 13 9
137 160 50 15 14
271 296 28 13 7
175 181 52 17 11
323 431 85 14 13
226 351 64 24 17
249 325 38 15 5
176 489 83 52 48
184 314 55 50 47
42 113 93 47 44
270 313 24 3 3
30 365 42 20 18
284 459 84 17 17
323 366 62 55 50
380 441 47 4 1
329 353 33 12 7
274 319 44 17 9
306 353 1 0 0
171 457 35 30 26
99 394 43 19 19
286 473 80 75 74
162 463 42 19 13
468 476 36 30 25
485 490 3 1 1
44 275 20 5 1
387 483 46 28 27
4 413 33 9 8
115 279 48 45 42
370 472 78 69 67
491 493 70 26 11
415 447 6 1 1
160 433 61 18 15
318 345 67 67 67
257 446 56 23 3
166 284 36 20 11
25 388 13 8 6
28 417 74 37 34
154 453 36 27 25
413 482 96 75 73
251 493 75 35 9
282 500 82 11 1
209 343 82 77 74
188 250 70 41 33
269 327 39 20 13
182 204 83 18 15
110 410 86 86 86
31 469 69 24 0
48 494 88 85 84
146 308 0 0 0
166 426 66 39 14
55 97 26 11 11
196 276 49 32 31
102 179 93 63 62
69 377 25 9 8
152 404 88 60 58
380 455 22 16 16
174 350 17 11 5
182 273 64 46 44
329 374 3 2 2
487 495 80 68 57
339 456 86 84 82
199 207 96 42 27
329 371 48 36 36
173 489 0 0 0
105 397 54 20 0
217 226 35 24 20
226 344 19 15 11
306 408 41 28 22
387 458 9 4 2
117 192 69 63 59
25 398 86 84 82
270 279 41 37 36
137 436 80 77 76
114 276 65 42 38
387 461 20 14 9
34 313 58 29 28
272 279 48 45 45
296 346 20 10 4
235 280 43 24 14
190 313 90 72 58
132 362 39 20 20
386 471 3 2 2
152 409 42 26 12
415 449 89 85 81
327 485 30 11 9
368 450 63 48 43
353 384 77 16 6
14 139 61 28 16
370 452 58 41 38
55 334 52 9 3
289 385 8 7 6
24 41 50 38 29
463 482 83 35 27
84 378 4 2 0
332 490 72 34 16
55 130 13 12 12
328 372 41 30 30
233 258 62 37 16
100 427 16 3 1
312 400 35 29 29
287 344 21 9 6
215 339 28 8 7
212 315 28 15 5
149 442 59 59 59
474 497 96 42 40
173 234 22 20 19
359 425 14 7 2
118 439 30 28 27
74 151 53 28 14
34 42 74 66 61
224 445 17 13 13
31 40 96 70 63
320 330 51 30 30
478 496 77 27 19
146 468 42 20 5
127 396 63 56 52
180 254 92 45 3
416 442 5 4 4
83 406 51 30 16
221 349 62 43 33
193 376 53 29 24
320 472 95 55 22
352 449 63 40 22
198 440 42 18 15
42 88 86 52 42
22 138 64 62 62
488 498 83 63 61
399 461 14 3 0
42 288 69 24 12
178 191 12 10 9
189 215 81 22 20
401 409 65 43 35
436 471 44 19 9
419 499 67 37 15
138 160 98 6 5
93 398 31 22 20
97 288 83 29 4
347 383 82 49 37
318 478 81 48 16
297 409 8 0 0
480 488 10 3 1
157 189 16 13 12
56 374 96 95 94
44 396 6 6 6
372 397 26 11 4
325 364 69 63 57
418 489 3 1 1
166 471 84 72 60
415 463 20 20 20
480 498 49 14 3
99 379 99 83 68
234 245 58 44 39
76 361 48 40 32
465 487 40 28 26
23 468 22 18 17
471 479 37 17 14
405 468 74 16 8
269 415 0 0 0
84 477 10 4 4
386 448 2 1 1
432 485 34 27 23
138 281 23 10 10
229 261 34 18 3
248 384 59 23 17
99 130 81 25 18
475 484 16 4 1
135 293 83 64 54
450 496 67 33 22
487 499 36 15 10
419 434 30 12 11
239 299 66 38 29
179 424 45 18 7
473 490 70 63 63
85 464 91 83 76
187 203 41 20 1
109 334 20 9 0
431 469 98 58 56
18 256 4 2 2
325 435 97 58 19
429 450 28 24 20
359 442 76 68 66
393 494 24 7 0
443 483 26 13 3
289 351 25 15 11
375 415 35 29 27
145 479 7 1 1
370 373 15 13 13
131 489 4 2 1
111 434 88 57 51
159 322 36 17 13
296 418 25 20 16
241 458 34 19 11
371 453 94 93 93
347 438 52 6 0
90 385 80 39 36
334 425 44 26 22
427 474 91 34 30
393 416 26 7 3
338 402 59 52 49
438 500 7 4 1
195 313 79 52 26
317 349 7 5 5
389 473 48 35 27
172 372 8 2 2
385 410 76 51 44
117 280 49 21 14
293 347 40 21 8
222 275 91 49 41
220 462 79 40 10
205 334 56 49 46
286 343 20 11 8
336 343 81 77 77
425 432 84 41 20
388 460 30 2 2
154 293 92 39 12
341 470 60 33 22
135 201 24 15 8
218 436 57 44 37
348 484 97 67 62
278 336 47 39 37
185 239 83 78 73
375 460 72 38 36
82 86 55 49 44
69 263 87 60 42
263 465 37 22 16
276 486 72 48 33
259 487 65 25 5
48 100 65 60 58
458 465 85 81 81
313 370 67 35 9
460 491 17 10 9
27 87 20 12 11
193 392 38 35 35
279 492 94 53 33
338 366 69 46 31
128 223 24 14 8
422 474 91 37 7
223 377 90 87 86
330 336 27 10 0
319 349 99 71 43
188 365 96 84 78
452 494 6 4 4
91 256 14 9 8
113 247 75 72 72
458 485 82 15 7
89 463 66 27 11
204 285 88 70 53
284 352 30 5 0
331 350 47 9 4
382 409 4 1 0
375 396 32 12 5
154 162 80 59 55
20 397 6 4 4
47 65 75 68 63
59 478 40 36 34
1 349 55 41 34
332 392 3 2 2
60 78 0 0 0
433 455 48 8 2
210 430 87 43 9
253 273 97 27 17
260 429 81 50 45
53 367 64 42 35
25 62 27 20 14
364 459 66 62 61
273 420 25 22 22
470 481 65 55 49
283 401 22 10 8
396 433 90 83 78
159 259 62 55 52
455 494 75 23 11
295 303 39 21 17
114 308 1 1 1
236 297 71 13 7
76 111 49 44 44
415 478 100 80 75
35 153 9 6 4
284 320 55 29 22
312 498 14 14 14
420 426 46 30 24
286 412 39 22 12
53 66 11 7 7
209 385 89 80 74
214 326 43 25 21
383 404 40 24 18
144 188 9 8 8
425 480 44 36 28
374 407 100 94 91
180 228 71 65 64
415 439 86 53 46
481 493 91 68 60
26 432 53 27 25
66 448 60 53 51
103 290 80 25 17
243 276 10 6 6
296 476 59 26 22
96 380 83 54 29
69 444 42 42 42
217 252 83 35 27
409 421 44 7 1
284 375 14 8 8
152 317 37 32 30
435 440 50 42 34
162 467 24 24 24
471 499 74 34 1
450 463 99 99 99
182 396 62 55 54
278 385 37 18 3
260 306 62 38 23
56 150 96 48 39
226 433 40 34 30
193 391 48 39 38
306 462 31 7 0
468 481 29 11 7
140 324 88 76 74
57 379 4 1 0
96 323 38 19 18
410 481 31 25 25
190 224 97 66 35
56 309 27 27 27
416 437 76 39 15
122 469 67 43 42
239 490 91 42 31
346 406 73 66 66
180 384 47 17 5
315 352 36 9 4
251 274 86 37 35
117 207 78 33 6
90 302 18 15 14
441 465 9 7 6
418 429 63 53 46
263 264 95 81 68
175 421 91 49 15
142 184 72 53 37
362 468 74 54 53
299 487 1 1 1
414 431 8 7 6
215 222 29 11 10
292 391 39 36 34
28 154 5 5 5
399 466 35 20 15
415 479 52 11 0
206 449 73 67 61
140 190 67 36 15
205 251 41 39 39
399 465 56 32 19
67 490 17 13 9
144 374 44 36 30
70 346 99 26 2
348 499 91 45 25
80 435 50 41 38
91 293 73 14 5
9 234 84 79 77
302 470 69 49 40
416 489 29 23 19
181 423 18 12 8
67 233 11 9 8
307 468 50 33 19
474 495 55 53 53
231 375 76 76 76
354 453 67 59 51
238 326 41 27 22
345 475 58 45 45
243 317 69 56 52
404 430 34 23 20
412 490 89 85 83
236 404 53 21 20
41 48 61 52 49
481 482 66 35 13
176 493 83 4 4
31 433 62 51 49
21 180 30 19 17
336 370 92 31 15
157 419 21 20 20
163 194 16 6 4
21 210 32 29 28
50 339 64 16 11
320 439 50 44 43
268 410 75 45 34
130 440 98 56 31
101 194 97 47 3
404 408 19 18 17
255 349 30 16 9
265 449 23 14 14
372 442 64 55 52
325 420 43 15 11
419 443 86 68 54
119 175 61 37 20
114 162 69 21 21
162 377 60 15 8
362 461 8 7 6
132 320 2 2 2
337 463 15 13 13
194 451 10 0 0
69 337 17 6 1
199 248 37 20 10
206 474 70 42 15
288 400 24 12 8
264 383 16 16 16
129 309 73 39 21
74 282 50 19 11
134 367 24 23 23
310 419 85 43 39
350 402 17 10 10
280 342 84 48 45
300 401 80 72 65
110 455 51 37 33
61 340 47 33 20
65 321 93 81 80
157 474 82 21 16
395 423 31 8 0
401 443 89 56 34
373 475 66 42 25
228 233 34 19 16
108 286 3 2 2
252 435 44 43 42
146 462 79 57 42
99 157 4 3 3
291 354 53 37 24
103 158 17 2 1
343 424 44 20 20
221 272 43 34 26
6 491 27 9 9
315 318 56 31 23
148 371 28 11 5
304 480 84 75 70
360 455 22 20 20
138 197 85 84 84
246 319 80 15 9
272 436 36 11 9
329 422 50 6 0
32 216 88 75 71
109 451 58 26 22
48 366 25 22 21
222 299 50 50 50
48 108 53 46 45
168 214 22 22 22
336 408 1 0 0
136 322 2 0 0
55 190 57 41 30
76 120 3 2 2
55 260 47 47 47
73 123 23 15 7
95 214 76 68 66
447 491 33 26 20
114 154 78 67 64
5 140 15 2 2
74 391 65 58 57
241 427 37 37 37
124 282 20 14 12
52 155 19 17 17
88 270 25 23 22
71 190 26 25 25
67 380 69 53 42
217 360 79 26 19
420 496 38 34 32
187 240 10 5 2
308 335 47 33 30
90 268 59 29 26
481 491 60 57 55
451 462 54 53 53
59 499 42 14 13
341 416 36 17 15
269 289 15 6 1
143 180 71 51 38
125 386 39 29 24
278 310 50 35 29
300 477 2 2 2
40 50 58 54 51
348 375 18 12 6
228 362 58 14 0
247 259 26 23 21
36 111 81 66 66
432 487 19 18 17
194 343 34 27 27
408 466 4 2 2
88 166 25 20 17
247 420 98 76 62
75 492 59 28 4
142 400 78 41 31
389 419 67 63 63
241 492 80 80 80
246 295 65 55 55
383 480 14 8 7
238 473 52 29 29
112 453 88 51 49
448 469 38 14 14
9 264 3 1 0
187 400 81 62 48
305 500 79 55 45
46 256 30 15 5
169 361 0 0 0
24 150 57 49 44
221 404 52 44 36
206 378 6 2 2
59 392 18 15 15
478 482 95 87 85
256 444 27 17 16
288 378 52 37 26
409 467 35 25 16
4 393 69 37 5
327 329 8 3 1
372 452 50 46 46
461 480 6 6 6
477 480 90 69 61
391 454 11 10 10
313 500 43 32 24
5 334 92 74 74
239 418 100 48 15
292 316 82 43 7
230 300 97 54 12
13 319 100 44 40
244 278 49 10 5
35 357 9 7 7
158 252 52 32 32
92 468 37 16 4
43 323 32 28 28
206 354 0 0 0
147 374 74 61 59
208 465 10 5 5
379 424 3 0 0
408 435 27 11 1
110 307 3 3 3
287 319 65 47 41
349 484 86 29 12
25 108 54 39 27
22 397 82 35 27
148 168 41 19 17
286 367 73 72 72
306 474 20 12 12
154 173 70 50 31
12 86 5 3 3
429 448 3 3 3
347 447 23 9 9
340 379 73 70 70
419 494 86 50 24
234 463 72 13 7
388 471 1 0 0
355 435 93 65 43
248 444 18 10 6
407 499 15 9 6
110 361 40 31 22
86 490 78 57 54
40 424 32 14 11
255 458 20 8 0
250 267 48 44 42
207 341 98 56 52
412 423 14 11 10
75 490 64 63 63
181 186 42 39 39
323 462 22 16 12
98 166 29 20 14
277 361 6 0 0
356 408 24 19 15
116 158 87 41 8
349 477 71 57 48
162 293 97 84 74
102 237 28 10 8
133 218 3 2 2
286 348 44 11 10
5 158 90 5 3
332 346 79 44 19
437 469 9 7 6
412 466 0 0 0
62 237 52 51 51
265 446 13 8 7
452 463 16 9 7
248 341 19 9 3
180 490 12 12 12
324 462 93 6 1
104 464 62 43 34
480 492 87 78 72
94 98 31 31 31
62 238 2 2 2
474 487 43 43 43
98 443 8 3 3
448 487 53 40 30
263 370 19 16 14
323 354 9 2 2
366 488 39 25 20
97 173 21 12 8
273 400 44 14 10
128 293 18 9 5
155 394 57 31 26
76 379 12 10 10
136 212 29 15 3
356 447 9 5 5
389 462 46 38 32
386 400 95 73 61
77 449 93 73 54
265 495 48 41 34
45 171 51 46 46
54 392 47 23 1
92 117 3 1 0
429 431 6 3 1
288 427 49 36 31
222 421 90 28 20
102 123 94 92 90
6 216 17 6 0
194 499 56 24 15
380 437 90 26 26
478 500 96 87 81
254 326 51 43 43
338 364 41 17 14
278 331 91 63 61
115 130 39 38 38
452 470 87 57 39
37 484 86 69 68
227 243 43 19 1
285 296 90 9 3
224 313 3 2 2
84 276 57 31 27
167 168 94 93 93
345 417 58 25 25
423 489 15 3 0
184 341 57 25 18
332 435 24 7 0
268 350 43 39 39
230 290 86 32 15
148 451 30 23 23
179 472 17 16 16
130 249 32 27 24
464 465 32 23 21
189 209 58 13 11
157 235 89 79 79
454 485 31 10 6
444 487 99 88 86
262 428 66 25 25
344 371 19 16 16
13 197 23 7 6
134 141 81 68 64
17 432 45 43 43
73 423 73 31 3
341 447 14 9 6
263 420 98 49 2
344 453 74 33 7
392 455 46 34 23
138 447 38 30 30
362 392 74 52 47
354 486 71 16 13
455 491 63 33 27
360 386 70 53 53
66 271 30 24 20
238 281 31 16 9
261 399 73 53 51
2 455 72 47 30
463 469 70 64 64
263 297 2 1 1
128 364 67 41 36
233 386 72 36 29
333 429 3 1 1
139 500 4 2 1
348 389 8 8 8
20 295 83 38 23
24 48 96 49 47
98 297 4 1 1
275 381 38 24 11
415 488 86 47 16
328 354 55 41 38
343 428 70 51 42
74 119 93 64 42
226 492 98 79 68
371 498 62 33 24
297 381 2 0 0
422 495 68 30 5
349 439 41 18 4
484 500 47 37 27
328 476 77 61 57
1 101 96 90 90
176 482 16 8 1
150 466 56 51 48
221 444 95 60 55
12 482 13 10 10
296 331 35 33 31
466 498 21 16 16
9 19 19 18 18
63 470 22 4 1
94 467 58 31 24
115 135 81 63 62
59 121 16 5 0
4 455 40 31 23
242 255 3 0 0
194 241 86 47 13
30 380 55 54 53
350 471 48 38 34
406 430 12 7 5
298 479 10 2 1
284 451 1 1 1
324 477 50 28 16
193 486 35 18 9
381 430 71 46 31
21 148 45 39 35
331 479 70 62 61
221 358 63 51 49
97 361 24 13 11
415 472 55 11 6
460 480 61 59 59
246 468 0 0 0
125 146 29 21 17
392 430 45 27 22
62 479 91 52 27
315 432 78 22 3
345 435 95 13 0
93 390 70 34 26
417 431 39 26 26
342 428 0 0 0
346 348 33 17 9
367 416 52 28 18
466 499 58 48 41
151 341 16 10 5
40 356 35 20 17
337 367 61 55 55
111 157 34 12 10
196 294 35 21 18
3 180 94 70 69
302 406 43 34 31
196 203 86 55 51
24 119 42 36 30
367 499 55 46 37
325 477 10 7 7
291 471 39 37 37
326 352 60 60 60
306 452 63 17 13
99 343 87 44 6
75 164 69 15 11
389 397 79 33 33
264 421 10 6 3
182 332 85 15 9
345 447 44 15 5
238 325 88 79 79
443 497 55 39 25
87 459 49 32 19
9 497 52 42 34
176 472 64 33 20
157 218 66 66 66
275 377 84 82 81
462 485 48 48 48
113 232 98 39 26
367 417 1 1 1
356 404 89 7 1
384 450 25 5 2
339 415 92 83 80
160 313 8 2 1
310 345 72 56 55
68 378 58 45 39
98 497 94 13 11
48 419 84 12 7
218 246 66 31 0
319 476 62 39 33
238 484 3 1 1
284 374 90 64 54
389 395 28 9 5
286 454 25 24 23
24 267 67 58 55
142 327 8 7 7
438 467 62 59 59
411 431 88 59 52
302 419 26 18 17
242 410 2 2 2
154 305 67 24 1
32 115 45 32 28
128 451 98 46 18
161 302 90 10 10
245 453 89 48 34
46 262 63 61 59
185 315 76 50 47
104 193 28 16 15
347 444 8 4 4
486 492 49 43 41
374 424 48 30 25
310 360 34 6 3
363 482 11 10 10
24 254 30 26 22
349 364 86 55 27
294 367 5 0 0
136 290 89 29 23
370 448 33 29 28
10 181 66 53 47
245 260 64 28 0
153 344 9 7 6
469 489 26 15 4
83 473 15 13 12
340 420 99 84 77
141 299 70 65 63
258 273 28 18 10
133 292 74 42 16
167 245 52 29 21
263 454 99 60 53
229 321 66 17 1
454 459 69 22 15
135 372 39 18 13
61 237 42 20 5
408 418 25 12 0
38 278 43 21 6
97 207 17 7 6
71 370 48 28 10
471 477 25 24 23
377 392 73 64 59
88 262 7 7 7
238 433 54 44 34
264 316 11 8 5
332 471 89 84 81
150 227 24 22 22
164 465 50 37 36
234 238 89 78 78
450 492 15 13 13
482 489 85 73 71
137 456 59 33 15
121 183 96 26 21
98 421 18 5 5
469 499 79 50 27
249 493 7 5 4
282 494 20 12 12
113 440 16 3 2
352 404 35 29 26
222 338 29 4 0
476 479 52 23 14
261 478 57 34 16
362 423 61 17 0
34 268 10 4 4
192 248 80 59 41
90 405 68 23 15
433 443 100 81 67
282 395 16 7 3
353 399 4 3 3
363 475 42 41 40
456 490 40 27 18
401 414 68 15 13
187 463 49 46 43
392 445 74 49 40
348 417 80 63 55
282 299 78 46 37
118 466 60 52 44
332 390 63 44 35
236 287 33 27 26
149 261 32 18 14
202 409 55 20 8
182 270 40 32 24
403 459 39 18 8
443 472 66 29 23
129 232 20 14 11
378 418 35 32 32
479 490 85 59 48
40 450 85 75 75
188 310 78 42 10
331 417 77 74 74
1 35 25 21 17
252 305 87 83 81
217 233 86 27 16
40 319 37 35 35
11 500 2 0 0
129 351 20 18 16
38 397 45 32 26
163 287 12 6 0
104 291 79 69 61
191 305 49 26 22
261 430 10 5 1
315 354 76 34 3
209 319 44 15 6
346 446 82 46 21
439 463 2 0 0
467 488 61 44 36
143 410 39 31 28
291 328 6 3 0
230 409 57 18 13
471 482 11 7 3
356 428 2 1 1
115 325 9 8 7
351 488 41 33 30
370 371 36 21 18
366 445 55 40 36
344 403 96 54 51
272 381 10 3 2
446 493 33 22 17
321 334 57 55 55
272 333 100 54 13
207 312 90 40 14
235 348 74 11 9
201 411 75 30 25
316 335 57 52 48
245 338 47 19 11
333 412 66 38 29
373 461 49 29 27
342 381 24 6 6
328 397 9 7 6
462 479 1 0 0
327 405 39 21 5
289 425 54 29 12
26 30 85 8 2
156 306 99 74 53
242 497 84 49 39
234 469 12 9 7
377 439 36 19 12
231 446 48 48 48
429 446 3 2 2
81 116 91 91 91
149 418 70 60 55
171 482 0 0 0
158 231 45 19 11
117 154 39 17 16
203 465 6 6 6
359 458 79 48 27
274 332 63 38 22
433 496 20 17 15
152 256 33 9 7
430 493 90 47 30
122 497 68 51 41
123 165 29 29 29
324 399 37 25 16
465 488 95 46 41
374 497 22 8 4
279 295 55 44 44
269 322 15 4 2
290 446 20 14 13
453 462 48 16 1
159 276 100 19 4
385 391 29 21 16
13 294 56 32 26
274 359 82 78 75
154 332 36 27 27
65 192 21 20 20
250 256 6 1 0
477 493 18 3 3
237 486 48 40 40
183 455 70 50 35
83 320 46 13 11
70 157 72 51 45
61 250 96 15 0
136 208 100 88 84
187 320 59 10 9
175 271 26 5 5
233 275 40 34 34
32 223 15 14 13
28 280 47 8 3
60 237 18 14 13
334 362 90 17 8
233 354 12 12 12
197 391 7 0 0
419 449 11 8 8
72 487 89 50 46
345 429 33 26 25
137 469 8 2 2
130 358 68 61 58
123 247 60 60 60
358 495 61 58 58
331 439 8 0 0
434 463 26 10 4
62 202 7 4 4
50 284 83 68 63
397 443 47 31 30
249 319 36 22 17
26 482 34 32 32
291 476 73 18 14
414 466 83 60 49
231 392 29 27 25
44 471 39 38 37
385 457 29 20 12
216 261 76 54 48
109 156 85 65 64
99 210 86 22 1
330 394 99 31 13
444 447 58 50 48
174 288 30 30 30
267 408 21 6 5
153 314 76 57 57
349 365 12 6 6
356 372 49 20 15
199 452 23 7 2
288 333 59 47 39
251 462 42 6 3
148 362 23 7 4
432 488 10 7 4
340 456 86 31 21
37 41 68 3 3
362 393 41 23 16
156 266 84 76 71
160 366 34 30 29
426 458 38 38 38
460 462 46 41 41
89 99 18 6 3
48 95 39 8 8
68 252 92 65 65
90 97 41 15 0
182 286 15 13 11
433 463 73 62 60
52 272 8 5 4
302 327 43 42 42
436 472 99 70 53
162 282 7 5 5
32 286 26 12 11
234 461 15 6 4
438 439 62 50 48
56 445 66 44 32
356 382 8 2 0
109 450 71 54 47
355 485 41 34 29
71 232 32 27 27
439 492 85 23 5
463 487 17 7 3
264 499 4 2 0
427 486 99 31 27
369 377 36 35 35
250 471 89 16 8
90 183 7 4 3
241 284 15 10 7
313 457 61 33 8
168 366 36 21 20
393 453 62 33 24
214 361 66 34 3
489 494 6 3 2
401 478 39 30 25
425 469 11 6 5
102 410 89 47 36
405 422 59 20 3
282 379 33 30 28
380 468 90 60 50
305 434 31 24 23
270 410 0 0 0
206 384 1 1 1
77 263 35 24 20
405 436 97 93 91
330 423 26 8 4
123 310 51 19 8
29 219 80 31 3
482 498 55 32 15
262 268 91 76 64
207 211 79 67 63
400 419 81 80 80
48 446 98 96 96
203 353 54 49 47
297 399 3 1 0
319 484 15 15 15
241 300 50 33 27
327 441 79 14 13
454 470 37 19 19
429 482 82 25 7
408 469 47 17 4
165 368 35 14 10
298 323 19 12 10
469 484 51 41 34
219 443 38 20 5
207 496 69 44 23
314 477 64 59 58
330 476 51 36 23
43 325 17 14 14
101 211 6 4 2
431 442 59 22 8
343 442 23 11 8
417 489 42 22 5
193 349 28 19 17
427 498 18 5 3
163 437 6 3 2
255 460 70 22 8
260 394 10 9 9
328 358 27 18 12
44 478 83 82 82
264 435 37 30 29
429 468 24 21 19
423 496 84 57 50
247 422 17 9 3
153 479 26 17 17
5 114 90 72 65
106 416 50 34 23
491 499 31 31 31
259 495 4 3 2
93 257 67 47 47
243 277 50 16 6
66 197 3 0 0
173 299 11 5 2
352 357 22 12 5
372 450 54 26 18
293 404 39 37 35
43 192 50 35 31
103 132 75 38 13
277 309 69 65 65
129 202 66 34 21
137 171 29 25 25
101 441 47 23 21
65 408 68 47 42
241 385 20 17 17
178 315 81 50 25
226 479 14 13 12
130 311 77 17 6
32 90 67 7 5
368 421 61 16 11
63 229 71 26 13
205 406 20 10 3
119 386 32 30 30
151 297 100 76 70
3 65 27 8 3
287 455 68 67 67
346 491 12 8 6
210 431 63 41 20
117 288 51 41 41
307 483 35 31 31
446 499 89 64 51
56 176 97 56 21
323 426 82 74 68
373 474 12 11 11
247 341 92 41 17
258 421 55 50 45
227 365 27 20 18
315 449 78 33 23
25 165 1 0 0
1 275 90 63 48
241 333 35 7 0
395 487 70 45 21
41 468 27 20 18
409 474 19 11 11
82 219 56 27 4
204 310 41 15 13
12 401 27 26 25
26 283 13 7 7
239 390 88 17 17
210 454 6 2 0
31 379 60 23 9
296 456 97 68 45
111 127 44 43 43
366 444 21 20 20
419 466 7 1 1
205 381 66 63 60
428 444 15 13 12
429 449 90 87 84
203 387 75 27 1
164 368 12 12 12
285 402 70 35 30
333 387 52 37 36
5 482 95 47 35
451 460 3 1 0
209 458 9 3 3
258 423 12 8 8
10 235 98 65 50
303 441 29 4 3
377 495 67 57 53
78 281 40 24 8
344 435 27 13 6
134 443 5 2 1
264 330 43 26 22
49 152 52 33 23
478 488 13 11 11
400 489 60 50 46
286 409 21 18 17
18 100 65 65 65
97 408 57 17 1
119 458 91 76 75
297 316 29 22 22
291 387 16 7 4
313 337 93 33 18
16 177 24 15 6
177 251 72 5 1
403 439 56 36 30
114 460 99 81 67
419 425 85 40 4
356 487 30 26 23
30 332 41 15 11
267 385 57 21 20
394 446 64 48 36
311 339 90 78 78
418 431 56 49 46
52 467 69 44 23
59 305 50 49 49
266 372 76 67 61
183 422 42 9 3
401 499 78 20 1
207 419 78 27 9
48 53 69 64 62
204 338 42 19 7
396 399 95 77 60
391 436 91 76 70
268 464 98 47 46
465 490 55 3 2
126 446 75 65 64
305 378 54 37 33
239 286 10 9 9
16 291 28 8 5
171 424 93 52 51
35 53 35 32 32
391 419 55 32 13
319 385 65 34 25
145 392 39 26 26
300 379 95 66 49
298 340 11 6 2
44 392 31 30 30
226 252 33 25 20
199 290 52 25 19
313 344 59 51 46
32 213 92 50 50
335 367 83 32 25
103 354 99 71 50
145 459 81 74 73
368 484 14 13 13
34 161 8 5 5
367 406 7 6 6
151 193 5 4 4
491 500 50 42 40
240 348 63 37 37
312 427 94 60 47
236 369 7 5 5
494 499 8 5 5
88 418 42 15 13
173 494 41 39 39
98 254 66 44 30
378 451 50 47 47
246 404 17 14 12
398 445 14 12 12
190 436 57 53 53
390 450 25 4 4
162 164 44 5 2
321 457 13 9 5
117 227 60 40 32
461 492 99 65 60
93 283 98 77 59
218 403 88 27 6
430 483 41 35 34
394 453 100 14 7
298 303 52 23 18
328 369 19 14 14
107 189 19 7 6
464 472 40 13 1
465 475 50 44 39
117 233 80 54 54
360 442 40 20 15
50 269 62 56 55
17 163 45 19 5
24 424 35 4 4
176 270 97 44 12
148 260 94 74 54
299 417 72 58 53
260 334 32 17 13
381 452 75 59 48
469 498 86 43 34
2 331 56 40 32
181 455 82 53 45
200 251 81 35 16
412 436 32 6 6
465 495 55 32 20
45 350 64 44 40
386 440 11 2 1
443 480 39 37 37
323 417 75 60 52
235 248 49 29 29
227 327 50 25 23
264 361 92 69 62
295 459 62 55 49
326 426 54 19 2
36 205 41 14 7
242 397 65 36 24
133 437 47 25 14
375 438 87 76 76
371 483 9 4 4
113 423 11 5 4
403 422 16 11 11
171 385 67 39 32
161 261 73 35 17
316 339 65 32 8
193 354 62 60 58
335 438 46 22 13
448 481 7 6 5
72 243 96 58 53
136 204 74 55 42
300 454 98 97 96
20 102 95 65 48
412 447 98 92 90
327 339 14 10 8
248 458 63 38 32
452 498 86 41 16
396 406 65 36 12
79 157 64 54 47
79 279 79 65 54
333 378 28 26 24
326 456 4 2 1
270 452 74 40 32
363 395 99 65 59
54 295 19 4 1
342 356 61 56 56
464 493 10 9 9
1 195 35 5 3
137 343 36 8 4
20 387 30 21 14
35 105 96 33 24
444 492 62 32 12
490 494 40 25 10
245 271 55 49 48
127 484 30 20 20
118 342 2 2 2
161 208 13 10 9
213 439 100 57 56
418 496 11 9 8
20 214 27 7 6
278 324 26 22 19
195 431 58 49 47
123 202 71 14 5
208 481 56 55 54
352 454 36 35 35
424 485 76 75 75
208 373 41 19 7
303 461 4 1 0
451 452 38 21 4
245 316 18 2 0
468 473 11 7 4
26 398 76 66 65
112 318 28 6 5
453 475 34 24 14
263 369 51 20 9
153 253 90 16 6
179 350 28 16 16
196 224 47 30 14
279 320 44 30 19
215 232 18 10 8
372 469 51 44 42
443 450 71 34 8
96 234 100 78 70
50 322 39 33 29
161 389 29 7 5
306 387 21 11 8
208 286 24 22 20
23 139 78 35 27
173 272 7 3 1
361 407 17 5 2
233 276 13 3 3
118 421 62 7 4
59 138 17 14 13
234 350 9 2 2
131 181 26 25 24
208 263 15 14 14
181 408 9 7 6
286 436 94 76 69
320 355 78 63 51
40 181 59 31 31
229 386 7 6 5
330 431 57 37 19
373 448 3 1 1
68 339 39 17 17
264 287 77 42 27
104 452 82 82 82
484 495 58 35 17
476 480 22 12 4
106 357 18 17 17
306 328 52 32 27
91 495 30 21 18
184 321 21 18 18
116 466 44 29 21
348 384 24 18 15
105 424 46 44 43
240 287 47 35 33
5 495 77 9 6
349 452 20 5 3
21 27 34 32 31
298 416 50 39 34
194 280 64 49 41
379 450 86 74 74
320 401 55 26 15
64 450 16 9 7
406 418 86 71 69
131 274 44 14 13
108 222 98 92 88
291 495 64 25 20
89 144 42 39 38
44 312 45 25 6
247 328 61 55 50
463 477 17 16 15
100 235 87 86 85
134 279 60 13 8
469 470 20 15 14
164 308 51 4 3
265 366 37 28 22
283 460 12 8 6
403 405 33 10 6
210 211 70 18 12
387 445 0 0 0
370 384 98 53 17
28 318 18 10 8
20 47 50 32 32
163 414 94 86 80
333 408 21 17 14
113 299 38 13 9
307 469 31 29 28
216 246 29 14 1
158 176 36 10 10
365 414 44 39 39
6 238 43 26 18
451 482 88 54 50
245 457 87 65 43
9 127 42 35 35
242 443 33 25 18
68 347 83 61 40
128 239 57 47 44
303 476 42 23 22
207 430 21 11 6
245 315 23 3 3
439 460 64 32 31
398 464 34 32 32
125 480 70 55 48
103 359 22 7 2
198 485 22 4 3
12 356 85 56 52
132 453 49 40 32
121 474 72 37 24
93 109 14 13 13
314 379 79 52 45
430 440 83 56 30
151 377 44 23 6
358 390 68 49 47
40 160 88 44 37
193 350 18 18 18
182 296 2 1 1
230 239 72 58 56
12 231 37 28 26
84 163 51 39 36
333 430 16 16 16
431 484 4 0 0
277 462 58 27 5
210 453 11 9 7
405 426 1 0 0
161 236 3 2 2
61 453 84 83 82
211 338 8 8 8
291 410 81 37 6
366 441 47 45 44
237 296 44 30 22
493 495 74 42 21
307 410 54 10 10
160 288 34 34 34
206 307 94 61 57
494 496 100 94 94
380 419 65 31 11
164 401 27 15 4
242 382 91 56 49
183 281 60 47 45
209 245 76 49 48
386 450 19 19 19
348 420 23 22 21
435 448 89 50 45
374 417 4 4 4
214 470 85 31 1
25 50 88 40 29
472 497 63 35 13
32 443 31 9 6
392 489 34 32 32
374 404 90 79 75
264 480 78 42 32
246 334 72 62 60
335 477 90 47 35
384 400 61 31 24
178 498 52 30 28
395 428 83 40 11
412 464 80 48 27
35 381 66 56 47
460 472 44 24 23
329 457 15 15 15
335 415 20 19 18
300 424 58 45 38
154 325 45 28 24
401 472 24 15 15
86 260 89 57 52
204 278 77 71 66
269 392 1 1 1
229 372 18 8 7
10 156 50 26 25
74 478 45 22 1
160 492 40 21 2
76 134 31 19 18
235 284 72 45 23
374 476 72 42 34
291 315 88 41 16
58 353 23 21 21
234 428 15 9 6
122 467 39 11 1
430 450 45 16 15
479 498 15 13 13
74 408 63 56 49
246 274 59 29 21
160 294 42 39 38
268 428 42 36 34
316 481 29 9 5
361 385 13 12 11
110 284 47 35 31
146 409 16 6 3
142 152 41 29 20
115 437 17 8 7
58 270 87 80 75
333 348 73 66 61
321 376 9 5 4
343 434 19 7 7
9 356 26 26 26
383 416 84 11 2
336 355 42 25 17
234 271 94 27 14
442 474 12 8 8
181 486 4 2 1
350 455 95 48 29
69 499 19 13 13
170 402 10 3 1
133 205 69 60 54
434 465 70 65 64
164 408 22 13 5
150 168 97 65 62
269 298 1 1 1
440 467 100 89 81
2 378 79 67 67
427 452 57 41 38
441 493 0 0 0
310 395 75 62 58
139 310 40 39 38
83 113 43 28 17
269 360 66 43 37
402 411 88 22 7
148 219 20 15 14
17 126 76 18 13
441 494 52 51 51
221 376 85 81 80
411 477 89 63 41
119 170 61 49 41
405 410 61 43 36
159 419 10 6 5
406 480 15 13 13
210 421 87 79 72
341 372 84 58 49
52 122 100 61 33
451 457 68 37 31
437 498 92 81 79
72 147 65 41 38
110 334 69 24 23
285 314 92 88 87
438 474 67 45 34
220 450 14 5 4
447 470 69 17 13
286 492 64 62 61
473 499 15 11 10
346 439 29 14 8
260 409 25 25 25
156 276 27 11 5
352 473 37 27 24
156 398 87 77 74
32 391 32 18 4
314 473 5 5 5
186 214 70 63 56
413 454 16 6 2
154 428 29 29 29
270 314 93 14 2
273 462 75 50 45
34 195 4 4 4
472 489 46 27 21
150 446 41 25 25
375 417 61 43 40
431 476 91 69 61
461 473 72 63 57
399 426 97 39 7
148 491 64 32 23
349 382 46 43 40
299 411 15 6 2
271 371 72 18 5
285 498 23 19 16
435 477 72 19 8
143 195 95 52 52
91 183 43 15 15
179 436 36 14 11
391 410 59 25 12
99 231 86 86 86
237 260 68 60 55
286 414 82 20 5
251 444 25 15 6
106 328 65 47 35
160 372 1 0 0
15 214 33 23 20
171 481 61 38 30
279 458 7 2 1
162 424 52 24 7
18 454 36 17 4
234 417 83 39 29
444 476 16 12 12
417 471 70 38 25
132 311 50 36 33
159 257 38 31 30
164 356 99 99 99
116 146 83 41 33
70 120 3 2 1
171 262 24 12 7
407 411 64 26 26
288 296 0 0 0
59 359 76 67 59
454 499 59 58 57
102 232 64 36 9
303 381 18 6 6
238 267 19 15 15
184 405 11 7 3
244 353 48 48 48
222 312 69 37 37
145 227 62 31 30
271 495 56 17 7
398 403 71 44 26
439 487 73 55 53
453 482 14 10 10
278 389 17 15 15
37 497 36 27 27
328 431 89 47 41
485 489 25 9 4
70 81 92 90 89
265 432 74 25 25
298 324 94 41 41
81 200 41 33 31
21 305 29 26 24
312 353 98 45 12
22 319 14 8 5
128 444 89 39 32
387 496 92 25 23
28 149 37 17 0
226 239 12 4 1
98 203 63 39 34
225 459 73 45 33
150 430 94 91 88
269 385 40 9 9
40 305 43 33 33
474 479 0 0 0
208 385 17 14 13
98 158 90 46 21
479 497 46 44 43
268 375 53 38 30
85 225 23 16 15
1 213 21 7 6
284 366 44 37 33
288 432 60 41 40
461 463 95 14 1
445 452 48 19 8
206 354 32 16 4
215 216 87 84 82
36 396 88 51 42
463 467 93 77 74
82 238 17 7 4
419 421 96 78 61
461 498 89 19 1
84 96 49 38 30
229 463 25 13 3
313 441 59 33 28
470 480 7 5 5
207 425 45 21 19
431 490 34 16 13
263 421 64 37 21
44 464 55 0 0
206 337 31 13 12
240 434 53 41 37
103 109 84 67 56
60 498 61 59 58
298 496 38 33 31
5 430 58 32 31
376 417 100 67 53
242 478 7 7 7
278 367 61 30 9
119 268 50 29 20
348 385 35 31 31
252 298 26 22 20
402 412 11 5 5
25 413 46 35 28
133 143 87 70 66
182 360 16 15 15
24 444 23 20 19
164 283 8 6 6
429 469 50 27 8
154 437 82 58 58
459 497 9 5 2
212 362 65 41 33
342 417 90 44 13
236 476 87 6 4
388 483 4 3 3
358 461 81 30 5
396 410 48 24 17
354 359 26 25 24
286 453 37 25 15
113 170 72 70 69
204 320 98 42 40
101 190 30 27 26
400 401 63 49 40
99 290 1 1 1
382 475 13 10 9
362 450 85 10 10
246 421 45 16 2
78 348 6 5 4
365 500 21 8 8
279 437 31 10 10
218 286 49 40 40
35 485 13 4 4
137 477 80 72 66
164 389 31 9 9
313 477 80 44 31
303 327 20 15 12
134 499 83 59 40
34 75 46 31 25
147 171 61 51 51
349 430 53 21 8
443 482 78 73 72
235 266 21 11 5
384 428 87 65 62
476 499 1 0 0
356 450 73 44 36
60 487 88 66 44
244 261 45 22 1
46 293 91 67 54
399 424 3 0 0
452 484 49 38 28
68 450 86 45 15
135 407 45 40 40
248 267 81 69 68
420 455 89 48 22
237 405 37 16 5
292 387 6 6 6
242 244 13 7 6
149 477 43 5 1
162 294 31 27 26
92 335 24 11 6
337 478 34 8 1
325 499 49 43 39
452 490 44 25 6
16 227 23 21 21
30 391 94 85 76
363 433 60 26 6
4 51 34 27 25
48 253 81 37 32
448 455 68 41 23
491 495 50 15 7
389 459 59 28 21
396 472 94 28 23
12 269 3 2 2
293 436 49 40 37
389 499 88 79 74
404 483 36 23 18
323 393 35 8 4
316 432 85 76 70
385 392 44 31 21
94 383 81 49 42
330 389 42 15 15
351 371 65 26 2
442 450 58 48 42
254 455 26 1 1
361 428 7 1 0
18 29 28 19 17
450 500 30 25 21
234 468 5 1 0
380 458 4 1 1
112 417 5 5 5
302 456 19 7 0
312 315 62 61 61
193 398 57 25 25
152 321 87 53 33
266 307 40 32 31
103 358 59 48 43
418 475 39 12 1
361 368 83 51 43
62 113 13 12 11
6 380 50 30 29
331 343 73 36 22
235 294 94 61 59
242 373 52 45 39
48 442 92 69 53
201 481 58 29 8
162 252 56 30 8
259 292 88 13 9
466 493 56 41 40
131 167 72 51 46
201 474 55 50 45
416 496 89 45 37
304 445 10 5 0
343 435 22 12 12
441 450 63 35 21
24 485 23 21 21
166 282 71 70 70
279 470 53 26 15
103 171 6 5 4
431 471 72 43 22
216 498 26 16 6
75 102 41 25 18
357 432 86 81 80
303 316 97 48 2
18 173 28 16 10
216 461 97 95 94
400 447 63 41 25
117 272 84 70 66
200 246 31 23 22
488 492 74 31 10
23 47 98 47 43
85 463 70 64 64
122 227 93 37 11
229 278 76 21 8
437 490 68 25 15
158 329 15 14 14
273 327 6 5 5
324 474 46 25 14
269 346 29 22 18
192 340 42 6 1
43 182 81 38 1
430 451 52 46 46
85 334 51 39 35
247 274 1 1 1
421 480 73 41 19
384 433 88 16 16
350 361 30 27 24
344 400 70 24 0
58 185 49 20 20
219 230 53 31 15
25 184 57 46 46
321 425 83 46 34
401 402 98 74 74
280 294 7 5 4
36 378 33 16 2
458 477 83 49 49
64 370 68 52 46
310 485 62 40 40
280 297 93 83 76
287 432 95 77 74
144 477 14 12 11
436 438 38 22 22
272 340 55 30 27
416 451 95 82 74
260 459 90 56 51
327 344 53 33 27
343 446 54 3 1
265 448 49 38 37
80 101 77 72 71
14 242 37 22 20
64 262 67 33 32
439 462 13 8 6
35 428 25 6 2
4 227 19 12 10
386 452 68 58 50
111 488 97 26 1
313 361 89 55 46
94 460 72 12 0
258 426 100 58 49
7 411 35 15 2
171 297 48 32 18
264 297 82 82 82
299 427 70 46 25
490 493 71 50 33
9 287 62 61 61
347 430 52 50 48
468 485 100 85 74
453 485 39 22 10
457 478 19 11 9
207 485 7 5 3
21 111 64 51 51
375 411 1 0 0
191 294 89 67 65
119 363 9 7 6
114 270 79 49 33
83 274 16 12 12
219 240 90 51 32
470 490 1 1 1
465 466 68 7 5
26 480 64 34 6
42 301 56 16 6
318 420 50 18 14
448 457 45 40 38
242 489 98 71 61
419 467 22 21 21
208 215 98 49 46
177 275 24 23 22
256 279 59 49 39
190 499 50 10 4
80 237 8 5 3
477 486 73 45 44
244 430 52 51 51
242 285 66 38 29
408 485 88 15 3
241 468 5 5 5
47 422 74 50 38
219 231 45 26 14
42 355 90 80 80
361 454 33 25 18
324 475 49 27 7
459 481 22 14 12
301 450 26 15 14
52 400 37 12 4
159 499 48 45 44
480 483 86 31 14
289 410 58 49 43
77 102 30 4 3
61 317 62 37 27
218 309 17 7 2
230 232 34 22 20
299 472 95 27 21
384 483 26 12 12
40 274 37 29 25
104 495 29 13 9
67 323 100 37 34
149 317 73 41 31
176 379 73 43 40
31 487 24 19 18
228 354 63 55 47
9 277 84 64 61
353 370 30 14 2
269 450 100 20 19
399 482 84 61 57
377 478 98 14 10
129 177 25 25 25
187 230 60 15 14
77 442 48 20 11
4 436 62 34 28
279 308 55 54 54
442 471 11 7 6
84 345 74 22 14
431 487 38 25 16
164 198 39 11 7
453 471 20 9 4
166 405 75 64 55
176 267 19 11 8
410 479 24 2 1
309 460 26 10 10
25 259 2 0 0
179 209 68 29 3
131 271 36 20 9
290 362 65 45 27
450 495 84 57 41
76 237 95 79 77
87 320 38 30 30
445 469 30 11 8
383 395 57 22 1
402 422 20 12 12
47 343 47 37 37
432 466 21 17 15
363 439 99 56 17
24 177 25 21 17
493 496 10 6 6
1 165
2 79
3 102
4 212
5 218
6 72
7 160
8 71
9 59
10 102
11 43
12 156
13 129
14 140
15 104
16 87
17 63
18 38
19 116
20 84
21 40
22 115
23 117
24 137
25 115
26 186
27 62
28 112
29 130
30 160
31 118
32 241
33 70
34 59
35 144
36 108
37 86
38 58
39 125
40 136
41 219
42 194
43 157
44 188
45 91
46 148
47 222
48 271
49 29
50 166
51 51
52 105
53 118
54 114
55 130
56 119
57 126
58 134
59 93
60 114
61 152
62 102
63 81
64 123
65 58
66 99
67 173
68 127
69 116
70 279
71 154
72 145
73 205
74 192
75 197
76 109
77 100
78 154
79 150
80 56
81 105
82 123
83 153
84 121
85 244
86 143
87 108
88 55
89 92
90 166
91 163
92 118
93 126
94 138
95 121
96 146
97 330
98 246
99 190
100 81
101 113
102 246
103 313
104 92
105 144
106 125
107 90
108 61
109 190
110 123
111 175
112 130
113 175
114 255
115 128
116 116
117 198
118 74
119 179
120 101
121 167
122 171
123 171
124 49
125 122
126 177
127 66
128 144
129 167
130 151
131 138
132 136
133 101
134 119
135 191
136 130
137 80
138 153
139 171
140 103
141 88
142 164
143 222
144 142
145 234
146 200
147 79
148 197
149 214
150 135
151 242
152 171
153 151
154 351
155 130
156 178
157 214
158 233
159 132
160 187
161 184
162 269
163 81
164 233
165 120
166 154
167 212
168 185
169 110
170 73
171 272
172 118
173 98
174 138
175 212
176 239
177 136
178 176
179 144
180 137
181 218
182 299
183 316
184 86
185 224
186 121
187 137
188 302
189 212
190 261
191 229
192 182
193 182
194 261
195 197
196 144
197 184
198 59
199 175
200 206
201 182
202 160
203 220
204 379
205 127
206 335
207 354
208 275
209 180
210 212
211 170
212 194
213 177
214 253
215 207
216 164
217 286
218 236
219 327
220 197
221 188
222 254
223 94
224 122
225 130
226 273
227 130
228 186
229 202
230 409
231 170
232 155
233 260
234 346
235 291
236 296
237 287
238 146
239 362
240 231
241 194
242 291
243 212
244 147
245 227
246 290
247 232
248 224
249 142
250 334
251 287
252 309
253 205
254 266
255 218
256 111
257 174
258 194
259 288
260 295
261 409
262 144
263 349
264 269
265 158
266 262
267 217
268 221
269 318
270 255
271 317
272 222
273 223
274 188
275 199
276 158
277 213
278 266
279 191
280 263
281 121
282 275
283 219
284 317
285 194
286 198
287 263
288 315
289 189
290 256
291 385
292 246
293 342
294 156
295 254
296 378
297 176
298 205
299 273
300 260
301 129
302 170
303 242
304 184
305 240
306 248
307 119
308 139
309 87
310 296
311 271
312 397
313 336
314 206
315 338
316 375
317 268
318 229
319 315
320 282
321 191
322 226
323 173
324 286
325 270
326 231
327 219
328 238
329 95
330 386
331 285
332 438
333 249
334 295
335 267
336 339
337 304
338 244
339 297
340 197
341 350
342 175
343 239
344 252
345 417
346 253
347 228
348 318
349 383
350 288
351 460
352 162
353 312
354 363
355 200
356 224
357 157
358 298
359 161
360 256
361 374
362 422
363 311
364 179
365 169
366 218
367 353
368 284
369 186
370 347
371 301
372 310
373 234
374 223
375 306
376 142
377 348
378 162
379 271
380 325
381 187
382 232
383 374
384 413
385 325
386 268
387 199
388 157
389 296
390 291
391 306
392 348
393 201
394 260
395 281
396 358
397 244
398 252
399 475
400 433
401 366
402 343
403 344
404 320
405 330
406 267
407 259
408 301
409 386
410 303
411 400
412 336
413 435
414 373
415 412
416 299
417 478
418 375
419 547
420 391
421 390
422 480
423 456
424 309
425 356
426 300
427 289
428 321
429 258
430 361
431 430
432 323
433 445
434 338
435 474
436 307
437 386
438 263
439 616
440 418
441 336
442 370
443 415
444 421
445 368
446 450
447 346
448 370
449 425
450 686
451 444
452 573
453 730
454 363
455 574
456 407
457 462
458 397
459 417
460 435
461 367
462 370
463 473
464 436
465 438
466 333
467 346
468 323
469 471
470 535
471 424
472 691
473 290
474 564
475 536
476 493
477 616
478 452
479 412
480 525
481 503
482 460
483 409
484 304
485 438
486 532
487 482
488 514
489 596
490 482
491 409
492 403
493 505
494 469
495 782
496 625
497 594
498 713
499 689
500 541
