100 200
4 52 4 4 4
24 65 40 26 13
54 73 82 76 76
13 29 9 2 0
68 91 46 32 21
34 84 97 61 27
28 66 90 70 70
73 100 12 5 1
82 93 30 23 19
73 94 34 14 7
39 60 94 84 77
43 73 69 59 49
72 74 51 26 24
7 72 97 51 24
20 63 84 83 83
26 81 65 59 59
7 96 73 16 11
40 86 63 26 1
42 90 23 10 9
37 62 49 41 35
3 33 75 60 53
11 40 57 18 4
97 100 80 57 35
67 88 26 13 2
15 36 26 23 20
8 89 9 6 3
98 99 44 24 20
46 57 48 35 28
84 97 27 8 1
80 89 88 45 30
62 91 20 14 8
98 100 91 69 48
57 64 26 8 2
9 95 13 9 8
50 77 73 33 22
71 81 43 19 8
59 99 77 75 75
69 86 67 67 67
47 57 87 33 21
25 98 12 10 10
40 91 69 47 33
77 91 9 5 5
28 52 42 41 41
58 64 31 25 23
64 69 8 7 7
62 80 20 11 3
6 50 81 14 10
69 79 77 47 40
64 92 9 8 7
23 45 7 3 1
26 98 28 23 18
21 62 97 44 29
28 57 90 53 39
33 53 47 11 11
70 78 68 68 68
12 25 84 70 69
52 67 74 59 58
57 67 67 20 2
59 75 96 34 21
15 24 84 63 49
27 83 48 46 46
27 39 72 39 37
5 67 75 14 14
88 97 86 33 12
60 92 55 37 23
48 98 88 20 1
10 98 64 18 2
36 92 28 22 19
48 57 82 51 22
87 94 4 2 1
50 53 52 29 28
1 64 67 61 58
73 96 66 29 8
13 39 83 80 77
61 69 84 32 24
67 78 52 30 25
30 87 86 73 71
24 26 95 63 42
45 67 85 57 32
83 97 89 15 13
93 99 31 10 8
57 99 6 3 3
21 70 27 12 3
52 85 25 5 5
92 100 4 2 0
10 59 91 53 39
47 96 69 51 35
5 13 13 10 7
21 99 5 4 4
38 39 98 41 27
26 57 41 33 28
18 37 42 11 3
58 68 23 3 2
18 90 21 10 7
31 66 27 22 20
91 99 75 46 43
10 39 93 80 67
75 88 12 11 10
46 100 81 30 28
25 62 16 10 6
55 74 20 20 20
6 41 80 77 74
82 84 45 23 3
17 71 17 10 10
16 86 89 64 49
94 97 27 27 27
57 98 72 21 21
58 65 31 20 10
12 49 41 22 16
22 48 69 20 11
74 88 18 14 12
50 99 16 6 4
51 98 95 16 12
48 85 30 20 10
27 91 100 54 54
10 50 27 18 9
90 94 88 69 58
10 69 68 57 54
16 89 70 24 9
5 48 83 38 34
89 95 86 54 43
87 92 53 49 46
9 47 23 12 11
16 50 23 15 15
56 82 38 30 25
15 83 79 45 38
85 91 6 1 0
35 97 70 51 38
10 88 95 79 72
53 68 95 85 84
71 73 74 34 10
66 73 67 49 46
52 78 11 7 5
7 79 63 39 29
40 42 33 19 7
47 72 9 6 5
24 29 71 30 25
78 86 62 34 31
4 43 8 2 0
28 39 88 80 78
63 78 76 31 18
68 72 22 11 2
20 75 81 77 74
12 47 93 30 22
12 58 18 8 5
26 42 44 35 33
55 90 55 24 1
7 60 86 34 16
57 59 20 8 7
49 66 46 22 8
75 92 91 52 38
24 80 16 7 1
76 83 47 6 5
78 90 42 22 18
61 70 44 25 24
6 72 87 69 54
42 69 36 24 14
18 71 78 75 73
70 84 62 57 55
94 96 86 30 29
93 97 11 11 11
33 82 53 44 36
61 65 8 8 8
41 94 91 90 90
95 98 76 72 71
17 93 16 4 1
10 42 81 51 42
12 76 62 28 23
91 97 94 18 1
63 66 37 3 0
81 98 69 32 4
35 82 51 41 41
14 17 100 98 96
31 34 88 38 38
91 92 49 45 42
80 86 21 11 5
89 94 5 5 5
40 100 87 76 75
92 94 59 57 57
56 93 10 2 2
77 82 39 19 14
67 96 16 3 2
93 98 40 20 4
71 92 35 21 12
1 48 79 77 77
92 95 57 50 48
26 68 35 26 21
70 72 47 14 2
9 55 79 71 69
13 70 60 44 42
24 25 42 23 18
82 98 20 8 2
68 86 73 15 1
38 50 41 18 15
30 90 16 15 15
45 100 64 15 0
83 99 37 14 4
27 82 31 19 14
60 90 58 44 43
69 91 62 43 36
1 5
2 0
3 10
4 4
5 58
6 56
7 116
8 3
9 13
10 117
11 26
12 81
13 19
14 2
15 40
16 55
17 12
18 27
19 0
20 4
21 46
22 35
23 3
24 101
25 25
26 53
27 47
28 41
29 26
30 7
31 30
32 0
33 37
34 59
35 19
36 7
37 26
38 47
39 77
40 94
41 3
42 56
43 14
44 0
45 61
46 35
47 98
48 137
49 30
50 115
51 41
52 23
53 34
54 3
55 32
56 10
57 176
58 29
59 70
60 68
61 44
62 60
63 47
64 21
65 24
66 65
67 123
68 85
69 79
70 56
71 66
72 100
73 103
74 16
75 71
76 37
77 42
78 70
79 34
80 52
81 52
82 76
83 93
84 72
85 23
86 111
87 12
88 66
89 85
90 76
91 139
92 75
93 46
94 58
95 28
96 117
97 175
98 246
99 65
100 117
