900 4000
235 434 6 4 4
473 509 26 8 0
758 761 10 9 9
8 441 62 52 50
260 553 77 70 66
176 510 10 7 7
203 548 87 59 33
453 633 38 10 9
561 619 48 32 28
78 165 65 15 9
760 833 28 25 25
731 798 38 18 8
96 356 11 8 5
684 716 1 0 0
743 851 65 17 8
433 780 67 50 50
496 675 99 41 26
490 612 56 50 46
881 898 17 12 7
634 897 58 29 22
7 378 45 29 21
774 790 82 31 18
672 775 97 52 19
715 889 22 11 11
566 593 4 2 2
381 661 44 38 37
686 735 28 25 24
477 848 13 13 13
467 562 13 12 12
499 761 14 5 2
9 692 0 0 0
279 744 10 3 1
455 620 27 17 17
837 881 76 72 70
434 495 94 59 55
14 870 98 96 96
670 837 68 50 38
305 612 88 36 1
615 776 10 0 0
855 881 81 76 75
118 729 5 5 5
19 102 88 60 41
423 675 42 28 18
254 666 67 45 30
581 842 97 89 85
663 884 88 84 80
607 644 16 15 15
16 463 34 10 1
518 685 80 66 63
504 868 47 4 3
324 406 46 34 23
156 412 59 48 46
492 628 75 59 54
42 173 64 63 63
629 639 63 59 55
551 870 52 27 25
114 758 73 62 53
266 712 77 34 5
335 703 31 7 1
481 665 80 44 10
21 334 34 26 19
659 734 52 49 47
346 482 80 34 29
160 166 50 49 48
595 695 75 46 31
888 892 20 11 8
391 548 33 14 4
222 377 16 12 9
739 781 27 23 20
805 833 4 3 2
48 321 46 34 28
790 898 26 14 10
602 699 13 12 12
759 841 49 35 25
250 450 79 32 22
107 186 51 3 0
463 465 13 4 1
644 880 69 50 33
125 585 64 38 27
768 853 95 74 68
614 704 66 26 20
681 701 85 77 74
783 868 23 8 0
351 712 54 45 37
112 660 79 69 63
130 676 20 6 4
567 792 37 34 32
733 844 44 1 0
499 563 19 13 12
274 826 11 10 10
566 583 28 19 12
73 327 23 16 14
670 744 82 22 22
865 872 68 51 47
543 618 100 55 42
543 637 37 34 34
507 713 93 78 73
181 430 85 32 9
279 607 34 26 26
636 837 16 8 4
254 784 54 24 17
868 872 37 25 25
608 893 71 51 41
234 617 95 72 64
87 150 63 35 31
54 757 95 91 91
165 674 98 77 59
355 795 47 24 24
477 532 99 54 38
725 777 55 41 38
87 136 47 24 1
214 886 26 14 11
511 755 67 62 62
184 712 1 1 1
266 279 2 1 1
543 597 10 1 0
28 152 25 22 21
122 832 34 29 26
558 796 88 70 68
435 728 0 0 0
687 850 2 1 1
84 462 67 66 66
177 575 31 28 26
729 888 74 51 29
9 293 62 13 7
720 840 56 23 10
548 807 35 23 16
63 119 22 19 18
472 892 95 35 29
92 560 52 1 1
866 889 37 37 37
893 897 89 18 3
535 722 78 39 11
499 739 1 0 0
734 854 54 53 52
168 531 41 22 18
589 849 100 83 69
898 899 84 53 24
718 739 21 12 9
289 632 61 35 10
471 794 81 58 55
512 534 22 17 12
808 821 20 15 14
297 424 66 60 60
146 780 98 24 22
309 357 44 42 42
101 550 70 63 59
679 833 17 10 5
510 764 66 15 6
44 882 37 15 10
104 242 97 40 34
57 821 85 6 2
841 872 12 9 8
883 893 99 95 95
74 166 92 20 4
51 507 88 88 88
449 474 26 19 12
550 838 56 48 45
548 610 64 52 45
376 485 17 11 5
891 897 62 48 44
131 726 32 31 30
41 108 66 24 8
755 841 92 89 86
126 463 37 11 11
423 605 32 29 28
680 846 79 29 26
8 713 80 65 57
644 802 83 77 77
691 729 47 42 41
789 854 69 59 58
133 246 9 5 4
116 488 33 31 29
149 708 8 5 4
731 760 97 56 42
591 730 42 39 36
881 888 65 62 59
762 812 73 26 8
445 712 38 30 27
740 873 18 3 2
79 475 9 1 1
238 347 97 25 23
122 208 4 1 0
329 366 61 44 37
257 507 91 65 64
103 606 53 31 11
890 892 81 63 55
76 630 0 0 0
228 541 15 3 3
501 879 91 60 54
434 560 65 35 16
769 785 80 80 80
893 899 2 2 2
16 785 93 58 31
722 850 33 25 25
510 706 98 92 88
404 615 45 35 34
600 655 86 16 7
629 783 56 42 37
399 450 70 36 12
709 739 11 10 10
768 843 26 26 26
875 900 81 70 68
823 845 35 7 1
620 860 69 64 62
190 232 30 18 13
117 477 20 20 20
186 270 85 34 33
15 356 8 0 0
595 830 62 41 20
280 817 55 11 4
516 879 24 10 3
860 897 0 0 0
869 874 28 28 28
556 664 10 7 6
598 633 99 71 63
864 866 36 2 1
283 700 59 21 16
197 790 66 24 8
50 538 18 10 5
511 582 78 16 3
856 871 72 52 51
342 782 88 29 16
48 194 12 4 2
39 822 82 58 43
608 831 1 0 0
655 704 66 55 51
171 736 27 15 14
152 171 47 19 2
814 876 81 64 48
692 780 15 14 14
697 758 31 31 31
369 752 52 28 16
598 869 67 43 42
297 602 37 18 12
629 827 63 62 62
7 756 11 7 5
827 893 40 19 7
459 813 35 18 17
704 772 28 8 5
361 774 42 39 38
863 892 100 96 95
608 614 51 32 29
239 724 41 20 16
313 463 89 63 40
440 669 27 9 8
784 842 71 28 28
44 218 55 39 28
310 394 15 2 1
701 721 3 3 3
371 474 94 55 43
61 577 83 72 65
585 784 50 14 11
507 603 47 27 17
20 142 29 21 13
447 823 22 9 8
798 810 1 1 1
279 582 23 3 1
411 486 52 27 24
863 884 59 50 41
898 900 81 29 23
670 815 89 81 78
505 571 30 9 6
491 646 89 89 89
140 287 72 48 39
754 803 41 6 3
803 826 51 31 29
646 794 98 43 43
623 679 68 36 34
278 326 40 14 10
570 752 3 2 1
498 785 65 65 65
266 483 46 20 17
667 711 88 62 44
359 444 90 83 81
849 850 44 37 37
216 650 12 10 9
63 686 81 51 48
294 328 46 36 35
871 894 49 28 28
763 791 22 6 2
752 793 28 23 22
236 743 91 44 3
410 524 49 35 28
867 870 5 4 4
187 317 15 9 7
45 346 0 0 0
123 424 33 15 13
182 243 21 14 13
838 878 55 8 8
875 880 78 18 17
462 474 19 11 4
87 864 32 25 19
897 900 13 10 9
125 753 15 12 11
105 328 96 66 66
250 827 78 73 68
753 792 76 55 36
178 505 19 18 18
387 469 11 11 11
550 776 90 42 41
672 898 8 5 3
586 804 28 11 4
225 651 22 21 21
85 695 14 2 1
615 860 87 86 86
796 812 17 8 0
128 703 32 18 4
379 519 2 0 0
580 586 56 26 5
119 289 54 9 5
802 872 58 26 21
424 495 17 17 17
257 372 49 27 17
316 790 20 14 11
224 751 66 35 9
790 890 89 52 51
140 753 96 46 19
425 750 71 28 25
257 284 58 21 15
316 586 27 9 8
612 798 17 15 14
272 815 4 3 3
77 820 68 65 64
230 689 60 16 5
255 677 27 23 20
825 853 49 40 36
541 675 54 52 52
168 307 24 20 18
422 791 96 57 48
691 722 99 60 58
163 652 38 31 30
432 723 20 6 3
113 132 41 2 2
731 814 89 51 48
450 862 37 28 25
256 550 73 58 54
269 350 40 25 23
186 494 71 45 36
333 443 5 3 2
34 694 71 67 64
238 538 44 36 28
186 726 8 3 1
483 885 92 69 60
611 818 1 0 0
211 596 21 11 9
541 707 31 14 5
615 797 21 3 3
245 605 63 49 49
638 899 93 92 92
82 217 47 21 15
220 892 15 3 3
766 891 79 52 35
153 216 96 92 90
793 876 54 44 38
555 593 19 12 5
167 472 28 21 20
574 689 19 8 0
214 624 87 39 22
711 891 72 41 19
499 679 16 9 8
89 411 78 27 15
101 471 75 55 44
662 768 82 40 27
696 854 92 68 57
256 877 37 36 36
504 699 53 16 4
587 867 70 14 13
249 434 54 40 36
442 769 84 23 6
755 837 47 41 38
575 792 59 37 37
217 382 87 22 14
433 870 4 1 1
591 644 97 42 10
779 864 25 14 12
281 610 37 36 36
497 693 53 5 0
113 487 44 6 1
206 467 50 23 10
674 894 66 28 28
645 734 75 48 36
163 823 47 45 44
596 813 65 20 15
700 812 84 46 24
115 599 100 79 66
776 832 60 32 30
298 681 98 47 46
577 596 23 6 0
531 781 40 36 34
579 609 67 26 7
254 311 86 76 72
319 405 85 46 28
365 463 20 20 20
555 667 17 14 14
76 782 10 9 9
496 803 87 39 16
381 776 46 39 36
275 839 56 44 44
655 689 27 15 15
281 543 12 3 1
357 589 85 83 82
137 171 93 89 86
107 196 85 64 64
535 655 54 37 21
528 713 36 14 8
572 840 14 5 1
705 846 22 10 4
509 657 98 60 51
267 594 23 12 10
443 763 40 29 29
235 642 94 89 88
440 899 66 59 59
21 290 88 42 40
511 758 0 0 0
119 753 84 43 5
233 881 100 36 9
65 560 86 33 26
5 46 8 2 1
155 493 59 44 42
370 870 23 20 17
115 415 68 30 28
152 870 10 6 3
802 884 41 19 12
350 588 32 19 11
446 569 42 17 3
425 532 49 47 45
462 843 1 1 1
515 540 46 35 27
624 810 74 47 33
99 376 97 49 38
891 892 89 14 3
854 894 1 0 0
754 839 20 12 5
132 261 42 16 11
185 584 91 42 14
757 813 100 69 62
723 736 3 2 2
718 758 5 2 2
16 311 35 27 23
778 874 30 6 5
14 356 49 39 33
470 568 74 61 58
671 691 43 31 28
886 888 14 5 4
523 786 32 23 14
638 875 63 38 18
232 589 36 24 23
225 798 3 2 2
851 861 6 1 1
146 351 89 28 23
304 686 49 37 27
270 531 34 30 28
632 753 8 3 0
77 541 49 46 43
414 747 51 39 34
634 851 7 6 5
640 721 99 96 94
298 451 59 30 9
195 512 65 40 23
62 817 25 21 21
51 811 5 4 4
467 572 40 31 31
750 886 31 18 16
891 893 11 6 5
201 838 48 26 19
565 850 66 23 15
805 828 4 3 3
675 796 95 83 81
643 895 18 9 8
744 815 80 78 77
469 532 87 48 42
792 898 32 6 0
761 847 0 0 0
354 740 95 84 80
404 482 29 25 23
588 668 27 27 27
821 884 0 0 0
397 860 70 46 41
512 728 28 10 10
765 830 99 10 5
159 762 69 33 2
489 792 50 49 49
245 420 94 60 49
32 454 19 10 1
614 841 91 70 69
442 596 72 35 22
455 759 46 32 23
537 813 43 27 25
482 828 87 44 8
402 650 98 81 77
390 536 47 34 33
665 795 95 86 80
348 418 98 50 12
685 713 67 60 55
22 621 2 1 1
840 844 100 80 79
92 612 49 21 11
192 506 23 18 18
572 811 63 38 27
97 855 72 17 9
331 540 51 23 4
397 499 30 7 7
655 724 54 24 21
880 898 10 4 4
464 515 42 10 6
667 871 53 38 33
663 854 14 12 11
340 489 18 8 0
226 517 2 2 2
659 798 55 53 51
650 888 93 41 1
367 386 11 10 9
390 597 73 48 47
740 900 78 39 39
700 889 23 14 12
327 708 33 15 12
224 294 14 8 4
649 865 6 4 3
740 762 10 10 10
452 491 92 77 73
531 861 68 12 6
482 607 16 11 9
367 647 30 17 6
94 120 25 22 19
834 852 52 35 20
91 663 50 42 38
412 520 67 65 65
876 890 15 13 13
145 206 74 41 21
383 541 80 34 24
429 812 78 40 8
467 794 88 38 21
655 817 74 52 40
442 469 64 46 38
894 896 89 85 84
603 657 81 54 27
487 774 5 4 4
821 827 36 10 6
882 884 57 55 53
60 592 73 63 58
353 557 78 40 29
125 830 38 7 3
676 692 79 16 14
864 886 71 23 8
471 735 45 32 21
741 838 2 1 1
723 848 48 35 35
361 567 57 27 4
40 878 69 48 27
626 869 95 87 80
793 880 2 1 0
4 867 57 49 48
481 547 61 27 25
199 338 50 27 24
795 891 1 0 0
321 579 49 39 35
748 877 62 6 6
745 791 51 14 6
456 858 56 54 53
112 594 70 4 4
856 892 24 12 5
182 568 27 21 16
373 694 78 31 29
598 777 41 11 2
657 770 72 35 32
139 664 33 18 18
746 844 68 35 31
833 896 40 25 10
727 840 44 27 22
670 780 64 32 24
13 100 61 59 58
199 868 38 24 12
396 809 14 10 7
273 618 0 0 0
121 855 15 8 4
388 391 99 64 55
104 709 11 3 2
310 485 67 60 56
280 470 83 75 70
766 805 43 33 23
687 824 97 45 30
627 723 55 50 46
514 622 5 1 1
114 483 81 29 17
417 857 81 69 64
579 666 70 53 48
32 416 94 76 74
326 703 38 36 34
98 301 83 38 19
785 805 19 12 11
444 533 74 33 11
638 789 75 28 4
211 298 38 11 6
301 462 32 13 7
733 852 38 36 36
384 404 1 1 1
821 862 8 7 6
135 862 78 14 2
112 630 18 6 5
574 811 19 10 7
4 22 74 25 12
330 439 89 56 29
514 782 67 53 53
523 830 86 74 73
884 886 11 10 10
142 789 44 36 34
508 715 90 66 61
329 533 13 5 1
242 297 69 69 69
541 820 21 10 10
376 597 90 81 73
221 456 56 56 56
667 755 49 28 28
364 774 65 58 56
172 701 31 4 2
631 669 4 4 4
149 310 96 65 50
123 588 52 21 9
737 743 79 54 47
877 893 47 25 22
481 708 60 28 15
819 896 23 17 13
692 838 57 56 56
547 792 9 3 3
589 603 22 13 7
369 546 53 42 42
142 488 67 33 27
409 439 61 42 33
796 869 2 1 0
894 899 32 26 26
650 753 71 54 54
382 873 0 0 0
507 550 8 0 0
763 826 5 4 4
718 775 60 47 37
184 759 68 28 19
416 520 30 27 27
418 619 2 2 2
139 694 99 72 68
518 759 25 16 13
782 806 19 18 17
570 655 90 82 74
561 808 98 93 88
434 569 89 61 55
319 686 41 23 6
875 890 1 0 0
700 803 14 13 12
504 813 53 43 37
190 643 63 54 51
635 768 63 33 24
414 559 0 0 0
152 521 85 77 75
623 698 28 20 20
464 844 79 73 73
452 832 16 5 5
198 775 84 58 33
659 748 42 36 34
671 814 84 54 31
243 347 48 20 13
733 747 27 20 20
713 852 7 3 0
224 351 60 38 19
204 708 93 93 93
757 874 18 11 5
101 671 44 31 27
534 745 37 18 18
222 785 22 4 1
86 625 97 86 83
530 599 42 36 35
589 824 46 38 36
705 894 20 4 0
483 505 88 12 10
193 615 89 75 65
443 563 39 14 2
194 229 89 67 47
23 654 50 38 35
392 735 12 2 0
822 866 41 38 38
453 632 70 65 61
594 621 72 18 14
115 587 20 17 14
643 878 51 23 17
173 496 30 17 12
105 360 85 63 63
276 536 69 63 62
759 832 47 22 3
735 896 86 50 25
89 895 55 52 49
890 896 86 43 25
610 683 49 33 32
403 740 99 78 73
549 598 67 36 24
234 591 92 42 34
337 369 38 36 36
247 610 62 38 37
631 766 97 73 58
879 890 30 25 25
740 823 58 24 13
344 812 14 2 2
135 312 38 17 10
494 530 1 0 0
453 688 2 0 0
335 581 60 38 38
481 805 6 4 4
179 284 85 73 70
536 698 82 59 58
352 558 30 30 30
735 843 29 22 21
762 794 60 32 21
795 871 43 38 33
207 742 96 47 31
288 554 64 6 3
221 392 69 11 10
402 469 80 78 76
145 534 43 10 2
115 469 48 5 2
23 354 100 54 34
577 697 3 2 2
475 729 52 44 44
144 238 86 51 51
403 856 77 42 27
326 422 62 52 47
404 870 53 33 17
159 637 82 56 54
347 656 81 68 61
292 456 5 4 4
269 838 50 23 10
654 795 64 42 33
845 872 37 37 37
791 856 22 19 16
32 267 24 3 0
80 228 39 33 27
94 224 23 21 20
750 762 61 42 28
475 548 72 69 67
99 800 86 64 44
245 541 4 4 4
440 857 44 36 32
331 453 64 46 35
346 785 19 16 14
519 614 95 18 11
303 791 100 62 28
274 368 26 24 23
105 339 84 63 51
131 391 17 10 8
184 805 26 9 7
792 891 73 56 50
85 185 13 5 2
561 656 83 51 37
410 876 25 10 5
34 755 99 68 67
201 707 14 13 12
615 678 89 58 56
878 900 5 5 5
669 754 47 25 25
298 437 21 18 15
356 470 14 14 14
360 875 11 6 6
286 809 42 24 8
494 633 85 40 9
342 849 11 3 2
430 733 74 13 3
854 874 5 2 1
783 799 50 38 33
354 611 90 39 28
822 872 77 36 3
404 496 8 5 5
239 522 25 23 21
346 703 82 56 30
480 542 10 3 0
158 313 66 2 2
257 790 5 4 4
890 895 41 14 14
781 785 29 21 18
375 566 7 6 6
75 662 62 31 20
501 676 10 4 4
191 286 60 13 1
293 438 29 21 19
347 735 20 8 8
319 861 67 28 28
474 503 3 1 1
304 684 32 3 3
332 628 42 23 13
289 473 84 34 3
645 756 68 22 9
827 843 52 45 40
831 860 28 27 27
399 556 59 30 26
41 206 98 84 83
440 695 2 1 1
363 492 25 20 15
28 208 36 11 9
720 817 73 71 71
210 671 53 26 5
841 866 13 12 12
704 757 41 15 15
365 515 89 85 85
18 383 62 32 14
232 417 70 53 46
843 846 55 15 7
99 601 26 22 19
94 371 71 58 46
685 873 75 59 51
519 839 95 17 16
694 764 87 84 84
174 819 67 19 7
368 560 31 9 2
507 885 25 14 14
55 151 74 36 14
754 817 97 59 37
551 815 34 12 9
852 889 86 50 16
214 536 34 30 28
188 520 71 40 11
31 746 14 7 3
708 873 94 38 36
137 247 92 72 58
653 804 9 5 5
439 734 57 21 21
636 726 82 61 41
361 747 88 30 29
99 194 22 9 2
482 628 31 18 6
698 844 43 8 5
48 640 81 51 46
413 840 36 17 7
364 789 30 22 18
418 799 89 35 18
374 451 81 60 57
735 820 47 41 40
543 791 43 25 24
32 667 86 60 51
874 899 35 20 16
505 836 15 5 1
81 104 38 19 18
184 370 64 45 27
32 187 19 18 17
47 158 15 9 6
175 704 76 23 6
543 603 79 26 19
330 722 9 5 1
514 649 60 40 38
281 513 3 2 1
142 362 70 20 8
199 871 68 51 49
828 853 27 22 20
820 868 59 22 5
777 836 24 7 5
287 454 81 43 20
428 505 9 9 9
36 55 32 14 13
849 851 77 53 52
767 786 86 39 12
555 900 29 16 11
609 899 16 5 0
258 849 44 35 26
260 396 28 16 9
68 359 73 27 6
744 782 78 67 60
375 779 67 60 58
659 816 75 47 31
311 667 47 20 3
717 725 11 6 6
129 775 81 80 79
838 892 22 21 20
760 826 19 3 2
292 489 81 53 50
416 856 21 18 17
809 832 28 27 27
641 704 20 4 3
823 882 17 13 10
403 568 95 66 59
139 477 73 73 73
372 478 68 42 17
437 900 94 84 76
443 444 41 28 27
230 701 80 40 33
871 893 28 23 23
842 876 3 3 3
232 698 30 2 2
711 715 10 8 8
838 876 35 23 23
869 896 2 1 0
93 741 56 32 14
542 786 12 2 2
357 422 52 26 9
506 705 64 26 13
722 837 93 86 82
28 485 34 17 15
400 796 40 22 16
788 877 38 20 6
243 337 97 60 49
11 108 69 31 3
204 225 2 0 0
859 875 98 38 17
36 344 22 7 3
729 792 36 21 16
709 875 47 40 33
729 864 63 57 57
357 704 15 10 7
103 252 6 6 6
310 323 55 23 0
343 528 68 39 32
174 840 57 56 55
33 887 13 8 7
433 746 88 14 4
104 342 87 38 31
514 861 64 57 50
856 867 11 7 7
244 684 52 22 3
175 288 2 1 1
335 658 0 0 0
127 894 87 47 9
564 867 91 9 3
247 878 58 47 46
516 518 82 73 67
438 713 100 68 58
268 527 90 71 52
261 390 71 33 12
613 862 56 47 45
326 638 17 16 16
610 703 6 4 3
752 823 82 75 75
131 713 62 61 60
15 880 45 31 22
13 543 30 25 20
671 828 44 23 13
666 715 82 73 73
242 344 70 51 38
407 648 69 66 64
113 816 48 22 19
326 681 11 4 3
615 650 86 59 52
416 861 85 72 63
41 504 18 17 17
190 878 31 12 1
540 814 70 48 47
718 832 42 24 24
872 887 90 14 12
375 727 19 7 5
600 894 33 13 2
792 853 41 6 5
340 441 86 29 3
301 338 60 57 57
225 486 83 58 38
835 844 64 62 61
247 826 64 47 40
407 571 92 23 3
631 842 85 9 0
371 878 81 71 68
202 514 73 67 67
325 811 43 30 18
563 592 67 20 8
590 827 75 63 58
378 738 78 71 68
633 827 15 14 13
21 213 32 29 28
556 887 89 33 26
468 546 62 37 27
457 519 41 36 33
620 835 56 21 3
252 679 18 11 7
176 404 69 4 0
762 795 12 9 8
323 862 29 16 14
177 262 84 61 59
813 857 52 34 16
450 512 81 38 22
745 764 1 0 0
121 197 77 39 22
51 270 51 51 51
324 831 7 7 7
166 551 9 7 6
140 855 66 19 13
625 724 43 14 2
887 892 77 65 55
601 615 80 20 17
356 638 8 8 8
61 827 54 31 17
831 848 46 36 30
156 307 32 29 27
896 897 33 32 32
88 562 41 41 41
267 564 71 31 19
580 806 68 38 38
751 893 18 18 18
344 700 0 0 0
670 817 16 2 1
512 830 48 37 33
767 899 90 57 34
87 777 94 52 50
780 828 85 60 37
30 599 27 17 16
352 484 12 12 12
671 855 94 71 54
344 581 78 36 1
535 689 90 82 76
432 864 33 18 15
384 828 66 45 26
782 799 70 70 70
438 557 37 20 3
167 239 48 41 39
476 521 90 88 88
603 647 7 4 4
802 857 24 17 11
640 698 5 1 1
22 436 97 14 4
76 841 52 9 2
785 792 42 30 29
53 418 35 17 14
405 439 29 5 0
773 820 86 65 62
393 876 86 44 27
99 218 31 30 30
506 720 29 27 27
182 384 98 55 49
833 891 50 46 43
719 738 38 24 15
248 751 92 73 71
278 854 21 16 12
178 591 72 15 1
118 485 63 45 45
597 699 69 58 55
233 545 42 23 21
358 771 67 34 19
254 387 25 17 13
580 731 71 58 53
569 651 74 46 33
187 268 11 4 3
851 894 78 75 75
1 724 1 1 1
443 569 11 3 1
246 740 76 7 7
202 854 73 52 45
214 817 83 26 10
859 871 38 23 15
664 701 26 10 1
461 517 28 22 21
465 467 54 24 20
272 458 45 4 4
834 848 79 65 61
478 815 25 17 13
328 748 73 17 15
741 891 62 59 59
528 794 47 6 4
862 885 7 2 2
264 648 39 32 32
729 867 88 59 53
9 720 23 16 14
862 899 77 34 16
714 856 29 27 27
427 507 97 58 51
54 271 4 1 1
286 719 4 1 1
885 888 46 15 13
435 667 48 28 17
821 852 32 31 31
520 527 45 26 13
410 449 28 17 7
861 883 50 47 46
735 744 88 72 63
430 894 70 40 38
32 426 18 7 0
502 716 19 11 10
17 446 40 25 21
359 796 47 35 28
669 765 62 40 18
873 874 37 34 32
118 755 48 9 2
685 687 29 5 3
565 810 21 12 10
623 671 1 1 1
230 470 37 19 5
262 463 75 70 66
591 884 73 41 31
45 56 83 38 31
572 662 16 6 6
683 858 95 30 27
171 323 5 1 1
201 719 63 50 50
895 897 61 54 47
570 716 97 55 13
709 877 72 71 71
306 464 32 17 5
887 899 48 23 13
261 310 30 9 1
70 370 96 65 48
823 835 0 0 0
803 819 10 7 5
393 686 11 6 5
590 768 41 21 20
432 438 82 46 28
358 866 18 18 18
620 892 84 57 57
679 718 21 15 11
440 889 34 29 25
233 578 85 19 16
788 860 85 57 39
889 892 0 0 0
159 679 9 4 2
233 655 13 8 3
673 685 27 20 17
47 473 16 10 8
776 890 19 3 3
166 264 90 73 57
730 830 53 38 37
855 895 8 7 7
438 644 100 52 49
539 747 94 91 89
559 733 52 36 30
197 605 99 85 82
465 647 6 3 3
543 675 99 41 25
236 671 56 35 18
327 615 0 0 0
739 846 21 13 5
184 497 31 25 25
23 51 20 17 17
471 594 32 18 18
176 638 71 63 63
351 714 32 1 1
440 783 38 19 12
419 604 41 31 22
13 91 37 36 36
888 889 4 2 2
536 647 29 11 4
381 480 89 47 13
344 864 77 35 28
161 704 39 29 25
433 575 85 28 6
412 465 97 81 78
485 555 17 14 12
779 814 18 16 14
99 403 2 1 1
333 600 16 15 15
785 806 48 31 26
24 350 76 29 8
814 860 42 32 30
553 648 14 6 2
304 443 73 44 22
233 419 73 36 11
137 402 51 49 49
676 878 70 58 51
852 859 4 3 2
810 819 82 40 30
759 786 8 5 3
537 579 7 3 1
766 829 70 56 55
861 900 30 16 5
806 859 90 58 30
49 607 11 7 4
329 753 72 71 71
493 693 5 5 5
464 893 70 36 34
387 586 72 41 15
643 707 41 16 12
761 828 66 29 24
800 881 62 59 56
601 850 11 10 10
589 878 5 5 5
895 899 69 54 45
790 805 65 30 5
376 420 66 37 12
400 822 16 13 13
393 402 9 5 4
845 898 1 1 1
549 623 23 12 9
99 504 7 5 5
387 484 100 81 68
631 778 74 28 16
86 152 30 24 23
851 866 22 12 11
221 438 16 8 1
18 606 81 40 5
625 812 71 24 10
761 849 13 10 8
511 806 5 2 2
263 797 37 27 17
314 375 12 12 12
740 833 87 25 22
130 754 29 27 27
820 887 92 52 27
198 290 10 6 2
146 264 62 22 22
177 376 39 11 11
787 803 1 1 1
162 301 74 38 7
435 531 7 6 6
718 833 88 57 50
24 375 99 37 20
715 766 8 5 5
97 549 39 31 31
221 336 4 3 3
700 740 6 6 6
621 837 67 36 29
781 806 31 28 25
343 357 47 40 40
637 845 28 0 0
761 795 49 27 8
185 437 97 60 36
362 477 16 2 1
525 704 15 14 14
371 462 40 15 6
698 859 56 47 39
607 779 50 14 13
18 194 98 56 26
182 320 86 86 86
524 810 69 8 2
581 849 54 27 10
692 755 8 4 4
764 768 53 45 40
354 771 16 14 14
309 838 93 68 61
95 354 37 16 15
733 764 77 68 65
6 526 26 12 1
376 770 87 86 86
470 486 86 62 47
422 483 31 18 18
529 778 52 39 36
316 861 100 51 40
442 517 84 71 70
724 823 77 22 19
205 210 33 29 28
334 789 100 97 94
222 630 70 20 19
14 879 56 41 33
226 744 51 33 33
717 784 74 50 31
507 592 13 13 13
536 682 29 26 26
247 609 85 28 19
185 304 84 68 68
570 829 39 27 20
857 883 86 54 51
808 880 87 61 59
715 755 17 7 6
291 696 18 17 17
202 736 69 48 39
103 648 90 62 60
388 425 89 58 42
531 865 47 14 1
717 787 21 9 9
706 720 33 12 3
61 638 26 6 4
79 701 20 19 19
704 804 60 47 41
326 642 73 65 60
186 818 97 67 38
196 393 89 89 89
874 889 59 23 13
594 823 83 19 12
443 637 68 63 62
714 883 16 6 6
851 867 40 25 20
489 863 54 27 4
158 188 81 37 6
851 863 64 19 11
136 768 8 6 5
849 860 97 62 36
237 458 59 44 41
520 682 46 42 41
292 857 61 39 39
608 900 21 19 19
508 838 79 71 66
752 764 72 69 66
114 212 83 78 76
48 741 41 16 4
392 816 98 29 21
209 576 87 75 75
274 663 23 11 3
667 742 49 12 4
116 335 77 51 31
379 581 0 0 0
821 841 14 4 1
434 489 88 57 37
461 611 92 42 15
848 873 24 17 10
278 817 23 18 17
341 454 36 34 34
418 435 6 2 1
468 536 79 46 38
659 749 57 35 16
310 374 65 52 43
312 446 16 7 7
21 64 70 48 46
548 799 11 6 2
337 614 51 24 4
644 654 54 44 35
492 819 91 9 2
116 539 54 40 40
195 507 17 7 1
442 615 13 4 0
676 845 26 12 6
353 898 99 82 65
319 654 80 17 1
412 734 56 20 3
294 854 68 22 11
640 726 45 24 24
622 801 25 13 9
507 509 28 20 12
63 470 0 0 0
613 686 76 49 27
224 340 13 8 8
182 301 17 16 16
252 626 55 54 54
754 814 100 55 52
796 894 45 4 4
814 893 91 19 1
214 854 69 23 0
744 895 78 75 75
314 439 87 69 58
224 258 100 64 62
219 377 17 17 17
733 887 43 22 18
1 277 82 20 15
151 707 52 27 2
577 582 14 14 14
388 538 87 82 77
67 794 9 6 4
371 501 71 51 51
688 888 28 12 4
180 506 84 44 26
540 811 96 32 8
202 634 1 1 1
684 694 71 57 47
676 723 42 27 18
849 875 16 8 6
111 704 89 23 7
445 791 95 92 90
54 784 35 6 2
657 697 16 13 12
65 139 13 7 6
574 757 19 12 7
756 814 33 26 23
12 543 31 4 0
425 599 29 15 11
212 247 42 35 31
523 893 33 28 26
276 639 63 42 35
548 829 66 61 57
99 369 65 34 17
822 844 61 46 39
226 856 8 4 2
71 626 67 18 0
405 705 44 35 31
275 886 93 80 75
496 685 35 18 13
624 702 92 81 72
710 827 64 37 11
671 753 98 63 30
621 714 72 55 40
842 889 89 64 54
200 729 50 22 8
706 895 45 29 15
81 123 74 55 52
802 899 85 54 48
683 715 9 8 8
544 650 18 3 0
199 376 54 30 17
231 722 69 48 47
565 726 68 34 32
305 461 42 16 5
809 899 81 75 74
578 679 100 70 66
599 698 25 20 18
462 786 38 30 28
673 860 7 6 6
602 658 36 36 36
323 773 30 20 15
250 680 99 62 60
877 894 69 64 62
823 837 71 14 2
159 439 63 61 61
353 543 43 43 43
93 251 22 13 12
653 718 31 23 23
409 523 50 17 5
501 606 39 36 34
167 583 14 13 12
716 803 26 25 25
390 627 60 38 30
522 582 100 84 74
365 694 73 56 54
876 880 98 58 30
215 272 78 53 35
877 891 34 25 19
130 381 42 20 3
768 781 10 8 8
743 859 30 22 20
762 825 89 32 28
492 693 99 66 46
235 625 65 56 47
151 757 93 59 48
262 360 88 54 45
849 898 46 38 36
303 823 75 46 30
502 876 5 1 0
517 779 28 11 11
99 184 97 50 6
609 742 53 51 51
291 653 23 11 7
292 440 27 20 16
434 712 13 13 13
811 874 73 47 37
567 889 55 53 53
611 641 79 73 68
551 760 73 12 8
292 441 21 16 14
831 852 2 0 0
41 879 75 42 10
3 308 27 15 3
340 356 67 40 34
195 570 88 57 42
187 380 28 28 28
895 896 17 14 12
731 818 93 92 91
845 895 53 47 47
704 855 71 54 42
36 702 36 32 28
631 860 81 74 70
556 752 1 1 1
556 718 54 10 4
381 768 92 82 81
577 824 57 57 57
324 654 95 73 58
811 899 9 9 9
410 627 63 38 26
546 780 32 22 22
231 884 95 41 21
213 724 43 27 22
492 882 45 28 14
746 875 41 14 1
780 824 58 13 4
298 807 76 48 45
293 619 47 30 29
57 443 47 33 33
318 688 87 81 81
804 887 1 1 1
548 888 77 49 29
763 796 84 51 48
663 715 10 5 1
59 322 42 21 1
276 578 62 15 12
4 449 61 15 15
122 365 53 31 20
598 608 71 13 8
463 728 81 52 26
74 877 37 21 18
7 626 76 52 48
362 842 52 19 15
187 493 78 67 66
549 896 25 20 15
298 749 62 13 5
398 604 90 62 51
782 788 54 28 7
628 645 47 29 27
790 895 42 4 0
725 848 87 48 33
282 756 42 31 23
689 872 98 57 57
485 639 83 60 47
306 389 21 9 8
663 856 79 56 36
571 633 23 8 7
334 448 67 36 30
656 818 91 64 59
335 779 58 35 35
273 646 19 7 3
13 415 7 6 5
403 579 37 32 28
689 746 9 9 9
588 758 51 31 18
78 515 5 4 4
435 892 18 18 18
585 703 5 5 5
640 649 23 19 19
239 880 4 3 2
296 712 2 2 2
10 305 86 59 32
664 881 92 61 56
304 364 50 19 1
439 549 61 36 21
384 576 83 72 68
249 402 84 36 22
686 854 70 44 43
532 784 54 27 16
220 744 25 18 14
726 786 38 24 23
246 493 1 0 0
735 758 66 46 39
295 531 59 17 8
344 668 29 29 29
284 554 4 4 4
719 722 99 25 12
809 895 38 31 31
193 686 14 2 0
522 551 66 49 37
803 847 27 23 22
43 708 10 4 4
58 701 2 0 0
742 779 28 20 20
411 446 61 10 1
176 552 52 36 31
317 345 38 22 6
34 379 84 72 67
669 857 79 48 48
728 836 84 80 77
562 565 36 22 22
95 126 54 27 11
351 831 72 7 5
588 594 1 1 1
732 798 97 79 74
193 580 21 10 8
364 603 39 23 7
870 891 50 38 32
834 847 44 23 20
61 164 35 19 11
317 451 10 5 0
185 532 82 38 37
833 863 97 56 34
793 856 8 6 6
747 897 86 71 64
525 846 30 19 18
334 600 34 10 4
98 132 74 44 30
736 757 76 65 56
241 783 47 32 32
416 483 72 67 66
837 858 13 12 11
463 769 30 26 24
804 874 95 47 34
543 592 73 70 70
853 894 52 46 44
765 832 83 74 72
553 779 46 44 44
491 578 82 18 17
528 610 74 19 13
464 629 71 49 48
625 863 37 21 16
768 866 6 6 6
710 842 19 9 9
96 128 84 63 55
16 757 90 66 42
788 813 74 44 22
179 631 63 48 44
656 706 83 60 59
830 862 33 15 13
272 842 31 9 7
555 840 41 28 20
826 894 21 14 13
787 899 12 6 3
79 692 13 11 9
103 221 93 55 49
261 357 32 8 2
405 851 18 13 13
569 796 4 4 4
11 257 33 20 13
722 733 55 20 16
473 801 29 10 2
880 891 20 8 3
102 542 8 6 5
715 816 100 25 1
173 803 3 2 2
499 792 16 5 3
398 640 94 92 91
455 622 13 9 9
699 800 65 39 31
709 720 45 9 8
337 892 3 1 1
389 883 64 63 62
105 135 93 53 23
889 898 74 54 38
790 793 43 25 11
719 759 71 17 15
688 710 28 24 23
426 748 80 36 26
358 604 22 10 9
81 710 23 19 17
551 644 72 62 56
116 405 18 15 14
687 878 62 35 28
189 577 60 9 7
779 780 71 58 53
75 219 73 50 30
737 862 77 63 58
235 442 24 19 16
793 869 20 2 0
349 884 5 4 4
588 636 36 21 12
455 588 51 49 48
872 879 64 43 27
581 598 89 47 9
371 857 16 14 13
109 758 49 25 22
547 728 42 35 33
439 514 43 8 4
501 529 23 13 10
127 855 47 16 2
874 888 98 26 18
268 502 68 62 58
521 616 16 10 4
642 701 25 7 2
701 861 34 19 13
412 800 14 12 11
255 594 6 1 1
378 525 40 8 5
868 883 20 13 7
134 531 25 11 4
416 866 14 11 10
8 280 19 16 13
772 864 78 48 25
456 705 0 0 0
51 534 64 37 24
642 841 70 24 16
46 694 58 36 25
155 365 72 33 21
405 480 72 49 28
93 783 65 44 36
557 709 36 22 18
213 223 3 3 3
64 187 40 35 32
616 624 41 23 19
488 836 83 35 12
655 772 33 24 17
675 741 64 61 61
353 394 23 10 8
701 704 59 50 50
657 898 8 6 4
695 882 96 81 69
411 740 88 23 8
571 740 77 6 3
427 716 35 32 31
772 851 74 34 11
294 599 91 68 67
223 615 59 54 53
111 367 16 6 6
875 898 94 92 90
736 743 75 20 10
380 484 98 17 7
180 299 92 71 61
844 848 28 20 20
318 887 0 0 0
742 749 100 99 99
718 751 55 44 39
763 808 88 87 86
371 417 73 34 34
666 777 39 38 37
877 899 64 49 36
47 93 4 2 2
591 768 83 68 57
830 871 57 6 5
119 681 72 64 59
323 892 95 46 46
207 477 37 19 9
724 854 80 59 44
384 415 98 86 84
383 876 75 53 47
23 895 55 46 46
622 872 89 32 21
778 870 43 41 39
10 387 84 43 12
321 657 82 77 77
501 871 38 27 26
594 702 28 14 14
744 864 26 21 19
116 707 48 30 25
726 830 64 25 24
82 119 95 61 58
366 435 8 5 4
107 158 74 24 16
133 486 72 64 63
32 644 7 6 5
11 400 22 15 11
404 716 69 63 57
536 568 81 61 43
108 584 0 0 0
415 545 95 72 57
327 696 4 2 1
37 217 68 56 48
609 683 35 25 19
188 231 92 40 24
126 887 62 47 39
233 307 14 7 7
139 368 5 2 0
478 622 97 21 3
884 890 29 23 22
8 222 7 4 4
371 854 44 36 36
838 857 96 34 11
415 774 63 60 59
332 839 87 37 34
360 469 33 30 28
135 732 15 8 8
456 732 45 22 12
781 811 72 62 57
686 867 60 41 37
261 889 58 26 8
177 540 94 93 93
278 349 89 67 47
9 161 61 42 35
777 790 82 33 24
531 603 65 41 28
344 430 16 12 9
698 873 64 51 40
724 825 33 26 22
894 898 21 13 13
431 711 93 29 6
49 235 12 7 5
170 498 48 37 30
557 778 86 84 83
461 717 14 6 2
488 838 31 28 28
621 869 47 35 25
406 573 83 53 51
229 703 44 26 24
518 709 25 6 3
183 495 5 5 5
368 830 42 29 25
209 275 0 0 0
845 857 37 34 31
342 447 55 31 16
507 694 99 64 43
267 779 8 4 2
834 838 26 13 13
776 873 96 56 43
742 788 64 58 58
308 325 23 20 19
636 672 64 36 16
600 864 70 52 46
743 869 86 44 30
291 466 39 20 20
301 788 100 65 55
107 758 98 63 40
34 829 93 49 30
133 429 30 16 12
272 543 83 18 0
402 717 66 35 18
87 183 42 19 1
847 876 0 0 0
41 764 11 6 6
749 861 20 9 2
104 808 22 11 3
570 703 14 8 4
354 729 84 70 64
600 614 3 1 0
226 859 27 12 6
606 829 12 1 0
593 698 17 13 12
371 743 58 7 5
78 447 57 49 44
813 849 56 55 55
471 793 55 21 5
841 856 50 22 13
286 289 38 22 22
179 469 26 20 20
753 864 43 25 20
756 871 25 13 11
486 491 13 6 1
516 838 92 43 24
241 580 98 98 98
613 847 35 23 19
81 786 72 46 23
854 882 14 11 8
850 896 88 75 71
693 772 87 63 52
189 631 26 17 14
508 806 80 63 61
279 372 56 18 12
115 249 33 8 5
23 519 64 51 44
643 856 84 55 33
606 613 72 48 32
199 851 24 23 23
523 778 60 30 9
824 845 42 21 2
772 803 60 50 40
98 481 29 13 2
425 794 10 3 0
264 833 38 32 28
221 435 78 74 72
697 818 79 44 16
258 323 0 0 0
38 717 38 34 33
846 881 33 22 18
819 850 13 9 9
655 809 58 34 15
325 869 1 0 0
402 439 27 18 16
540 585 15 11 8
210 306 5 2 1
85 441 55 36 25
521 881 7 5 5
94 546 16 14 14
475 780 48 26 20
145 859 12 11 11
766 828 3 2 1
223 278 82 53 43
277 894 51 31 29
323 790 95 51 39
831 891 63 43 37
544 669 67 53 48
829 845 10 2 0
637 758 29 23 23
692 833 88 55 51
9 54 68 51 45
631 703 17 8 4
405 614 84 48 34
150 486 25 12 9
210 429 98 55 21
722 811 68 50 41
637 688 25 18 11
636 836 61 13 2
461 632 25 14 4
202 318 59 10 7
45 726 18 8 7
290 506 32 30 28
719 848 84 52 21
362 752 32 7 0
198 219 64 20 6
600 694 52 34 22
282 371 95 90 90
796 876 4 4 4
810 815 5 3 1
706 877 81 40 18
298 773 45 17 8
277 660 98 62 56
848 878 60 46 38
17 211 80 25 5
818 851 65 6 6
284 521 58 24 19
694 828 52 35 30
97 445 77 17 5
21 618 36 19 15
581 687 66 55 48
748 764 32 14 0
183 532 58 44 42
192 376 52 20 9
569 702 7 6 5
489 554 73 62 58
784 869 4 3 2
874 884 9 5 4
296 873 92 75 72
734 765 40 17 4
236 758 7 4 3
701 743 98 37 1
379 861 43 43 43
328 634 0 0 0
529 537 72 54 47
45 606 56 52 52
477 869 28 16 15
660 793 97 33 24
646 790 9 6 4
583 717 100 63 34
593 794 63 35 29
136 694 98 77 63
792 851 71 49 43
587 743 47 46 46
406 688 10 7 7
595 809 43 21 21
101 680 45 28 22
519 619 65 53 45
641 793 19 7 7
682 730 100 31 7
859 887 1 0 0
621 873 90 67 63
141 615 1 1 1
5 297 29 20 14
714 718 48 23 17
672 844 64 23 4
650 660 90 79 79
354 890 68 26 18
395 717 68 62 58
81 706 93 58 32
39 521 54 41 41
810 864 52 40 30
187 221 1 0 0
251 864 15 8 3
208 842 34 10 5
85 858 99 57 48
843 850 45 21 19
817 847 54 28 28
850 873 83 26 22
11 181 80 52 24
23 195 12 10 9
629 829 63 15 12
717 804 95 86 78
206 531 18 9 6
280 682 31 16 7
562 729 62 50 43
310 556 84 83 82
203 619 8 1 1
290 762 42 10 10
833 871 11 7 5
803 897 38 34 34
240 597 51 21 8
516 864 57 21 2
588 659 54 37 36
207 709 94 67 51
493 791 90 54 37
680 745 33 8 5
330 742 51 47 44
694 865 95 30 6
555 685 21 15 11
380 740 42 11 8
107 557 29 14 1
791 803 47 18 18
313 699 53 17 6
318 529 93 65 58
532 830 16 15 15
350 352 29 27 27
638 719 75 46 18
455 871 5 3 3
49 132 77 54 54
710 869 79 44 44
570 831 25 12 12
323 520 31 10 0
799 805 83 67 57
590 791 90 45 7
854 892 83 35 26
499 834 57 31 6
366 736 22 14 10
185 598 83 59 35
592 835 51 21 10
529 642 8 2 2
63 866 87 86 86
893 895 84 82 82
896 899 2 2 2
458 532 24 21 20
69 728 72 30 23
665 747 49 40 38
617 750 96 49 9
257 788 94 59 54
631 741 0 0 0
878 888 0 0 0
514 721 32 17 6
731 870 53 22 22
658 756 43 37 37
273 641 81 57 42
81 149 48 27 20
465 808 71 41 36
510 762 100 36 12
371 393 95 91 89
716 739 95 54 46
4 558 45 28 27
866 893 45 19 12
853 895 86 85 85
67 685 19 14 12
719 853 75 15 0
602 663 8 6 6
133 505 55 26 8
401 475 71 48 47
16 465 1 0 0
291 656 22 21 21
489 894 93 58 29
190 593 60 17 13
890 891 62 44 28
252 477 33 11 10
526 829 31 14 1
28 633 85 27 15
9 118 29 26 24
115 413 77 11 4
883 897 72 37 14
336 779 75 48 42
621 703 94 65 45
234 719 18 4 2
484 489 8 6 5
777 873 19 10 4
196 577 100 52 34
216 700 0 0 0
510 763 15 12 10
234 492 79 43 26
842 872 32 19 9
176 305 81 80 80
113 444 49 22 11
665 894 15 7 4
558 896 18 13 9
412 606 49 38 36
389 494 44 42 42
590 774 37 13 7
175 270 78 26 23
573 723 14 13 13
577 676 72 40 33
510 797 25 7 6
504 559 72 37 5
443 854 50 40 34
753 776 33 32 32
72 333 75 43 31
434 877 70 34 10
536 638 64 6 6
161 423 33 7 5
565 624 67 53 39
634 808 8 3 0
37 483 30 10 9
450 619 6 4 2
584 860 57 30 20
744 846 79 44 37
628 733 85 40 13
373 757 12 9 7
751 834 17 11 10
713 714 21 3 1
242 384 52 28 9
629 730 61 13 4
128 373 77 31 18
761 797 15 6 0
666 891 55 25 4
122 631 78 37 35
860 868 58 35 25
819 840 16 9 5
401 864 5 2 1
733 738 58 55 54
506 894 20 8 7
195 726 19 10 5
507 716 63 39 26
41 803 98 54 49
520 563 36 24 20
627 644 5 4 4
802 804 81 57 51
591 773 48 44 44
787 841 65 56 47
693 765 4 1 1
867 872 42 28 19
721 771 54 19 13
86 257 67 36 22
662 765 39 35 35
611 827 63 47 44
411 878 100 65 39
389 651 56 9 3
206 431 7 6 6
211 749 53 15 10
76 245 42 14 7
799 827 59 31 29
871 895 14 5 1
748 859 82 48 40
55 817 88 51 43
645 775 1 1 1
52 225 24 10 8
76 219 80 65 63
353 441 69 37 34
292 675 30 7 2
498 756 44 30 30
132 185 64 35 28
846 885 85 28 21
302 724 99 67 61
864 875 86 50 49
850 851 72 38 30
294 761 93 88 87
133 468 58 53 53
220 389 47 38 36
230 400 61 33 23
260 487 25 6 3
784 890 56 28 2
405 432 21 10 7
592 785 38 26 14
677 691 45 4 4
442 872 43 15 6
46 338 57 55 54
815 898 43 32 23
899 900 47 17 5
264 277 33 12 11
659 705 69 36 18
231 656 7 6 6
481 830 95 92 90
10 494 6 2 0
478 807 61 61 61
17 761 89 88 88
755 846 88 55 52
139 588 47 22 7
808 884 20 16 15
868 898 90 84 81
738 785 4 3 3
492 511 56 55 55
396 848 58 14 3
157 835 46 43 42
749 781 42 9 5
873 887 78 77 77
690 849 28 20 19
791 819 29 22 15
401 791 43 2 0
728 789 59 50 50
782 880 29 17 11
318 609 98 70 69
710 767 83 57 41
578 779 10 10 10
686 739 74 59 58
132 711 85 18 16
417 462 3 2 2
606 732 35 13 13
813 868 82 20 10
122 815 33 27 24
425 582 12 8 6
390 503 21 20 19
243 434 49 37 28
635 678 66 65 65
302 384 4 3 2
160 543 49 40 40
540 847 52 49 46
304 812 10 10 10
133 880 37 14 11
14 807 67 31 7
630 877 34 28 22
664 783 74 51 34
595 623 89 79 79
231 476 61 8 8
466 716 3 2 2
438 580 60 52 44
547 867 67 37 22
457 736 42 20 16
779 816 29 20 11
169 212 74 61 61
545 552 26 24 23
141 553 20 19 18
811 875 94 21 18
866 872 45 32 23
447 679 13 8 4
741 899 90 81 72
857 893 83 28 17
665 723 22 11 9
183 447 29 28 28
708 879 9 6 4
453 831 77 20 11
606 630 33 23 20
538 740 48 42 42
310 607 25 5 3
750 755 28 22 19
236 429 26 9 8
838 850 13 6 4
579 642 19 19 19
653 823 89 29 14
229 490 65 46 46
147 749 81 79 79
696 820 70 25 25
262 330 40 19 6
465 543 45 27 17
511 729 77 43 14
20 369 38 21 10
546 872 65 59 57
544 815 59 46 40
479 742 72 66 66
88 160 51 36 29
417 550 45 45 45
327 494 31 11 1
314 606 28 3 0
115 517 62 36 30
544 882 28 16 10
650 669 26 6 2
600 858 36 34 34
280 379 46 38 34
578 607 24 16 11
836 846 97 93 89
265 442 100 48 22
350 570 57 56 55
364 594 10 5 0
739 822 16 15 15
423 616 63 38 15
100 782 43 33 27
67 179 32 25 24
310 673 12 7 7
56 329 72 58 53
831 882 59 15 8
428 503 83 33 23
665 685 24 11 7
858 867 57 38 32
856 863 46 44 43
731 754 19 6 3
320 488 31 22 21
319 387 2 1 1
681 857 78 70 63
587 898 67 32 9
239 278 29 20 17
76 874 6 3 2
859 891 91 28 25
859 865 36 23 16
424 712 36 26 25
702 703 94 40 18
724 745 82 37 10
74 580 65 59 55
88 778 28 21 15
813 853 71 54 52
458 836 4 2 0
719 820 94 38 6
279 578 19 12 9
24 789 1 1 1
629 863 64 30 24
226 411 67 34 25
262 607 60 3 1
798 813 81 43 32
694 710 42 18 13
492 833 81 63 48
287 519 6 5 4
222 361 7 2 1
783 836 23 8 1
445 748 78 38 19
389 811 8 7 7
66 103 92 33 33
248 577 74 33 3
328 476 58 51 51
705 754 13 6 5
846 859 13 7 7
526 871 14 8 8
305 572 29 29 29
271 795 37 26 20
658 664 63 13 9
721 766 27 20 20
179 301 25 2 2
190 545 74 50 40
504 830 33 20 20
121 697 33 12 7
738 826 33 31 31
140 490 22 5 1
464 773 43 21 9
39 306 96 50 24
729 793 94 62 61
809 878 23 8 5
134 778 27 23 23
491 760 69 67 67
529 714 53 49 46
366 387 46 22 18
122 591 44 13 8
261 421 52 38 30
264 716 28 14 12
479 702 6 5 4
773 872 26 12 6
385 442 71 70 70
800 826 42 11 10
599 644 31 10 5
425 746 69 69 69
190 591 92 49 44
66 166 82 73 72
601 673 8 3 0
815 870 68 66 66
216 444 35 24 19
208 493 66 31 1
885 891 18 12 12
466 635 12 3 1
353 482 73 72 71
302 313 11 8 8
76 276 74 15 7
90 340 32 28 27
232 396 17 10 8
27 225 15 3 3
409 806 37 36 36
223 760 8 8 8
219 513 74 42 22
535 664 29 14 11
127 698 20 10 1
408 772 97 67 48
361 686 55 34 32
845 894 72 2 2
608 827 96 70 60
383 607 47 47 47
212 651 35 21 16
475 501 20 17 17
346 475 27 22 20
349 489 2 1 1
462 524 18 17 17
455 876 15 11 10
412 535 60 37 28
576 807 29 7 7
292 797 26 19 12
817 897 65 34 30
423 743 1 0 0
404 728 65 24 22
179 231 34 15 4
639 751 86 44 31
452 782 67 34 24
467 661 82 48 38
776 868 44 23 10
183 294 60 22 6
749 864 45 28 14
869 892 100 86 73
198 659 54 16 6
668 715 17 17 17
826 844 37 20 13
384 615 78 33 4
825 900 64 42 31
62 145 98 30 26
59 781 55 15 1
86 238 18 13 13
488 801 67 39 26
581 789 68 44 21
374 722 21 17 17
224 726 50 17 9
273 354 15 11 11
547 725 26 16 13
278 548 76 75 75
120 889 46 39 39
178 829 5 5 5
190 778 4 3 3
168 485 79 72 70
579 808 68 68 68
194 576 89 59 49
884 897 71 70 69
714 781 1 1 1
517 787 70 19 2
889 891 37 17 17
658 693 72 47 27
770 828 82 54 47
757 801 67 34 1
333 544 24 15 10
209 321 44 41 41
213 529 70 31 1
79 821 46 15 0
284 448 28 13 7
502 823 50 44 42
434 644 13 7 7
373 632 60 56 56
407 610 51 26 19
174 674 18 16 16
670 694 59 57 56
418 639 20 10 10
754 840 5 4 3
371 795 78 44 44
587 645 99 86 74
335 525 48 28 21
475 602 53 36 21
524 699 42 21 1
441 864 100 68 39
498 632 32 20 8
670 697 98 70 51
517 840 22 14 13
709 868 25 10 6
734 736 43 30 29
547 850 66 48 37
210 276 86 68 59
861 893 63 29 13
701 844 11 7 5
440 859 35 29 24
178 329 13 9 8
278 768 52 22 13
443 451 77 69 66
718 748 19 3 2
531 561 76 63 51
33 255 79 71 65
759 808 14 13 13
400 476 33 23 23
423 426 63 29 20
513 874 54 37 21
423 692 0 0 0
131 845 75 49 43
124 415 15 13 13
745 807 86 75 73
276 782 15 3 0
800 810 63 31 24
733 734 78 48 44
384 747 98 87 83
223 822 62 30 24
683 716 89 48 39
689 836 54 36 26
249 730 99 8 7
711 896 32 2 0
491 817 81 81 81
17 645 75 57 51
258 263 0 0 0
590 753 95 92 90
705 710 71 66 66
370 452 50 46 45
283 459 97 69 54
539 867 66 10 8
537 843 32 19 13
139 367 76 36 32
723 814 46 36 31
341 476 65 53 51
535 868 3 1 0
211 268 10 9 9
861 892 22 18 14
693 726 40 23 13
302 679 34 14 6
255 748 43 35 33
15 172 98 71 67
725 763 58 32 16
552 736 19 6 4
573 681 77 48 46
856 864 78 59 53
246 433 41 19 9
668 670 45 45 45
571 802 99 45 17
448 708 31 30 30
10 242 41 34 28
836 883 78 49 43
415 859 49 31 29
559 649 4 3 2
248 565 99 52 16
533 820 5 2 1
465 482 3 2 2
549 559 94 51 14
15 770 54 26 20
830 835 41 35 32
867 880 9 9 9
385 869 67 42 17
45 83 85 78 76
810 843 95 49 37
232 372 22 15 10
778 878 91 12 12
802 853 74 30 24
176 586 41 25 19
653 809 15 1 1
525 623 49 42 35
776 844 17 14 11
348 835 25 12 8
435 542 21 6 5
261 884 6 0 0
426 460 42 12 5
280 827 56 21 16
756 857 6 5 5
833 847 84 76 76
707 735 64 42 39
396 532 18 4 4
741 750 19 13 12
504 575 8 8 8
610 815 81 43 34
663 692 74 41 39
127 435 33 12 4
619 737 47 23 3
133 213 33 20 12
757 883 12 6 3
42 575 33 10 1
551 660 90 26 24
302 673 80 42 37
715 838 37 21 18
759 797 36 3 2
800 817 46 44 42
97 379 91 66 47
846 868 27 21 15
832 878 60 16 12
179 790 87 58 33
57 572 18 7 5
242 849 13 10 8
487 668 25 25 25
105 832 93 67 41
22 268 1 0 0
126 723 35 6 3
714 864 33 21 19
645 852 83 48 39
777 798 34 20 15
730 808 83 79 75
279 659 11 8 7
427 431 52 29 24
799 867 55 47 47
484 834 86 70 55
469 690 51 24 21
13 631 71 19 8
100 325 0 0 0
383 696 61 51 47
821 828 58 22 16
124 436 11 11 11
227 393 4 4 4
563 603 70 50 37
564 865 81 80 80
574 673 13 6 3
860 899 35 31 30
789 822 55 34 34
19 339 19 15 14
185 395 46 11 1
703 769 34 26 26
844 845 40 27 21
829 862 22 8 8
588 631 92 45 40
840 849 75 20 3
73 157 68 33 14
625 739 79 72 70
298 649 90 66 59
627 712 36 33 31
506 762 16 8 6
55 605 57 41 40
438 755 69 66 64
631 855 56 22 1
526 732 58 39 23
130 343 64 33 5
886 895 57 39 36
666 834 68 66 65
305 817 17 16 16
98 216 40 29 22
8 137 11 8 6
140 157 26 9 2
446 816 65 33 1
791 877 6 3 3
201 537 23 5 2
70 323 100 68 43
274 629 81 53 44
623 851 65 40 30
232 689 35 29 29
249 331 37 23 21
296 415 67 61 60
73 755 53 47 41
618 817 34 16 9
176 851 75 30 26
667 821 31 22 16
770 856 4 2 1
638 815 88 41 41
143 204 39 32 28
718 880 94 74 64
718 795 45 22 15
739 795 42 25 17
732 862 95 21 2
176 602 33 17 7
494 636 100 41 38
748 892 52 42 41
206 889 95 59 55
30 100 53 34 31
480 779 80 44 26
82 402 33 13 7
866 900 74 68 66
757 897 59 56 53
857 876 57 25 4
549 894 100 72 49
577 728 3 0 0
624 886 11 10 10
819 900 44 39 39
394 527 68 63 60
887 893 0 0 0
456 557 98 95 95
396 812 75 46 39
447 464 49 12 12
360 447 15 12 11
231 602 3 3 3
647 681 65 27 19
640 642 35 25 25
659 694 5 4 4
635 819 22 17 17
368 628 27 17 8
12 568 38 23 19
7 879 66 51 41
214 826 34 22 19
312 812 77 60 55
531 647 61 39 31
824 864 35 34 34
108 500 12 3 2
820 862 62 13 1
724 808 4 2 2
407 526 71 36 26
219 587 50 16 7
842 867 36 28 21
604 789 13 8 3
740 826 15 11 11
264 359 69 47 29
173 813 65 41 34
360 717 61 45 31
785 855 73 68 68
678 884 95 80 73
433 772 70 62 56
231 554 26 22 18
844 889 70 51 36
298 635 77 47 42
567 673 0 0 0
796 842 25 7 2
586 748 19 12 12
480 875 12 8 6
583 625 15 12 10
634 894 28 15 9
369 380 23 16 13
138 751 50 33 25
540 613 73 42 15
113 368 46 23 17
267 893 47 46 45
345 548 78 52 43
112 548 87 29 28
74 135 3 0 0
487 673 25 22 22
860 887 59 31 18
282 390 27 10 5
403 586 21 10 5
490 501 99 75 67
503 611 37 16 14
56 332 39 25 17
557 674 60 60 60
867 879 99 91 88
345 435 54 32 12
315 691 85 70 68
566 596 7 3 2
502 733 94 89 84
82 754 30 27 24
398 587 0 0 0
437 845 46 45 45
399 430 98 35 25
83 885 52 5 2
143 591 42 39 39
621 877 66 51 44
846 888 77 47 40
368 408 80 73 69
286 844 8 6 5
629 672 60 55 51
738 746 78 34 4
305 542 41 21 11
724 892 85 74 63
491 551 34 27 21
533 582 49 24 1
699 889 15 7 1
44 75 74 38 27
599 881 68 16 12
247 385 100 91 91
823 871 89 83 82
251 878 97 44 31
545 584 34 13 8
535 759 10 9 9
30 435 78 15 8
277 553 5 5 5
278 701 92 19 14
742 765 55 53 51
843 847 60 46 46
186 665 14 8 7
539 790 3 0 0
694 823 70 61 61
432 879 83 30 12
379 523 44 19 18
336 459 93 53 52
52 762 2 1 0
118 123 26 19 16
367 588 79 46 39
148 231 48 34 24
225 833 100 75 73
290 394 31 9 1
803 812 23 16 9
810 838 40 20 4
664 786 56 47 38
325 659 52 32 12
641 737 48 37 26
237 515 58 23 22
702 895 98 54 39
529 649 68 52 41
539 553 60 33 20
6 596 71 70 70
163 225 2 2 2
652 713 17 6 5
186 201 60 30 0
557 569 38 34 34
779 801 22 18 14
499 675 87 79 77
347 618 36 30 26
732 741 14 4 2
598 850 1 1 1
405 893 24 17 12
256 506 90 62 46
329 492 43 27 17
613 683 88 45 35
843 880 38 31 24
373 777 52 33 14
102 650 39 12 11
374 739 60 36 13
159 297 88 28 26
528 677 2 0 0
445 727 17 16 16
786 884 8 8 8
268 509 97 84 83
245 881 26 21 20
862 872 82 31 8
732 894 60 26 20
737 790 44 34 33
265 301 41 10 0
494 556 82 50 23
551 791 58 31 17
732 896 29 2 0
25 295 0 0 0
156 310 47 44 43
152 161 20 14 14
482 900 99 64 34
739 816 75 62 60
181 401 70 61 59
286 537 50 12 3
593 613 57 30 30
871 879 80 67 65
760 871 13 6 1
646 897 86 43 35
422 539 22 8 7
851 889 85 27 4
205 864 55 15 2
620 691 88 29 9
437 886 76 62 50
832 833 33 24 24
750 871 88 75 68
823 850 96 66 57
473 861 25 14 6
244 606 46 10 2
178 764 95 46 6
87 876 86 71 71
287 304 30 11 0
871 899 11 11 11
256 655 80 74 70
219 554 13 8 4
391 420 69 57 55
417 699 50 33 23
726 893 13 12 12
555 779 85 68 65
681 690 86 83 82
117 301 88 58 56
373 797 74 71 70
514 593 9 4 3
614 869 10 3 0
889 897 26 3 0
86 280 89 49 21
62 78 17 4 0
490 534 64 42 31
9 82 20 20 20
95 721 91 41 26
2 105 30 14 3
860 881 94 65 41
875 896 93 56 39
371 833 9 0 0
623 656 32 9 4
574 837 47 21 10
255 786 3 2 2
324 342 30 19 12
757 900 51 42 40
37 444 75 72 69
449 565 43 24 9
662 705 44 39 36
125 317 32 5 3
507 664 5 4 3
344 490 17 14 14
802 883 54 45 42
247 291 26 17 11
446 771 70 35 6
346 459 65 27 27
801 844 23 11 10
692 794 47 34 29
196 471 33 8 1
350 747 100 59 29
184 246 14 7 7
549 888 72 36 10
378 677 20 16 14
622 667 5 4 4
691 836 34 24 14
133 163 60 59 59
527 789 6 6 6
112 141 49 47 45
535 887 25 22 20
805 846 56 42 35
721 893 26 15 11
85 842 62 20 6
306 324 43 14 13
590 799 89 73 73
604 612 78 58 45
836 871 27 9 6
410 587 95 35 35
610 729 39 31 27
650 692 87 39 36
733 847 63 46 39
640 852 16 14 14
216 558 58 14 9
333 596 67 44 42
789 853 43 4 2
218 379 73 56 44
858 881 19 15 12
532 648 42 13 7
193 625 71 33 30
142 271 14 13 12
799 849 41 26 17
369 850 60 35 22
196 744 60 45 37
44 854 0 0 0
221 594 54 30 16
814 894 66 62 59
72 697 86 40 32
536 757 9 6 5
513 710 13 7 4
113 891 0 0 0
204 434 6 0 0
860 893 71 67 64
718 770 85 39 24
320 466 89 40 13
265 450 70 33 15
573 728 9 0 0
390 581 53 11 10
494 576 50 20 0
293 378 32 16 13
182 371 60 22 3
24 683 66 48 38
197 425 15 12 11
815 878 72 45 37
197 897 72 58 50
328 487 24 16 15
10 835 48 44 41
513 716 93 64 57
408 860 65 38 35
261 748 36 27 19
275 415 62 62 62
360 650 45 28 12
11 412 63 32 10
265 863 98 73 56
702 870 40 28 23
546 851 100 84 79
305 442 87 44 6
283 770 40 35 31
388 876 23 12 2
881 893 28 23 22
321 619 22 12 11
41 295 24 24 24
613 869 2 1 1
658 765 8 6 5
17 726 58 46 41
92 371 28 18 16
119 266 100 64 36
66 747 8 5 3
6 468 96 55 51
217 813 58 57 56
199 882 20 11 9
492 864 38 8 1
763 887 28 25 25
867 891 74 24 10
723 807 19 18 17
602 629 28 4 1
655 822 67 45 26
648 827 93 72 72
561 831 29 21 21
795 864 0 0 0
151 512 11 8 7
533 695 47 10 2
344 456 70 51 37
398 510 19 7 5
234 681 69 42 37
282 719 14 11 10
65 734 2 1 1
375 449 18 17 17
684 814 66 44 40
774 785 5 3 3
519 684 50 8 8
317 821 62 1 0
340 814 16 1 0
531 813 23 11 7
535 568 36 19 13
255 335 39 13 5
456 479 70 32 7
43 740 87 22 20
429 660 50 1 1
471 799 17 4 2
750 868 22 9 7
671 852 72 72 72
6 539 22 3 2
47 95 49 39 39
678 898 10 9 8
13 74 53 18 8
104 751 93 90 87
840 869 26 22 19
1 308 45 30 29
506 808 96 35 1
538 714 67 56 52
188 358 12 2 2
773 782 100 70 43
266 523 26 6 3
452 621 20 11 11
582 808 16 15 15
448 790 10 3 2
325 553 59 56 55
451 551 94 16 7
640 724 100 87 79
515 713 84 53 43
891 899 44 43 42
50 196 24 23 22
212 287 13 5 4
290 668 22 20 19
10 225 86 45 13
331 729 100 41 33
708 809 7 3 2
200 770 19 15 14
187 880 47 12 6
369 528 61 32 3
808 877 39 39 39
807 898 15 13 13
736 889 34 19 17
16 160 11 9 9
778 844 4 3 2
740 864 22 10 3
678 820 25 3 2
217 302 86 75 67
187 455 91 77 71
784 848 39 31 31
317 841 5 5 5
613 700 83 55 43
575 777 11 9 7
603 868 90 25 17
128 863 84 68 56
526 568 41 13 10
706 794 41 16 9
341 579 48 1 0
489 503 20 16 12
502 537 83 66 64
591 813 4 3 2
458 703 24 22 22
666 779 40 21 11
413 644 57 36 25
583 658 57 50 43
114 131 56 42 33
86 879 60 21 12
376 386 12 7 5
788 833 86 50 35
773 856 61 49 38
286 635 7 7 7
711 774 90 11 10
343 711 82 30 7
595 685 33 16 4
887 893 91 74 65
487 769 12 4 0
220 288 45 22 4
885 886 88 26 25
784 826 80 71 65
140 144 60 34 8
524 853 34 28 26
420 776 21 20 19
651 827 88 57 50
675 854 86 75 68
694 818 16 9 8
727 836 59 35 29
500 857 68 46 31
357 749 49 7 5
58 752 36 29 26
114 316 36 25 17
162 437 30 13 7
288 865 34 31 28
442 860 65 45 37
342 801 42 39 39
505 551 50 10 7
790 812 87 85 85
391 434 97 43 43
637 796 15 15 15
663 850 66 54 52
264 296 93 30 13
225 839 58 25 15
620 766 65 46 30
399 880 96 67 60
30 401 44 42 42
871 876 48 39 36
155 440 14 11 9
346 517 41 14 8
297 493 51 20 3
243 493 37 20 10
830 882 51 15 12
649 877 81 30 30
247 658 4 2 2
450 489 53 26 20
590 790 99 79 73
24 506 98 23 14
424 467 29 11 10
742 873 45 35 35
518 547 15 9 3
543 580 47 25 17
636 900 22 20 19
808 834 23 6 1
774 817 95 36 33
424 713 73 28 2
588 838 98 21 21
645 675 43 30 30
191 337 52 21 15
800 819 59 25 21
818 841 96 87 87
158 228 90 66 46
804 870 23 20 18
94 344 78 41 22
133 430 93 61 45
58 309 83 56 41
847 863 13 6 2
55 859 27 24 22
94 137 99 98 98
878 884 44 37 33
693 880 57 36 15
170 788 26 12 8
71 715 46 35 34
888 890 71 58 55
763 863 5 2 1
759 805 42 4 0
364 542 67 38 35
402 520 19 7 7
829 834 82 75 68
586 854 94 86 84
561 565 40 25 16
554 585 49 45 42
288 629 23 19 19
238 394 64 44 37
42 361 9 6 6
570 772 21 6 2
318 665 6 3 0
852 874 74 36 21
93 197 33 24 17
210 472 24 24 24
176 427 16 13 12
743 754 7 3 0
807 817 16 11 9
225 889 10 8 7
687 782 87 51 51
631 757 72 67 63
333 763 75 38 17
591 692 59 44 37
82 325 27 14 10
271 791 75 55 55
458 823 91 50 44
50 272 77 60 59
529 866 17 10 8
164 831 78 7 7
889 893 98 71 57
482 721 12 10 9
213 584 53 31 18
323 453 65 59 57
638 681 59 54 50
128 215 11 11 11
868 876 78 54 31
46 124 53 44 38
456 713 38 30 30
417 876 52 35 31
552 635 22 11 1
641 883 84 53 22
618 825 24 9 9
672 880 97 19 18
740 815 3 1 0
312 379 43 41 40
185 642 7 6 5
206 846 29 27 26
522 633 26 24 22
528 880 91 53 30
164 352 11 10 10
218 435 87 33 22
462 656 74 36 18
93 114 86 58 50
492 561 17 12 9
412 628 12 8 5
43 642 94 48 38
751 822 70 26 23
118 265 69 50 43
274 525 39 34 32
268 532 47 27 10
735 819 47 22 11
536 765 36 14 11
681 703 4 4 4
180 706 36 18 7
820 852 49 45 41
223 413 100 93 90
760 781 76 58 48
447 466 99 47 38
561 891 92 70 69
541 832 2 2 2
17 51 14 0 0
585 831 13 10 10
590 857 61 46 41
203 672 67 25 8
650 809 70 39 31
575 643 42 16 13
640 896 23 16 10
457 875 23 22 22
797 872 5 4 3
403 671 25 2 0
577 848 90 39 9
481 770 100 57 57
616 844 62 17 3
837 850 24 8 3
736 831 13 12 12
629 767 34 15 3
652 859 5 2 1
847 871 78 69 64
775 854 92 67 51
76 899 0 0 0
668 830 79 31 0
555 720 100 66 60
502 807 48 4 4
428 582 62 41 39
544 609 81 23 0
856 881 11 11 11
673 811 60 55 50
802 811 62 40 27
878 891 31 17 15
413 658 48 6 0
23 838 29 20 19
320 840 52 42 34
785 830 74 44 23
493 567 78 62 60
779 859 86 57 41
87 326 6 6 6
157 445 90 25 25
101 895 5 3 3
393 652 18 10 7
110 122 46 6 5
502 536 54 28 28
23 824 28 17 7
311 348 11 6 6
357 685 79 32 26
356 814 61 42 42
820 848 6 5 4
671 709 11 11 11
792 896 60 32 31
136 612 42 21 10
273 837 90 19 14
37 774 80 77 76
253 512 82 23 0
431 486 5 3 1
328 878 49 35 31
362 837 60 54 54
828 876 13 7 7
742 895 70 53 40
239 285 99 43 41
380 435 27 18 11
419 439 55 53 52
371 835 83 71 64
363 440 71 42 33
159 671 80 30 25
661 794 21 19 19
67 522 28 15 11
730 889 50 23 16
133 264 83 49 39
225 504 47 46 45
859 876 32 21 13
570 633 47 20 14
337 362 86 81 80
804 849 35 21 13
46 841 26 23 21
779 900 44 32 24
782 827 91 44 27
53 854 93 81 75
379 464 33 26 26
719 873 19 16 15
798 879 41 24 21
164 343 95 73 69
284 572 21 7 3
491 660 14 11 11
17 316 100 22 17
413 495 49 5 2
688 878 53 18 14
361 873 12 11 10
639 692 50 23 18
520 698 91 45 27
569 836 100 24 8
651 788 53 34 24
242 440 74 71 70
835 899 1 0 0
741 771 13 4 2
824 857 7 7 7
230 709 33 26 19
363 862 98 46 12
34 737 47 37 32
774 786 89 64 59
798 887 62 32 28
780 807 54 21 20
240 486 89 23 10
163 676 71 69 68
664 764 63 49 48
245 753 60 29 4
578 770 72 37 9
708 728 99 86 82
777 833 72 63 63
439 621 27 19 16
455 678 98 33 26
879 893 75 55 42
133 484 49 31 15
850 869 97 42 40
422 897 12 10 10
490 573 64 27 6
335 678 31 16 3
37 422 94 84 83
493 859 92 32 28
247 288 57 27 14
490 588 38 33 30
222 514 57 46 38
329 483 100 36 28
337 524 1 1 1
814 864 81 44 44
143 596 22 11 4
22 337 90 84 84
742 874 8 4 0
717 796 98 87 85
837 852 43 13 10
582 726 44 28 28
26 316 91 57 31
50 808 83 25 17
51 372 60 26 23
409 619 96 86 85
291 872 23 17 15
581 858 89 73 70
363 882 51 42 38
252 556 76 49 48
83 502 13 12 11
296 827 25 21 17
117 528 55 19 1
339 613 41 29 18
624 703 25 17 16
764 864 43 23 22
78 324 18 2 2
421 787 38 33 29
121 859 71 39 17
842 875 61 55 53
437 527 95 47 45
428 456 57 38 26
842 863 69 34 14
120 258 26 17 13
464 506 90 39 25
135 829 3 2 2
222 448 56 35 22
571 790 46 38 36
346 809 25 22 19
808 868 70 33 8
116 557 8 2 0
312 510 35 27 19
146 452 22 14 10
223 381 16 15 14
225 608 77 72 70
343 767 9 6 4
102 726 36 24 13
290 560 75 20 8
179 194 64 35 8
142 342 75 29 3
373 424 52 42 33
792 830 91 64 63
773 778 34 24 16
424 619 47 39 33
249 421 15 10 10
420 614 80 51 39
111 369 71 55 47
114 660 25 10 5
536 646 47 41 39
208 603 10 10 10
786 837 81 61 61
769 847 80 77 74
299 601 76 31 14
121 759 37 20 16
232 375 97 66 53
28 64 38 32 29
490 692 31 28 26
682 793 13 9 7
656 676 56 51 49
484 881 33 18 8
593 604 99 96 95
57 857 21 21 21
314 527 62 50 48
390 642 96 80 80
237 877 10 7 5
389 707 52 30 16
402 862 3 2 2
720 894 29 17 12
337 350 21 5 4
75 668 8 5 5
481 831 0 0 0
714 748 12 6 6
786 892 39 21 3
359 394 32 20 16
371 875 35 21 18
219 451 25 4 4
717 744 59 47 41
608 655 37 34 32
52 647 76 47 44
472 541 93 76 74
320 375 53 42 31
783 883 27 15 4
402 669 32 7 6
353 404 9 6 6
558 609 42 17 3
233 715 31 22 21
334 425 53 29 25
90 338 75 54 39
528 698 59 10 10
342 636 46 35 35
246 252 77 28 18
808 817 61 55 52
854 873 54 48 42
801 812 17 14 14
93 835 98 70 51
81 891 76 33 3
284 437 3 2 1
354 409 70 41 36
384 671 24 23 23
149 283 52 40 29
345 571 78 49 28
189 456 67 17 15
340 698 18 10 7
338 780 72 17 8
777 881 15 9 6
21 866 81 42 39
168 676 0 0 0
765 890 78 63 52
462 491 61 22 16
412 434 62 53 47
802 882 99 83 76
181 815 53 49 48
686 852 19 7 5
643 884 58 55 55
44 197 43 10 10
771 819 97 85 82
468 515 56 13 10
615 847 36 26 26
897 899 39 20 6
444 722 78 10 6
106 653 81 30 3
100 568 82 80 80
776 863 76 42 25
634 708 13 8 6
522 742 14 11 11
156 651 93 56 41
127 206 86 49 35
212 632 74 35 21
136 610 31 22 18
50 205 66 61 56
389 445 55 18 9
71 856 94 71 62
748 846 80 53 30
196 634 97 68 55
638 881 26 15 11
312 356 18 14 14
487 490 63 5 4
107 259 83 48 44
181 460 8 2 2
597 730 74 50 29
352 760 56 30 15
592 716 52 20 15
613 814 86 74 62
460 830 59 7 3
784 811 81 15 3
151 427 39 22 13
556 623 54 14 11
184 818 55 16 14
204 444 7 6 6
194 313 89 54 48
35 121 35 13 1
345 856 34 17 9
384 510 12 8 8
493 599 29 26 26
355 699 96 76 69
858 859 49 27 25
83 237 78 15 15
623 861 15 11 9
784 844 21 21 21
870 875 12 0 0
551 896 61 40 40
198 529 87 21 2
784 889 43 10 0
224 285 34 16 5
421 835 55 23 5
676 841 40 35 34
362 599 65 23 3
198 635 98 88 86
813 845 79 59 42
582 731 23 17 16
604 858 96 58 44
44 209 83 81 81
263 750 42 25 25
179 561 100 35 33
350 614 93 78 74
252 365 87 34 21
700 855 79 70 62
156 254 13 10 8
495 512 85 76 69
615 769 23 16 16
335 342 48 47 46
321 538 49 7 2
777 779 19 14 10
40 181 100 96 96
156 285 29 3 0
814 859 26 25 25
264 570 4 1 1
213 300 60 11 9
316 517 86 46 42
651 775 82 79 78
617 704 54 45 44
389 474 39 23 23
758 808 15 7 7
744 844 5 2 2
193 530 78 35 33
732 789 12 10 8
605 627 88 76 70
277 521 67 67 67
130 200 76 72 68
375 424 34 11 1
423 496 60 58 57
212 259 77 75 73
304 502 4 3 3
508 620 68 27 17
842 896 38 27 20
307 500 57 19 11
309 819 95 71 63
523 604 63 59 59
736 895 66 28 17
502 779 5 0 0
606 638 50 24 12
138 255 34 4 4
312 819 77 32 20
801 890 25 22 21
588 611 41 7 0
566 710 13 0 0
340 608 53 31 13
130 397 6 5 5
633 684 69 54 48
584 711 31 18 5
875 887 51 26 12
19 308 14 2 1
651 713 57 54 52
331 454 69 54 48
501 810 64 41 19
255 698 22 5 5
671 835 76 73 70
303 470 36 25 21
760 881 84 80 78
822 826 55 32 19
765 780 44 30 18
568 726 65 39 37
168 420 0 0 0
630 824 28 24 24
714 768 60 11 8
140 609 72 32 18
709 863 72 40 11
668 860 12 11 10
240 888 26 20 16
356 514 100 82 73
448 565 90 53 18
146 481 32 16 13
730 799 97 62 27
300 546 78 52 37
818 898 6 3 3
625 823 68 51 51
631 698 92 27 18
390 500 88 55 50
182 844 7 3 3
305 445 52 42 35
333 833 45 27 18
445 477 97 90 90
751 864 82 59 57
500 589 13 6 5
519 736 0 0 0
196 825 90 67 45
874 879 9 6 4
209 390 6 1 1
384 549 72 71 71
833 848 47 35 33
300 739 38 34 32
776 817 66 31 8
65 882 44 4 4
808 898 51 23 3
361 428 26 4 3
873 884 27 2 0
385 712 85 49 36
568 878 32 23 20
212 614 50 41 39
897 898 11 4 4
523 853 81 56 38
606 629 12 4 4
169 459 66 21 10
815 820 63 29 17
118 768 69 41 18
821 890 15 4 3
389 405 14 7 2
393 783 28 3 1
42 709 1 1 1
251 540 74 31 29
596 779 58 24 3
340 575 13 5 0
396 629 37 26 20
522 653 44 13 4
73 248 9 6 3
219 742 92 60 58
221 253 48 16 11
376 835 92 63 54
576 756 20 8 5
371 583 11 4 3
183 251 43 23 20
140 244 60 49 46
473 793 25 11 7
585 662 35 35 35
38 879 32 25 21
740 786 8 6 5
520 737 97 81 72
823 853 24 9 9
245 530 43 5 1
868 879 74 46 46
280 700 24 13 3
119 625 32 10 0
175 656 84 40 35
6 89 97 58 25
839 878 28 26 24
44 282 72 44 24
862 900 83 73 68
322 430 23 21 20
592 642 36 13 13
236 306 2 1 1
105 461 14 7 7
231 437 51 24 17
380 652 89 60 35
629 770 93 87 87
87 559 54 46 43
435 529 47 29 17
768 891 5 4 4
508 545 83 82 82
767 865 77 48 48
587 825 96 15 10
305 745 45 29 27
485 602 28 19 15
466 704 76 35 1
590 713 95 49 18
179 591 29 27 27
72 114 45 29 23
542 699 52 31 11
94 328 29 13 0
110 807 64 22 20
550 665 11 4 0
253 714 59 45 34
206 406 5 1 1
271 406 40 23 23
419 650 35 29 28
228 629 82 17 3
711 892 39 25 13
618 742 36 22 15
851 885 41 15 2
369 515 69 8 5
294 382 54 28 19
800 803 69 60 58
167 540 65 34 23
826 884 78 74 70
375 580 47 22 1
98 283 84 69 55
641 756 34 31 31
389 459 66 47 41
533 536 83 63 46
510 689 98 76 74
285 804 94 72 62
619 899 64 43 37
587 713 18 9 6
238 641 94 35 3
628 658 46 20 18
207 727 12 5 0
17 255 29 13 11
353 525 14 13 12
142 337 53 26 9
338 833 84 39 1
865 893 32 9 4
881 895 27 18 18
739 762 22 10 8
447 729 37 36 35
52 731 25 15 11
175 739 96 54 23
533 624 27 22 18
742 869 36 6 2
226 545 59 54 49
612 621 21 11 9
427 764 60 42 40
893 900 51 44 38
382 449 38 37 37
51 447 29 20 11
550 710 77 31 28
523 884 71 42 23
724 835 56 50 50
857 860 49 21 20
44 94 79 57 45
110 543 68 58 55
285 876 6 5 4
637 780 89 59 47
488 772 14 14 14
543 582 3 0 0
547 727 98 53 32
596 860 3 1 0
663 670 100 70 54
85 850 31 20 18
831 844 25 22 19
238 579 26 18 17
608 794 34 15 9
43 174 13 5 5
257 383 24 20 20
66 246 34 12 5
427 859 67 26 9
56 747 83 74 66
239 274 54 26 13
745 756 75 56 54
466 590 65 17 17
804 826 99 78 59
81 501 73 30 13
650 793 16 10 9
186 888 63 60 58
322 363 49 35 33
549 788 95 49 32
490 610 35 9 9
66 405 58 19 1
131 238 33 25 18
139 522 99 39 27
598 848 95 65 47
436 726 45 38 38
792 861 82 73 71
697 713 5 2 2
15 211 30 29 29
681 802 81 44 35
639 747 16 4 2
259 432 99 71 70
724 735 72 32 28
360 627 14 12 11
1 232 80 45 20
59 349 75 46 34
605 642 2 1 1
225 737 99 98 98
14 703 76 41 35
493 631 83 35 6
402 783 67 43 29
580 744 75 39 19
235 764 77 40 14
430 527 4 3 2
352 721 27 18 15
644 828 21 8 2
411 776 49 29 14
626 832 91 49 43
179 772 37 26 15
276 623 68 20 16
574 758 93 27 13
2 663 6 4 2
211 694 44 5 5
823 879 86 41 3
17 656 19 15 15
700 782 50 28 27
73 458 0 0 0
845 848 92 66 66
10 616 65 39 15
35 317 68 61 59
884 899 37 7 4
184 262 5 5 5
607 735 5 2 0
416 590 68 44 29
192 703 12 5 1
748 843 80 76 74
234 462 12 8 8
591 664 51 31 25
546 647 20 7 7
716 767 11 8 8
114 836 99 81 81
815 832 8 3 2
314 367 12 6 5
798 888 27 8 4
180 184 23 19 18
423 481 63 20 9
668 812 41 31 26
215 349 91 11 0
533 843 61 37 13
595 657 64 24 13
28 278 82 76 76
498 829 39 22 13
679 726 61 36 29
224 486 15 2 0
631 756 37 32 30
695 807 89 89 89
606 611 10 6 2
601 678 31 29 28
393 633 64 32 20
21 66 51 28 28
585 789 39 20 16
607 734 54 23 17
858 876 91 47 23
403 588 31 30 29
886 890 34 9 8
74 632 51 30 19
767 853 18 2 2
464 809 34 34 34
879 880 99 79 74
258 398 89 52 32
706 775 85 34 34
575 611 26 7 4
618 853 21 18 18
499 636 13 12 12
27 331 60 36 34
339 709 33 20 17
725 781 15 10 5
301 452 44 30 20
666 771 59 47 46
175 655 24 7 5
38 741 65 38 20
380 693 82 76 76
297 777 75 55 44
9 233 73 30 24
709 889 61 31 16
660 782 62 20 7
274 787 85 33 3
651 759 78 31 20
12 342 28 10 0
743 800 70 53 53
44 628 49 38 28
425 765 47 27 23
185 751 53 53 53
551 890 4 3 3
851 875 39 7 6
634 815 94 69 64
818 846 60 50 49
425 451 93 92 92
787 862 43 23 13
237 407 92 92 92
1 396 99 78 70
527 715 48 26 9
414 806 50 22 15
499 545 37 26 16
709 815 67 33 25
556 661 95 73 71
215 592 98 4 4
610 678 66 66 66
685 793 80 10 7
410 493 24 23 22
4 468 80 12 10
27 94 76 74 74
471 856 28 27 26
33 621 15 13 13
537 599 32 24 21
138 769 31 3 1
551 722 67 64 64
437 797 82 59 56
809 847 76 40 13
186 361 25 17 17
650 837 75 35 32
146 764 96 69 62
358 585 29 20 12
570 759 91 62 58
502 558 84 84 84
636 738 57 17 12
399 753 72 63 59
250 283 9 2 0
2 608 47 27 23
844 882 75 22 14
836 879 60 12 11
9 394 27 24 23
146 443 86 56 30
18 87 71 57 43
649 888 100 82 81
342 755 70 37 35
521 599 77 33 14
438 830 11 7 5
867 877 7 3 1
358 565 93 71 67
360 809 76 59 42
66 156 83 25 7
185 408 78 73 72
645 677 72 56 55
343 508 43 20 12
698 789 9 7 7
74 501 8 0 0
15 838 46 23 15
413 522 58 49 44
519 550 18 18 18
661 810 54 39 38
605 819 82 20 0
368 520 73 62 55
307 803 62 48 45
648 703 2 1 1
297 378 38 23 17
198 839 98 40 7
669 712 71 66 66
688 883 10 10 10
321 878 66 31 21
292 746 25 18 11
481 532 64 38 29
234 552 94 65 61
158 566 91 60 56
344 539 64 28 28
225 703 88 11 9
181 737 33 28 27
437 824 67 61 56
854 890 42 20 15
565 702 85 83 83
746 766 6 4 3
314 473 16 5 1
380 707 79 38 27
75 774 28 23 21
107 340 4 3 2
804 854 86 75 71
442 473 82 69 68
531 721 93 30 30
536 745 89 64 64
802 815 77 40 14
422 712 75 75 75
305 328 79 20 9
771 799 9 4 3
213 405 67 14 10
546 809 62 41 38
638 740 4 0 0
264 327 46 37 32
18 887 32 27 25
882 895 23 11 2
495 671 67 18 2
258 529 45 32 27
425 769 84 44 22
774 824 35 21 10
439 627 76 55 38
77 814 47 43 42
724 814 11 10 10
219 538 28 16 13
614 835 66 42 31
575 617 85 34 5
368 484 82 72 70
52 663 25 25 25
190 509 81 44 28
437 853 93 20 9
803 806 21 13 11
304 460 32 30 28
849 881 35 10 1
68 467 73 46 31
600 648 50 46 42
464 679 1 1 1
627 791 72 49 30
800 858 96 16 4
717 863 31 24 19
343 900 66 54 53
342 476 54 27 5
478 762 17 0 0
240 284 47 21 15
256 676 85 20 13
397 594 57 48 48
59 854 41 36 35
508 703 13 11 10
580 685 45 20 17
503 613 96 28 2
713 838 53 43 41
332 518 4 4 4
398 641 27 3 3
450 739 49 32 24
423 441 29 19 19
123 131 61 21 18
629 810 83 27 22
94 448 92 31 20
193 897 84 77 76
564 862 59 35 35
249 822 21 18 16
127 608 62 40 35
317 456 4 3 2
194 264 30 28 28
21 82 9 6 6
462 578 67 24 21
148 740 81 13 1
805 892 90 48 29
664 890 61 60 59
139 545 64 56 52
21 197 97 39 30
356 515 10 6 5
3 252 41 25 16
331 345 10 5 3
837 848 90 47 32
342 838 85 41 19
453 804 39 38 37
136 591 22 10 4
806 855 79 26 8
511 712 62 18 14
5 542 52 51 51
731 767 19 18 17
835 884 89 61 43
320 602 16 2 2
265 833 15 13 11
258 808 64 41 36
329 437 39 31 29
238 817 28 28 28
383 645 77 31 21
636 872 30 24 24
61 232 3 2 1
749 779 57 39 32
661 684 15 13 11
603 750 1 0 0
402 801 42 26 11
422 884 13 10 10
662 685 93 72 55
758 814 78 16 6
2 145 8 5 2
159 302 50 21 0
879 898 44 25 17
320 811 74 25 12
367 696 76 67 64
542 684 1 0 0
760 838 68 63 62
579 888 2 0 0
749 810 34 23 23
767 875 38 18 1
782 816 96 96 96
295 758 35 25 15
529 848 87 80 80
756 890 17 17 17
552 823 1 1 1
617 760 92 90 88
838 877 21 11 4
499 603 20 13 10
658 814 21 10 8
702 765 10 5 4
543 719 63 26 15
211 301 1 1 1
805 841 1 1 1
324 639 79 52 31
142 147 63 40 22
356 372 10 3 1
636 759 11 1 1
369 669 25 17 14
709 763 40 22 8
187 356 85 67 63
409 731 100 98 96
143 393 76 23 5
388 565 30 6 4
60 400 80 24 2
491 664 7 5 5
740 775 36 28 25
202 737 46 19 15
307 478 49 33 23
422 806 92 49 38
689 763 82 35 14
242 834 63 58 56
481 874 35 24 24
651 871 7 3 2
77 880 65 33 24
380 646 3 2 2
387 861 43 37 37
86 744 54 40 27
3 671 43 21 0
317 807 27 4 1
102 661 33 18 13
612 856 9 5 4
215 354 15 7 1
500 653 60 2 0
306 377 71 70 69
19 860 77 51 44
805 866 26 4 3
196 537 25 24 24
319 895 88 82 80
228 491 50 45 42
609 736 91 14 5
300 537 93 72 69
695 777 20 12 7
198 395 25 7 0
444 839 23 18 16
707 753 77 66 62
191 291 96 91 88
80 837 53 28 28
435 686 53 34 21
282 285 88 76 70
760 844 4 3 3
892 898 18 9 5
105 636 76 55 34
49 838 49 30 30
459 486 75 58 58
297 373 77 62 53
233 607 20 15 13
372 797 33 27 24
427 607 62 16 15
80 519 26 24 24
90 251 81 26 22
578 621 23 12 3
147 654 80 41 8
338 753 40 39 39
843 852 95 25 20
8 276 59 12 6
715 724 7 5 5
31 544 4 4 4
511 728 94 46 42
95 167 59 33 18
114 893 33 18 18
514 746 72 49 40
651 820 50 12 0
802 852 68 42 27
401 802 53 23 9
549 879 78 48 37
884 898 98 58 27
155 575 63 21 14
85 757 95 84 75
783 841 93 83 82
277 860 63 34 14
573 662 71 48 46
472 885 93 36 14
212 368 9 5 2
688 753 7 0 0
227 827 45 12 12
568 578 52 4 1
735 803 37 14 2
120 311 97 95 95
450 533 84 53 35
489 850 38 34 33
52 259 0 0 0
646 685 62 30 0
531 751 37 18 17
112 643 19 9 8
270 512 13 6 3
484 494 47 24 24
768 838 68 68 68
354 827 83 76 75
682 756 8 6 5
696 711 38 21 20
237 871 8 4 4
264 838 77 31 4
801 869 47 41 41
569 612 59 25 17
189 365 42 36 35
337 518 10 10 10
696 841 2 2 2
132 371 5 4 4
860 889 70 38 14
784 827 1 1 1
758 784 41 26 26
877 890 72 67 65
824 846 15 8 7
9 605 9 8 7
887 894 86 45 9
562 815 18 16 16
412 629 45 18 3
559 720 31 10 3
540 722 88 50 50
106 357 94 63 34
759 784 39 39 39
548 564 66 39 35
325 604 15 3 3
783 864 53 29 12
17 395 50 47 46
793 890 29 1 1
860 890 80 71 66
729 769 42 15 7
389 822 93 91 91
772 890 54 41 33
168 406 92 74 65
400 496 1 0 0
73 517 34 27 21
272 475 33 31 30
520 635 86 56 32
94 530 55 20 1
222 897 60 48 45
849 889 97 74 57
65 79 80 67 65
1 89
2 29
3 45
4 98
5 12
6 78
7 40
8 51
9 89
10 137
11 103
12 38
13 61
14 71
15 63
16 78
17 121
18 116
19 48
20 21
21 123
22 81
23 73
24 125
25 0
26 30
27 17
28 71
29 0
30 51
31 5
32 59
33 11
34 67
35 21
36 23
37 29
38 31
39 61
40 23
41 97
42 19
43 67
44 121
45 39
46 31
47 14
48 50
49 28
50 52
51 59
52 30
53 19
54 32
55 74
56 55
57 58
58 26
59 71
60 47
61 50
62 46
63 20
64 19
65 65
66 136
67 18
68 52
69 28
70 51
71 55
72 60
73 47
74 102
75 69
76 86
77 27
78 51
79 35
80 22
81 160
82 59
83 64
84 0
85 100
86 104
87 112
88 17
89 66
90 51
91 6
92 55
93 89
94 141
95 90
96 17
97 93
98 90
99 132
100 20
101 41
102 60
103 91
104 91
105 141
106 69
107 124
108 65
109 13
110 50
111 55
112 81
113 89
114 125
115 134
116 47
117 42
118 78
119 138
120 14
121 100
122 89
123 68
124 8
125 51
126 61
127 124
128 69
129 1
130 62
131 63
132 122
133 128
134 12
135 95
136 74
137 24
138 46
139 114
140 164
141 3
142 144
143 54
144 42
145 84
146 152
147 57
148 55
149 49
150 22
151 92
152 38
153 2
154 0
155 54
156 87
157 72
158 148
159 137
160 17
161 36
162 44
163 8
164 58
165 50
166 66
167 53
168 31
169 34
170 18
171 33
172 29
173 26
174 37
175 128
176 108
177 29
178 84
179 150
180 60
181 83
182 62
183 67
184 128
185 174
186 137
187 59
188 108
189 61
190 117
191 54
192 29
193 71
194 141
195 60
196 115
197 136
198 187
199 57
200 27
201 60
202 72
203 62
204 10
205 33
206 111
207 74
208 62
209 10
210 79
211 99
212 64
213 133
214 118
215 122
216 44
217 73
218 61
219 146
220 37
221 101
222 76
223 46
224 117
225 167
226 47
227 15
228 76
229 39
230 96
231 152
232 109
233 164
234 116
235 52
236 74
237 60
238 141
239 77
240 81
241 6
242 80
243 68
244 51
245 96
246 98
247 123
248 92
249 110
250 55
251 99
252 105
253 71
254 50
255 69
256 67
257 107
258 86
259 31
260 25
261 120
262 86
263 18
264 190
265 125
266 93
267 48
268 54
269 29
270 57
271 31
272 104
273 64
274 95
275 15
276 154
277 100
278 122
279 48
280 115
281 7
282 57
283 75
284 82
285 81
286 83
287 67
288 77
289 98
290 100
291 34
292 66
293 51
294 97
295 34
296 61
297 111
298 167
299 48
300 61
301 165
302 96
303 64
304 103
305 203
306 73
307 56
308 28
309 53
310 104
311 37
312 71
313 103
314 45
315 7
316 145
317 84
318 63
319 114
320 99
321 69
322 29
323 147
324 87
325 51
326 36
327 38
328 115
329 82
330 55
331 103
332 50
333 84
334 57
335 105
336 34
337 106
338 104
339 38
340 114
341 32
342 224
343 124
344 162
345 93
346 93
347 73
348 52
349 91
350 109
351 118
352 26
353 71
354 152
355 23
356 73
357 124
358 57
359 75
360 87
361 89
362 108
363 82
364 69
365 90
366 36
367 70
368 74
369 163
370 47
371 212
372 96
373 95
374 48
375 125
376 146
377 4
378 56
379 69
380 130
381 72
382 52
383 105
384 133
385 54
386 4
387 105
388 75
389 108
390 132
391 76
392 74
393 116
394 56
395 43
396 86
397 28
398 70
399 108
400 82
401 64
402 147
403 85
404 94
405 180
406 55
407 88
408 47
409 59
410 82
411 184
412 127
413 126
414 25
415 63
416 47
417 64
418 93
419 46
420 78
421 43
422 97
423 104
424 98
425 127
426 76
427 122
428 67
429 119
430 160
431 61
432 98
433 113
434 179
435 171
436 49
437 179
438 113
439 167
440 72
441 120
442 216
443 111
444 115
445 135
446 126
447 98
448 122
449 56
450 178
451 94
452 61
453 71
454 51
455 69
456 117
457 17
458 54
459 115
460 50
461 81
462 119
463 95
464 138
465 65
466 150
467 127
468 124
469 79
470 56
471 100
472 83
473 104
474 48
475 60
476 66
477 73
478 99
479 34
480 94
481 179
482 115
483 155
484 127
485 59
486 136
487 79
488 83
489 145
490 136
491 89
492 186
493 196
494 169
495 79
496 93
497 27
498 40
499 77
500 104
501 121
502 74
503 98
504 97
505 103
506 215
507 133
508 75
509 79
510 127
511 119
512 126
513 66
514 102
515 119
516 83
517 122
518 37
519 133
520 160
521 68
522 105
523 139
524 68
525 50
526 88
527 89
528 193
529 170
530 75
531 213
532 172
533 158
534 69
535 98
536 180
537 94
538 60
539 101
540 191
541 63
542 70
543 249
544 84
545 83
546 83
547 107
548 162
549 205
550 83
551 224
552 46
553 34
554 47
555 66
556 154
557 73
558 72
559 106
560 128
561 108
562 18
563 75
564 93
565 204
566 35
567 38
568 134
569 131
570 137
571 169
572 51
573 77
574 86
575 166
576 79
577 175
578 208
579 82
580 148
581 181
582 112
583 55
584 101
585 62
586 101
587 159
588 201
589 39
590 190
591 224
592 148
593 72
594 150
595 99
596 118
597 77
598 186
599 164
600 105
601 70
602 71
603 166
604 91
605 80
606 177
607 123
608 138
609 225
610 125
611 133
612 134
613 213
614 186
615 157
616 96
617 106
618 78
619 88
620 135
621 150
622 94
623 122
624 96
625 127
626 80
627 92
628 116
629 257
630 45
631 305
632 100
633 170
634 69
635 88
636 177
637 62
638 194
639 117
640 56
641 139
642 100
643 92
644 155
645 147
646 100
647 87
648 55
649 82
650 212
651 180
652 44
653 147
654 123
655 184
656 129
657 102
658 110
659 131
660 170
661 59
662 90
663 94
664 127
665 80
666 83
667 130
668 49
669 100
670 128
671 253
672 163
673 46
674 39
675 129
676 141
677 36
678 89
679 90
680 71
681 135
682 67
683 117
684 100
685 214
686 150
687 91
688 50
689 135
690 20
691 109
692 144
693 132
694 240
695 73
696 64
697 97
698 192
699 149
700 108
701 177
702 101
703 219
704 220
705 89
706 167
707 129
708 80
709 185
710 122
711 254
712 108
713 201
714 123
715 126
716 178
717 145
718 166
719 263
720 107
721 114
722 215
723 64
724 217
725 71
726 181
727 70
728 140
729 209
730 213
731 106
732 147
733 180
734 122
735 161
736 178
737 105
738 76
739 161
740 332
741 89
742 140
743 242
744 159
745 124
746 156
747 124
748 221
749 155
750 123
751 140
752 51
753 205
754 104
755 119
756 91
757 168
758 178
759 211
760 117
761 62
762 208
763 142
764 183
765 150
766 82
767 150
768 169
769 122
770 146
771 100
772 168
773 117
774 157
775 129
776 177
777 163
778 136
779 225
780 236
781 91
782 240
783 165
784 218
785 114
786 139
787 114
788 212
789 137
790 281
791 267
792 158
793 185
794 180
795 114
796 100
797 79
798 101
799 144
800 161
801 110
802 270
803 158
804 140
805 144
806 157
807 150
808 235
809 159
810 240
811 251
812 185
813 231
814 271
815 216
816 169
817 261
818 141
819 250
820 239
821 158
822 167
823 329
824 119
825 124
826 125
827 237
828 187
829 129
830 308
831 164
832 145
833 267
834 107
835 190
836 247
837 252
838 378
839 142
840 138
841 131
842 239
843 165
844 238
845 166
846 228
847 114
848 248
849 214
850 220
851 308
852 190
853 221
854 254
855 204
856 180
857 239
858 204
859 325
860 292
861 189
862 312
863 256
864 403
865 121
866 95
867 240
868 284
869 191
870 87
871 168
872 288
873 184
874 207
875 293
876 257
877 218
878 355
879 344
880 324
881 203
882 188
883 136
884 241
885 182
886 133
887 281
888 267
889 393
890 247
891 330
892 295
893 344
894 349
895 198
896 205
897 223
898 270
899 265
900 201
