50 100
29 36 13 13 13
46 48 9 8 8
6 39 31 15 12
25 46 43 27 21
39 47 68 59 53
30 36 40 29 23
36 41 16 15 15
14 30 37 26 25
12 13 60 14 10
27 48 17 17 17
17 44 4 4 4
40 44 43 4 3
41 42 62 51 49
49 50 60 37 36
16 17 54 27 22
7 20 77 69 68
16 33 86 67 56
36 47 52 46 44
36 50 60 19 9
33 40 73 30 29
9 42 88 46 40
43 49 14 12 12
26 37 95 5 1
10 44 44 28 14
35 45 75 58 42
13 22 19 16 16
7 30 9 5 4
24 45 67 20 4
23 30 4 4 4
45 46 59 36 35
15 44 54 16 9
32 47 98 89 88
15 24 79 46 42
27 28 0 0 0
2 12 20 16 15
41 46 7 5 4
9 37 58 14 14
10 32 69 16 14
9 19 39 26 25
26 40 42 7 4
17 46 38 24 12
21 22 33 29 25
36 46 2 2 2
5 49 45 6 4
40 49 46 25 16
20 36 24 24 24
30 33 11 8 5
9 31 47 22 1
5 40 44 14 8
35 48 73 61 58
20 30 48 19 16
35 50 98 98 98
17 45 98 39 14
15 50 48 36 32
37 44 27 16 12
13 44 11 10 10
38 43 25 9 0
38 45 6 3 1
5 10 48 40 32
44 47 36 8 8
13 24 90 30 17
11 15 87 67 51
3 29 51 17 17
28 29 8 7 7
22 32 74 28 10
48 50 95 24 14
28 44 24 11 5
27 33 10 2 2
1 27 0 0 0
13 41 23 21 19
23 43 46 26 25
25 45 29 20 20
21 27 46 33 33
35 42 70 41 37
45 49 35 34 33
15 19 41 22 9
18 43 33 22 20
39 42 24 24 24
39 48 70 27 12
25 50 25 6 1
27 38 59 58 58
30 38 55 30 15
2 38 67 19 12
41 49 60 54 53
37 40 61 6 2
14 39 59 53 47
42 44 38 29 27
31 35 31 21 20
7 38 82 20 10
38 40 26 12 11
5 48 28 15 6
6 23 42 42 42
19 47 82 38 0
35 49 25 16 9
35 43 92 80 79
11 18 67 5 5
8 46 89 79 70
36 42 65 65 65
30 37 1 0 0
48 49 53 36 22
1 0
2 29
3 18
4 0
5 61
6 9
7 47
8 9
9 78
10 52
11 48
12 28
13 72
14 12
15 82
16 29
17 71
18 35
19 65
20 19
21 10
22 35
23 8
24 90
25 25
26 70
27 10
28 9
29 20
30 57
31 28
32 67
33 46
34 0
35 59
36 38
37 106
38 104
39 48
40 126
41 14
42 51
43 37
44 93
45 107
46 49
47 68
48 99
49 73
50 95
